      0.0000000      15.1486116      13.2934213      21.0135186       6.9862710      19.2078543      21.6915547      34.2476988      15.1919800       8.4750482    5918.0738959    5908.7514027    5918.2951749    5921.4287691    5915.4407447    5916.8619843    5893.6039348    5918.2216686    5903.9653571    5914.7337268    6816.6463837    6830.5309740    6838.7100554    6844.4281913    6832.1219203    6824.7921781    6827.4145337    6828.1889672    6837.3679654    6835.4227254    4384.9489504    4404.2278306    4415.7496636    4395.5458252    4419.3581806    4398.4210220    4396.1447220    4406.7094213    4399.3631883    4401.7730330    1817.8806674    1809.4451433    1817.5553753    1827.6007444    1819.5296520    1820.7903942    1814.6378266    1809.1989562    1814.4275904    1820.4795779
     15.1486116       0.0000000      21.4137703       6.5544333      11.7778238       7.9783290       8.7702060      19.8970549       9.5113981       7.2606974    5911.6172922    5902.2683843    5911.8204290    5914.9614420    5908.9600366    5910.3699344    5887.1490810    5911.7631467    5897.4554049    5908.2750763    6815.6715734    6829.5677830    6837.7590268    6843.4478785    6831.1523148    6823.8408417    6826.4523491    6827.2024162    6836.4207818    6834.4730965    4381.7986272    4401.1593663    4412.5615847    4392.3790647    4416.2471107    4395.2417698    4392.9819971    4403.5508262    4396.2054647    4398.6208065    1821.2410697    1812.8622805    1821.0681676    1830.9947181    1822.9810215    1824.1803504    1817.9991737    1812.5691211    1817.8725426    1823.8078684
     13.2934213      21.4137703       0.0000000      24.4822292      10.1483258      20.1730013      30.0021925      41.0350170      26.2321900      14.8644412    5906.8996401    5897.5910795    5907.1304682    5910.2601474    5904.2791881    5905.7064129    5882.4288121    5907.0484210    5892.8192862    5903.5605543    6803.6076218    6817.4902170    6825.6672217    6831.3903599    6819.0822591    6811.7494035    6814.3736064    6815.1522165    6824.3244788    6822.3796553    4372.4256207    4391.6800050    4403.2376823    4383.0274317    4406.8229978    4385.9064023    4383.6251079    4394.1885370    4386.8420574    4389.2502393    1804.6405684    1796.2097131    1804.3283307    1814.3634207    1806.2971752    1807.5527205    1801.3977961    1795.9596284    1801.1945459    1807.2369196
     21.0135186       6.5544333      24.4822292       0.0000000      16.2262196       5.1608057      10.3334045      17.1544766      15.1134509      12.5944488    5906.1359464    5896.7801196    5906.3343237    5909.4772793    5903.4723712    5904.8792972    5881.6682164    5906.2812972    5891.9600956    5902.7931961    6811.8925493    6825.7928611    6833.9884086    6839.6668720    6827.3751172    6820.0701307    6822.6777877    6823.4192189    6832.6515293    6830.7029787    4377.2884778    4396.6755205    4408.0392438    4387.8636114    4411.7495006    4390.7223013    4388.4678378    4399.0379676    4391.6929035    4394.1100051    1819.1657966    1810.8110704    1819.0572009    1828.9333880    1820.9440545    1822.1174614    1815.9243621    1810.4981280    1815.8329675    1821.7190418
      6.9862710      11.7778238      10.1483258      16.2262196       0.0000000      13.2493430      20.0574050      31.6714207      16.1911908       4.7690741    5911.3572270    5902.0310366    5911.5759665    5914.7105989    5908.7207030    5910.1403627    5886.8875034    5911.5047308    5897.2412451    5908.0167698    6811.1052002    6824.9930703    6833.1755850    6838.8854726    6826.5822101    6819.2576140    6821.8769121    6822.6444854    6831.8345792    6829.8886483    4378.8490850    4398.1468886    4409.6411653    4389.4421943    4413.2673942    4392.3145287    4390.0420182    4400.6076767    4393.2616365    4395.6727469    1813.7670278    1805.3532114    1813.5003992    1823.5000544    1815.4509753    1816.6881093    1810.5245236    1805.0889896    1810.3464017    1816.3536702
     19.2078543       7.9783290      20.1730013       5.1608057      13.2493430       0.0000000      14.7635992      22.2539366      17.4896838      10.9069957    5903.6965596    5894.3495124    5903.9009721    5907.0414622    5901.0410017    5902.4517078    5879.2282218    5903.8425483    5889.5384633    5900.3544862    6807.9529729    6821.8507325    6830.0436059    6835.7285328    6823.4344047    6816.1253846    6818.7354347    6819.4822446    6828.7058786    6826.7578651    4373.8696635    4393.2354153    4404.6303746    4384.4491177    4408.3205120    4387.3110839    4385.0522895    4395.6213606    4388.2760536    4390.6917229    1814.4305530    1806.0678991    1814.3009813    1824.1935597    1816.1962485    1817.3781370    1811.1889617    1805.7614590    1811.0860039    1816.9882965
     21.6915547       8.7702060      30.0021925      10.3334045      20.0574050      14.7635992       0.0000000      12.7350236       8.6312237      15.3016267    5915.5619303    5906.1979290    5915.7546876    5918.8999390    5912.8908883    5914.2942846    5891.0947787    5915.7066877    5901.3695189    5912.2185522    6822.2147881    6836.1154641    6844.3113871    6849.9889316    6837.6975186    6830.3931016    6833.0004226    6833.7410801    6842.9746257    6841.0260006    4387.4349129    4406.8325822    4418.1806158    4398.0078545    4421.9010384    4400.8648768    4398.6126160    4409.1832793    4401.8383405    4404.2561662    1829.1869903    1820.8224482    1829.0518898    1838.9489313    1830.9495794    1832.1336307    1825.9453645    1820.5175756    1825.8395631    1831.7457009
     34.2476988      19.8970549      41.0350170      17.1544766      31.6714207      22.2539366      12.7350236       0.0000000      21.0268948      27.1092933    5911.5016320    5902.1144231    5911.6784030    5914.8301690    5908.8093704    5910.2027613    5887.0361978    5911.6446984    5897.2623090    5908.1564745    6822.8616117    6836.7719788    6844.9780795    6850.6309805    6838.3486335    6831.0596101    6833.6577999    6834.3779724    6843.6445565    6841.6938869    4386.2584456    4405.7258292    4416.9714460    4396.8171881    4420.7576703    4399.6634883    4397.4253928    4407.9994463    4400.6553510    4403.0778453    1833.4982941    1825.1799830    1833.4859452    1843.2866970    1835.3340674    1836.4685729    1830.2576289    1824.8372814    1830.2191943    1836.0309607
     15.1919800       9.5113981      26.2321900      15.1134509      16.1911908      17.4896838       8.6312237      21.0268948       0.0000000      11.8622243    5921.0550496    5911.7038491    5921.2566140    5924.3982713    5918.3957019    5919.8046039    5896.5869952    5921.2007387    5906.8884926    5917.7126580    6824.8847574    6838.7791536    6846.9684915    6852.6619304    6840.3646901    6833.0503503    6835.6635610    6836.4174353    6845.6296416    6843.6823402    4391.2560191    4410.6110373    4422.0215346    4401.8375766    4425.7018035    4404.7011235    4402.4402363    4413.0087891    4405.6633657    4408.0783343    1829.3945050    1820.9968337    1829.1707409    1839.1371040    1831.1042271    1832.3240202    1826.1522731    1820.7192640    1825.9978558    1831.9719147
      8.4750482       7.2606974      14.8644412      12.5944488       4.7690741      10.9069957      15.3016267      27.1092933      11.8622243       0.0000000    5912.6529339    5903.3178827    5912.8655913    5916.0027127    5910.0083267    5911.4241802    5888.1837881    5912.7997949    5898.5190446    5909.3117896    6813.9963120    6827.8870995    6836.0726653    6841.7752062    6829.4746301    6822.1546156    6824.7711934    6825.5326504    6834.7326232    6832.7860791    4381.1604620    4400.4812881    4411.9419073    4391.7489427    4415.5898336    4394.6177547    4392.3499047    4402.9167317    4395.5709341    4397.9835947    1817.6166851    1809.2136780    1817.3789879    1827.3561174    1819.3179448    1820.5434052    1814.3743606    1808.9405084    1814.2121526    1820.1971880
   5918.0738959    5911.6172922    5906.8996401    5906.1359464    5911.3572270    5903.6965596    5915.5619303    5911.5016320    5921.0550496    5912.6529339       0.0000000      14.7327750       7.8360581       5.7150373      10.7369304      15.3564469      24.4807080       0.8408902      27.0134637       3.4559625    2538.2565081    2549.9554542    2558.9202744    2550.6324069    2548.3115969    2551.5417502    2548.7198068    2539.7240394    2559.7006581    2557.7404429    1928.8830357    1932.4615616    1899.1125779    1917.9231984    1912.8420957    1913.2780981    1918.3365207    1911.7013991    1917.0919065    1916.5315047    4620.0333201    4630.6986035    4635.0858081    4617.3461592    4627.8762274    4621.1185377    4622.1178229    4626.3131558    4630.3560443    4615.3244424
   5908.7514027    5902.2683843    5897.5910795    5896.7801196    5902.0310366    5894.3495124    5906.1979290    5902.1144231    5911.7038491    5903.3178827      14.7327750       0.0000000      10.1936959      14.3804310       6.7643810       8.9949905      19.3927869      14.2002248      12.5704985      12.1007258    2551.0605713    2562.7855104    2571.7618888    2563.5072122    2561.1497755    2564.3499877    2561.5416527    2552.5640434    2572.5364897    2570.5732334    1926.8746031    1930.6862401    1897.2093793    1915.9451776    1911.0823630    1911.2954298    1916.3681903    1909.7967068    1915.1489114    1914.6103167    4613.7494137    4624.4078356    4628.8342872    4611.0918334    4621.6159417    4614.8477459    4615.8267344    4620.0116154    4624.0826852    4609.0394035
   5918.2951749    5911.8204290    5907.1304682    5906.3343237    5911.5759665    5903.9009721    5915.7546876    5911.6784030    5921.2566140    5912.8655913       7.8360581      10.1936959       0.0000000       4.4847457       3.8463107       7.6128324      26.1270704       7.0055972      20.8994511       7.8036899    2545.9448151    2557.6382755    2566.6006093    2558.3054874    2555.9926819    2559.2291735    2556.4043727    2547.4047411    2567.3822349    2565.4226725    1933.1435220    1936.8262897    1903.4200580    1922.1972767    1917.2136063    1917.5500554    1922.6149532    1916.0083026    1921.3816955    1920.8310600    4622.1415560    4632.8029669    4637.2123682    4619.4711168    4629.9978283    4623.2341929    4624.2219960    4628.4114148    4632.4702572    4617.4320326
   5921.4287691    5914.9614420    5910.2601474    5909.4772793    5914.7105989    5907.0414622    5918.8999390    5914.8301690    5924.3982713    5916.0027127       5.7150373      14.3804310       4.4847457       0.0000000       8.3269337      11.6215345      28.3331132       4.9715051      25.3836912       7.6678977    2542.2651720    2553.9494511    2562.9076898    2554.6008810    2552.3009997    2555.5480277    2552.7184433    2543.7124373    2563.6913513    2561.7328654    1934.1520922    1937.7652088    1904.3973088    1923.1968056    1918.1479346    1918.5509879    1923.6115874    1916.9859549    1922.3707687    1921.8136223    4624.4066031    4635.0700023    4639.4680169    4621.7275827    4632.2560214    4625.4954354    4626.4891260    4630.6815755    4634.7322427    4619.6974092
   5915.4407447    5908.9600366    5904.2791881    5903.4723712    5908.7207030    5901.0410017    5912.8908883    5908.8093704    5918.3957019    5910.0083267      10.7369304       6.7643810       3.8463107       8.3269337       0.0000000       5.0992348      24.5017786       9.9769592      17.0680817       9.5454234    2548.9580075    2560.6600094    2569.6261517    2561.3419346    2559.0170805    2562.2437531    2559.4234106    2550.4297268    2570.4058790    2568.4453153    1932.0515752    1935.7931736    1902.3546850    1921.1130091    1916.1844500    1916.4646211    1921.5331287    1914.9425388    1920.3062623    1919.7611287    4619.9958979    4630.6556627    4635.0744576    4617.3325411    4627.8578217    4621.0916736    4622.0746183    4626.2615343    4630.3271199    4615.2861052
   5916.8619843    5910.3699344    5905.7064129    5904.8792972    5910.1403627    5902.4517078    5914.2942846    5910.2027613    5919.8046039    5911.4241802      15.3564469       8.9949905       7.6128324      11.6215345       5.0992348       0.0000000      28.2312604      14.5447166      15.0429053      14.5734609    2553.5553276    2565.2494120    2574.2119935    2565.9174740    2563.6039934    2566.8397941    2564.0153226    2555.0160898    2574.9934981    2573.0338700    1935.8214887    1939.6172035    1906.1492956    1924.8900927    1920.0121429    1920.2406375    1925.3124762    1918.7367479    1924.0915300    1923.5514799    4622.5609031    4633.2183863    4637.6501305    4619.9073123    4630.4306142    4623.6610084    4624.6372470    4628.8207008    4632.8955954    4617.8507423
   5893.6039348    5887.1490810    5882.4288121    5881.6682164    5886.8875034    5879.2282218    5891.0947787    5887.0361978    5896.5869952    5888.1837881      24.4807080      19.3927869      26.1270704      28.3331132      24.5017786      28.2312604       0.0000000      24.6665700      25.8780577      21.1910685    2541.7312117    2553.5166251    2562.5199391    2554.3442487    2551.9000592    2555.0299445    2552.2535333    2543.3189026    2563.2808852    2561.3105326    1907.6278128    1911.4038368    1877.9457701    1896.6934111    1891.7976880    1892.0443934    1897.1148717    1890.5333757    1895.8915669    1895.3495567    4596.1162321    4606.7788344    4611.1815163    4593.4407377    4603.9684567    4597.2066112    4598.1979196    4602.3891680    4606.4431152    4591.4069051
   5918.2216686    5911.7631467    5907.0484210    5906.2812972    5911.5047308    5903.8425483    5915.7066877    5911.6446984    5921.2007387    5912.7997949       0.8408902      14.2002248       7.0055972       4.9715051       9.9769592      14.5447166      24.6665700       0.0000000      26.3916929       3.4884500    2539.0482066    2550.7461293    2559.7104885    2551.4212838    2549.1019496    2552.3332835    2549.5108065    2540.5143209    2560.4911024    2558.5310083    1929.4389602    1933.0274789    1899.6729960    1918.4804221    1913.4086520    1913.8351159    1918.8941626    1912.2617684    1917.6506373    1917.0911719    4620.3767132    4631.0416039    4635.4310667    4617.6912526    4628.2209807    4621.4626856    4622.4608029    4626.6555346    4630.7000466    4615.6677692
   5903.9653571    5897.4554049    5892.8192862    5891.9600956    5897.2412451    5889.5384633    5901.3695189    5897.2623090    5906.8884926    5898.5190446      27.0134637      12.5704985      20.8994511      25.3836912      17.0680817      15.0429053      25.8780577      26.3916929       0.0000000      24.6233391    2563.3201331    2575.0548628    2584.0355574    2575.7932396    2573.4221794    2576.6111036    2573.8079174    2564.8371486    2584.8079903    2582.8435968    1928.9125650    1932.9216587    1899.3380331    1918.0094724    1913.3318490    1913.3559896    1918.4406953    1911.9235136    1917.2429797    1916.7229127    4611.9297230    4622.5816541    4627.0447265    4609.2997877    4619.8182526    4613.0402969    4614.0003177    4618.1753998    4622.2727692    4607.2186903
   5914.7337268    5908.2750763    5903.5605543    5902.7931961    5908.0167698    5900.3544862    5912.2185522    5908.1564745    5917.7126580    5909.3117896       3.4559625      12.1007258       7.8036899       7.6678977       9.5454234      14.5734609      21.1910685       3.4884500      24.6233391       0.0000000    2539.6888783    2551.3991051    2560.3689620    2552.0955842    2549.7587784    2552.9759398    2550.1598913    2541.1720070    2561.1468296    2559.1852899    1926.4894694    1930.1080921    1896.7369176    1915.5347866    1910.4912439    1910.8888721    1915.9497692    1909.3255348    1914.7094906    1914.1528275    4617.0065792    4627.6710091    4632.0631333    4614.3231242    4624.8524493    4618.0934394    4619.0901844    4623.2842130    4627.3306286    4612.2975576
   6816.6463837    6815.6715734    6803.6076218    6811.8925493    6811.1052002    6807.9529729    6822.2147881    6822.8616117    6824.8847574    6813.9963120    2538.2565081    2551.0605713    2545.9448151    2542.2651720    2548.9580075    2553.5553276    2541.7312117    2539.0482066    2563.3201331    2539.6888783       0.0000000      14.8473897      24.5493733      27.8900969      15.6554447      13.3675387      12.1879642      12.6952045      24.1986905      21.9608511    2558.5860614    2531.5001718    2534.6236418    2550.7090750    2522.3225281    2549.5154353    2549.6898159    2539.4786924    2546.1452934    2543.2883734    5097.8734168    5108.3075755    5105.3611964    5090.4561250    5100.6135616    5096.5589723    5100.9170116    5106.3553903    5105.0145208    5093.9844319
   6830.5309740    6829.5677830    6817.4902170    6825.7928611    6824.9930703    6821.8507325    6836.1154641    6836.7719788    6838.7791536    6827.8870995    2549.9554542    2562.7855104    2557.6382755    2553.9494511    2560.6600094    2565.2494120    2553.5166251    2550.7461293    2575.0548628    2551.3991051      14.8473897       0.0000000       9.8602390      15.9014604       3.3047107       7.8437311       3.1489260      10.8116595       9.9600985       7.8461803    2573.3424926    2546.2466448    2549.3938657    2565.4709263    2537.0805544    2564.2800842    2564.4511258    2554.2418599    2560.9065316    2558.0492565    5111.1621683    5121.5921220    5118.6275181    5103.7350670    5113.8879999    5109.8419018    5114.2072179    5119.6469687    5118.2924758    5107.2766692
   6838.7100554    6837.7590268    6825.6672217    6833.9884086    6833.1755850    6830.0436059    6844.3113871    6844.9780795    6846.9684915    6836.0726653    2558.9202744    2571.7618888    2566.6006093    2562.9076898    2569.6261517    2574.2119935    2562.5199391    2559.7104885    2584.0355574    2560.3689620      24.5493733       9.8602390       0.0000000      14.4269145      10.6800248      13.9187346      12.3747694      19.2055149       2.1954404       3.3470240    2582.6348067    2555.5194280    2558.7145770    2574.7742070    2546.3761140    2573.5891154    2573.7533028    2563.5478505    2570.2085666    2567.3505717    5118.7522764    5129.1782266    5126.1963687    5111.3158880    5121.4645395    5117.4264919    5121.7987013    5127.2397455    5125.8723390    5114.8700905
   6844.4281913    6843.4478785    6831.3903599    6839.6668720    6838.8854726    6835.7285328    6849.9889316    6850.6309805    6852.6619304    6841.7752062    2550.6324069    2563.5072122    2558.3054874    2554.6008810    2561.3419346    2565.9174740    2554.3442487    2551.4212838    2575.7932396    2552.0955842      27.8900969      15.9014604      14.4269145       0.0000000      13.2200072      23.5921333      18.8770651      16.4854998      16.5624113      16.5385311    2584.8985968    2557.8669935    2560.8546377    2576.9905823    2548.6263240    2575.7804019    2575.9744929    2565.7525456    2572.4304159    2569.5755842    5125.7614685    5136.1954080    5133.2479515    5118.3436471    5128.5008213    5124.4467170    5128.8051369    5134.2435838    5132.9019870    5121.8726572
   6832.1219203    6831.1523148    6819.0822591    6827.3751172    6826.5822101    6823.4344047    6837.6975186    6838.3486335    6840.3646901    6829.4746301    2548.3115969    2561.1497755    2555.9926819    2552.3009997    2559.0170805    2563.6039934    2551.9000592    2549.1019496    2573.4221794    2549.7587784      15.6554447       3.3047107      10.6800248      13.2200072       0.0000000      11.0304727       5.7760280       8.6107877      11.4181978       9.6171000    2574.1645437    2547.0875554    2550.1879744    2566.2822740    2537.8995034    2565.0857701    2565.2635586    2555.0505601    2561.7191092    2558.8625446    5113.0343433    5123.4660243    5120.5088630    5105.6112605    5115.7660357    5111.7164644    5116.0787960    5121.5179840    5120.1690758    5109.1474111
   6824.7921781    6823.8408417    6811.7494035    6820.0701307    6819.2576140    6816.1253846    6830.3931016    6831.0596101    6833.0503503    6822.1546156    2551.5417502    2564.3499877    2559.2291735    2555.5480277    2562.2437531    2566.8397941    2555.0299445    2552.3332835    2576.6111036    2552.9759398      13.3675387       7.8437311      13.9187346      23.5921333      11.0304727       0.0000000       5.5530139      16.2554531      12.7170401      10.6593528    2569.1193940    2541.9847398    2545.2287411    2561.2700051    2532.8640497    2560.0908910    2560.2479640    2550.0464749    2556.7030876    2553.8443566    5104.9188316    5115.3457649    5112.3681924    5097.4847267    5107.6344416    5103.5944012    5107.9649208    5113.4056502    5112.0414168    5101.0358365
   6827.4145337    6826.4523491    6814.3736064    6822.6777877    6821.8769121    6818.7354347    6833.0004226    6833.6577999    6835.6635610    6824.7711934    2548.7198068    2561.5416527    2556.4043727    2552.7184433    2559.4234106    2564.0153226    2552.2535333    2549.5108065    2573.8079174    2550.1598913      12.1879642       3.1489260      12.3747694      18.8770651       5.7760280       5.5530139       0.0000000      11.0308318      12.0487647       9.8191148    2570.4363578    2543.3334168    2546.4984321    2562.5688667    2534.1756117    2561.3801907    2561.5486524    2551.3408166    2558.0040044    2555.1464596    5108.0162621    5118.4461289    5115.4811647    5100.5889607    5110.7418039    5106.6958759    5111.0613420    5116.5011215    5115.1463495    5104.1308361
   6828.1889672    6827.2024162    6815.1522165    6823.4192189    6822.6444854    6819.4822446    6833.7410801    6834.3779724    6836.4174353    6825.5326504    2539.7240394    2552.5640434    2547.4047411    2543.7124373    2550.4297268    2555.0160898    2543.3189026    2540.5143209    2564.8371486    2541.1720070      12.6952045      10.8116595      19.2055149      16.4854998       8.6107877      16.2554531      11.0308318       0.0000000      20.0289781      18.1922865    2568.4601428    2541.4214534    2544.4276036    2560.5563616    2532.1890216    2559.3484979    2559.5398319    2549.3193835    2555.9956904    2553.1405678    5109.8880131    5120.3247632    5117.3895627    5102.4767809    5112.6369732    5108.5771677    5112.9307039    5118.3682267    5117.0357711    5105.9968696
   6837.3679654    6836.4207818    6824.3244788    6832.6515293    6831.8345792    6828.7058786    6842.9746257    6843.6445565    6845.6296416    6834.7326232    2559.7006581    2572.5364897    2567.3822349    2563.6913513    2570.4058790    2574.9934981    2563.2808852    2560.4911024    2584.8079903    2561.1468296      24.1986905       9.9600985       2.1954404      16.5624113      11.4181978      12.7170401      12.0487647      20.0289781       0.0000000       2.2385616    2581.7683810    2554.6412107    2557.8657594    2573.9145206    2545.5117028    2572.7329902    2572.8929363    2562.6898485    2569.3481155    2566.4896793    5117.2442428    5127.6691769    5124.6829672    5109.8055070    5119.9530756    5115.9170619    5120.2910155    5125.7323863    5124.3617127    5113.3628977
   6835.4227254    6834.4730965    6822.3796553    6830.7029787    6829.8886483    6826.7578651    6841.0260006    6841.6938869    6843.6823402    6832.7860791    2557.7404429    2570.5732334    2565.4226725    2561.7328654    2568.4453153    2573.0338700    2561.3105326    2558.5310083    2582.8435968    2559.1852899      21.9608511       7.8461803       3.3470240      16.5385311       9.6171000      10.6593528       9.8191148      18.1922865       2.2385616       0.0000000    2579.6082103    2552.4845142    2555.7005503    2571.7524000    2543.3509443    2570.5698502    2570.7310111    2560.5272441    2567.1862145    2564.3279051    5115.4186809    5125.8444410    5122.8617827    5107.9818550    5118.1303070    5114.0926353    5118.4651711    5123.9062769    5122.5382608    5111.5366532
   4384.9489504    4381.7986272    4372.4256207    4377.2884778    4378.8490850    4373.8696635    4387.4349129    4386.2584456    4391.2560191    4381.1604620    1928.8830357    1926.8746031    1933.1435220    1934.1520922    1932.0515752    1935.8214887    1907.6278128    1929.4389602    1928.9125650    1926.4894694    2558.5860614    2573.3424926    2582.6348067    2584.8985968    2574.1645437    2569.1193940    2570.4363578    2568.4601428    2581.7683810    2579.6082103       0.0000000      31.0091674      32.7599960      11.6545023      36.3479555      15.9562229      11.7772412      21.8942434      14.5764613      16.8326106    2836.6434292    2847.5665360    2849.1304803    2831.9495899    2842.6766331    2836.7899405    2839.1872784    2844.0279723    2846.0151308    2832.1124233
   4404.2278306    4401.1593663    4391.6800050    4396.6755205    4398.1468886    4393.2354153    4406.8325822    4405.7258292    4410.6110373    4400.4812881    1932.4615616    1930.6862401    1936.8262897    1937.7652088    1935.7931736    1939.6172035    1911.4038368    1933.0274789    1932.9216587    1930.1080921    2531.5001718    2546.2466448    2555.5194280    2557.8669935    2547.0875554    2541.9847398    2543.3334168    2541.4214534    2554.6412107    2552.4845142      31.0091674       0.0000000      37.3769476      30.4430828      19.7184784      33.4024487      29.1256920      26.8845485      26.9437797      24.9920387    2848.7835179    2859.7077270    2861.1291075    2843.9945566    2854.7200007    2848.8831277    2851.3474406    2856.2149021    2858.0978439    2844.2662267
   4415.7496636    4412.5615847    4403.2376823    4408.0392438    4409.6411653    4404.6303746    4418.1806158    4416.9714460    4422.0215346    4411.9419073    1899.1125779    1897.2093793    1903.4200580    1904.3973088    1902.3546850    1906.1492956    1877.9457701    1899.6729960    1899.3380331    1896.7369176    2534.6236418    2549.3938657    2558.7145770    2560.8546377    2550.1879744    2545.2287411    2546.4984321    2544.4276036    2557.8657594    2555.7005503      32.7599960      37.3769476       0.0000000      21.1647170      23.2384085      17.5220901      20.9927091      12.5896729      18.6961062      17.5677052    2869.3050992    2880.2280555    2881.8042120    2864.6195206    2875.3466494    2869.4557186    2871.8471497    2876.6854119    2878.6817706    2864.7728970
   4395.5458252    4392.3790647    4383.0274317    4387.8636114    4389.4421943    4384.4491177    4398.0078545    4396.8171881    4401.8375766    4391.7489427    1917.9231984    1915.9451776    1922.1972767    1923.1968056    1921.1130091    1924.8900927    1896.6934111    1918.4804221    1918.0094724    1915.5347866    2550.7090750    2565.4709263    2574.7742070    2576.9905823    2566.2822740    2561.2700051    2562.5688667    2560.5563616    2573.9145206    2571.7524000      11.6545023      30.4430828      21.1647170       0.0000000      29.0254374       4.6872533       1.3394053      11.4279259       4.6687134       7.5812645    2848.1516329    2859.0746309    2860.6476188    2843.4638787    2854.1909865    2848.3011532    2850.6941750    2855.5331114    2857.5269797    2843.6197565
   4419.3581806    4416.2471107    4406.8229978    4411.7495006    4413.2673942    4408.3205120    4421.9010384    4420.7576703    4425.7018035    4415.5898336    1912.8420957    1911.0823630    1917.2136063    1918.1479346    1916.1844500    1920.0121429    1891.7976880    1913.4086520    1913.3318490    1910.4912439    2522.3225281    2537.0805544    2546.3761140    2548.6263240    2537.8995034    2532.8640497    2534.1756117    2532.1890216    2545.5117028    2543.3509443      36.3479555      19.7184784      23.2384085      29.0254374       0.0000000      29.1722233      27.8552613      18.9922601      24.3567526      21.4442235    2866.7091959    2877.6332013    2879.0951659    2861.9473104    2872.6733186    2866.8222106    2869.2673908    2874.1272128    2876.0400067    2862.1879278
   4398.4210220    4395.2417698    4385.9064023    4390.7223013    4392.3145287    4387.3110839    4400.8648768    4399.6634883    4404.7011235    4394.6177547    1913.2780981    1911.2954298    1917.5500554    1918.5509879    1916.4646211    1920.2406375    1892.0443934    1913.8351159    1913.3559896    1910.8888721    2549.5154353    2564.2800842    2573.5891154    2575.7804019    2565.0857701    2560.0908910    2561.3801907    2559.3484979    2572.7329902    2570.5698502      15.9562229      33.4024487      17.5220901       4.6872533      29.1722233       0.0000000       5.4034019      10.3214638       6.4612489       8.7014757    2851.9115731    2862.8343974    2864.4212637    2847.2331260    2857.9603248    2852.0656744    2854.4521347    2859.2884175    2861.2924669    2847.3783817
   4396.1447220    4392.9819971    4383.6251079    4388.4678378    4390.0420182    4385.0522895    4398.6126160    4397.4253928    4402.4402363    4392.3499047    1918.3365207    1916.3681903    1922.6149532    1923.6115874    1921.5331287    1925.3124762    1897.1148717    1918.8941626    1918.4406953    1915.9497692    2549.6898159    2564.4511258    2573.7533028    2575.9744929    2565.2635586    2560.2479640    2561.5486524    2559.5398319    2572.8929363    2570.7310111      11.7772412      29.1256920      20.9927091       1.3394053      27.8552613       5.4034019       0.0000000      10.6377210       3.5464160       6.4378815    2848.4087799    2859.3318559    2860.8982967    2843.7166422    2854.4437034    2848.5561446    2850.9522514    2855.7924310    2857.7815128    2843.8775227
   4406.7094213    4403.5508262    4394.1885370    4399.0379676    4400.6076767    4395.6213606    4409.1832793    4407.9994463    4413.0087891    4402.9167317    1911.7013991    1909.7967068    1916.0083026    1916.9859549    1914.9425388    1918.7367479    1890.5333757    1912.2617684    1911.9235136    1909.3255348    2539.4786924    2554.2418599    2563.5478505    2565.7525456    2555.0505601    2550.0464749    2551.3408166    2549.3193835    2562.6898485    2560.5272441      21.8942434      26.8845485      12.5896729      11.4279259      18.9922601      10.3214638      10.6377210       0.0000000       7.3503684       5.2837350    2858.2599699    2869.1832693    2870.7296392    2853.5544247    2864.2813285    2858.4007507    2860.8062692    2865.6502222    2867.6247038    2853.7306054
   4399.3631883    4396.2054647    4386.8420574    4391.6929035    4393.2616365    4388.2760536    4401.8383405    4400.6553510    4405.6633657    4395.5709341    1917.0919065    1915.1489114    1921.3816955    1922.3707687    1920.3062623    1924.0915300    1895.8915669    1917.6506373    1917.2429797    1914.7094906    2546.1452934    2560.9065316    2570.2085666    2572.4304159    2561.7191092    2556.7030876    2558.0040044    2555.9956904    2569.3481155    2567.1862145      14.5764613      26.9437797      18.6961062       4.6687134      24.3567526       6.4612489       3.5464160       7.3503684       0.0000000       2.9127962    2851.1132433    2862.0364497    2863.5914419    2846.4134489    2857.1404231    2851.2568447    2853.6583341    2858.5006772    2860.4814072    2846.5830683
   4401.7730330    4398.6208065    4389.2502393    4394.1100051    4395.6727469    4390.6917229    4404.2561662    4403.0778453    4408.0783343    4397.9835947    1916.5315047    1914.6103167    1920.8310600    1921.8136223    1919.7611287    1923.5514799    1895.3495567    1917.0911719    1916.7229127    1914.1528275    2543.2883734    2558.0492565    2567.3505717    2569.5755842    2558.8625446    2553.8443566    2555.1464596    2553.1405678    2566.4896793    2564.3279051      16.8326106      24.9920387      17.5677052       7.5812645      21.4442235       8.7014757       6.4378815       5.2837350       2.9127962       0.0000000    2853.0002265    2863.9235524    2865.4674879    2848.2930394    2859.0199229    2853.1401918    2855.5468810    2860.3913129    2862.3639706    2848.4711003
   1817.8806674    1821.2410697    1804.6405684    1819.1657966    1813.7670278    1814.4305530    1829.1869903    1833.4982941    1829.3945050    1817.6166851    4620.0333201    4613.7494137    4622.1415560    4624.4066031    4619.9958979    4622.5609031    4596.1162321    4620.3767132    4611.9297230    4617.0065792    5097.8734168    5111.1621683    5118.7522764    5125.7614685    5113.0343433    5104.9188316    5108.0162621    5109.8880131    5117.2442428    5115.4186809    2836.6434292    2848.7835179    2869.3050992    2848.1516329    2866.7091959    2851.9115731    2848.4087799    2858.2599699    2851.1132433    2853.0002265       0.0000000      10.9243492      18.7945487      10.5834855      11.3459818       4.6726628       3.2444796       8.7594596      10.9565918       4.7257504
   1809.4451433    1812.8622805    1796.2097131    1810.8110704    1805.3532114    1806.0678991    1820.8224482    1825.1799830    1820.9968337    1809.2136780    4630.6986035    4624.4078356    4632.8029669    4635.0700023    4630.6556627    4633.2183863    4606.7788344    4631.0416039    4622.5816541    4627.6710091    5108.3075755    5121.5921220    5129.1782266    5136.1954080    5123.4660243    5115.3457649    5118.4461289    5120.3247632    5127.6691769    5125.8444410    2847.5665360    2859.7077270    2880.2280555    2859.0746309    2877.6332013    2862.8343974    2859.3318559    2869.1832693    2862.0364497    2863.9235524      10.9243492       0.0000000      14.3244250      18.3676249      10.9453794      11.8152607       8.5816710       5.7683051       6.0541951      15.4991429
   1817.5553753    1821.0681676    1804.3283307    1819.0572009    1813.5003992    1814.3009813    1829.0518898    1833.4859452    1829.1707409    1817.3789879    4635.0858081    4628.8342872    4637.2123682    4639.4680169    4635.0744576    4637.6501305    4611.1815163    4635.4310667    4627.0447265    4632.0631333    5105.3611964    5118.6275181    5126.1963687    5133.2479515    5120.5088630    5112.3681924    5115.4811647    5117.3895627    5124.6829672    5122.8617827    2849.1304803    2861.1291075    2881.8042120    2860.6476188    2879.0951659    2864.4212637    2860.8982967    2870.7296392    2863.5914419    2865.4674879      18.7945487      14.3244250       0.0000000      17.7676787       7.8288314      15.4925246      18.8984304      19.4672032       8.9415408      22.9388396
   1827.6007444    1830.9947181    1814.3634207    1828.9333880    1823.5000544    1824.1935597    1838.9489313    1843.2866970    1839.1371040    1827.3561174    4617.3461592    4611.0918334    4619.4711168    4621.7275827    4617.3325411    4619.9073123    4593.4407377    4617.6912526    4609.2997877    4614.3231242    5090.4561250    5103.7350670    5111.3158880    5118.3436471    5105.6112605    5097.4847267    5100.5889607    5102.4767809    5109.8055070    5107.9818550    2831.9495899    2843.9945566    2864.6195206    2843.4638787    2861.9473104    2847.2331260    2843.7166422    2853.5544247    2846.4134489    2848.2930394      10.5834855      18.3676249      17.7676787       0.0000000      10.7275594       6.8305082      13.5897744      18.6462269      14.5776482      10.8208559
   1819.5296520    1822.9810215    1806.2971752    1820.9440545    1815.4509753    1816.1962485    1830.9495794    1835.3340674    1831.1042271    1819.3179448    4627.8762274    4621.6159417    4629.9978283    4632.2560214    4627.8578217    4630.4306142    4603.9684567    4628.2209807    4619.8182526    4624.8524493    5100.6135616    5113.8879999    5121.4645395    5128.5008213    5115.7660357    5107.6344416    5110.7418039    5112.6369732    5119.9530756    5118.1303070    2842.6766331    2854.7200007    2875.3466494    2854.1909865    2872.6733186    2857.9603248    2854.4437034    2864.2813285    2857.1404231    2859.0199229      11.3459818      10.9453794       7.8288314      10.7275594       0.0000000       7.6808958      12.1414198      14.4013119       5.1662583      15.2119334
   1820.7903942    1824.1803504    1807.5527205    1822.1174614    1816.6881093    1817.3781370    1832.1336307    1836.4685729    1832.3240202    1820.5434052    4621.1185377    4614.8477459    4623.2341929    4625.4954354    4621.0916736    4623.6610084    4597.2066112    4621.4626856    4613.0402969    4618.0934394    5096.5589723    5109.8419018    5117.4264919    5124.4467170    5111.7164644    5103.5944012    5106.6958759    5108.5771677    5115.9170619    5114.0926353    2836.7899405    2848.8831277    2869.4557186    2848.3011532    2866.8222106    2852.0656744    2848.5561446    2858.4007507    2851.2568447    2853.1401918       4.6726628      11.8152607      15.4925246       6.8305082       7.6808958       0.0000000       7.1031166      11.8541813       9.2790347       7.6151847
   1814.6378266    1817.9991737    1801.3977961    1815.9243621    1810.5245236    1811.1889617    1825.9453645    1830.2576289    1826.1522731    1814.3743606    4622.1178229    4615.8267344    4624.2219960    4626.4891260    4622.0746183    4624.6372470    4598.1979196    4622.4608029    4614.0003177    4619.0901844    5100.9170116    5114.2072179    5121.7987013    5128.8051369    5116.0787960    5107.9649208    5111.0613420    5112.9307039    5120.2910155    5118.4651711    2839.1872784    2851.3474406    2871.8471497    2850.6941750    2869.2673908    2854.4521347    2850.9522514    2860.8062692    2853.6583341    2855.5468810       3.2444796       8.5816710      18.8984304      13.5897744      12.1414198       7.1031166       0.0000000       5.5413126      10.2880873       7.1064116
   1809.1989562    1812.5691211    1795.9596284    1810.4981280    1805.0889896    1805.7614590    1820.5175756    1824.8372814    1820.7192640    1808.9405084    4626.3131558    4620.0116154    4628.4114148    4630.6815755    4626.2615343    4628.8207008    4602.3891680    4626.6555346    4618.1753998    4623.2842130    5106.3553903    5119.6469687    5127.2397455    5134.2435838    5121.5179840    5113.4056502    5116.5011215    5118.3682267    5125.7323863    5123.9062769    2844.0279723    2856.2149021    2876.6854119    2855.5331114    2874.1272128    2859.2884175    2855.7924310    2865.6502222    2858.5006772    2860.3913129       8.7594596       5.7683051      19.4672032      18.6462269      14.4013119      11.8541813       5.5413126       0.0000000      10.5906863      12.3810844
   1814.4275904    1817.8725426    1801.1945459    1815.8329675    1810.3464017    1811.0860039    1825.8395631    1830.2191943    1825.9978558    1814.2121526    4630.3560443    4624.0826852    4632.4702572    4634.7322427    4630.3271199    4632.8955954    4606.4431152    4630.7000466    4622.2727692    4627.3306286    5105.0145208    5118.2924758    5125.8723390    5132.9019870    5120.1690758    5112.0414168    5115.1463495    5117.0357711    5124.3617127    5122.5382608    2846.0151308    2858.0978439    2878.6817706    2857.5269797    2876.0400067    2861.2924669    2857.7815128    2867.6247038    2860.4814072    2862.3639706      10.9565918       6.0541951       8.9415408      14.5776482       5.1662583       9.2790347      10.2880873      10.5906863       0.0000000      15.5729102
   1820.4795779    1823.8078684    1807.2369196    1821.7190418    1816.3536702    1816.9882965    1831.7457009    1836.0309607    1831.9719147    1820.1971880    4615.3244424    4609.0394035    4617.4320326    4619.6974092    4615.2861052    4617.8507423    4591.4069051    4615.6677692    4607.2186903    4612.2975576    5093.9844319    5107.2766692    5114.8700905    5121.8726572    5109.1474111    5101.0358365    5104.1308361    5105.9968696    5113.3628977    5111.5366532    2832.1124233    2844.2662267    2864.7728970    2843.6197565    2862.1879278    2847.3783817    2843.8775227    2853.7306054    2846.5830683    2848.4711003       4.7257504      15.4991429      22.9388396      10.8208559      15.2119334       7.6151847       7.1064116      12.3810844      15.5729102       0.0000000
