      0.0000000  319717.6613322  320013.9300184  319395.6061443  304391.9512206  141553.4450483 4097544.2830004  180401.2897167  298269.3302075  319969.2554293 19508140.0325211  119181.0066034 6968976.6162445  320019.4870812 4099386.8181564  317818.3187485 16654554.9956540  375627.9058910 1831600.2526448  205541.7584455 27877396.6875490  687734.0183761  316580.3835679 7339534.8065330  320004.5193253  159547.9124573  319857.1656775  320051.8862920  321052.3885036   98804.7939308  318062.3807266  378855.2876704  305139.2592512  333028.0331337 13350415.6130025 6733080.4928141 1042075.5667674  319985.9319350 10049629.0681456  530305.7385626 4820544.7228750  619217.2243846 5616845.9418087 18375138.7174825  285448.7550506 14161829.7140542  289839.6692709  319913.7105216 6729309.2754326  262516.6910990  307171.6849819 5039747.6887990 7329686.6712422 10054160.8740873 31773422.2977743  320003.5664291 10932227.1404676  254159.5069351 9021664.2475645  421525.2926357  320020.2588373  319903.1706357 3281659.8836857 2103693.1038995  319815.2773779 19914285.9951766  320673.1942202 1256588.6529397 1390587.3799708 3468995.1079094  320550.2656612  320008.2795235  320011.3854369   36815.9851202  320642.5143278 19148395.9750260  320810.4375497  153106.8220928  288314.5260772 20505487.0502479  312637.3672423 1631696.0161084  320020.4720274  313496.1113820  297834.4532461 27445438.3837890  320199.9539137  165997.0410660  347069.9049395  319079.7576439  327269.8092870  633576.8685880  983620.9881039  236665.6524233 9285236.0070802  320016.3896373  597990.7112108 12753819.1922937  319924.6753255 14048447.6238290
 319717.6613322       0.0000000     297.1501297     324.5637556   15389.9098211  178170.3917303 4417254.8319870  139321.4746282   21541.1885304     252.4097697 19827364.3992877  200542.3817014 7224825.1317754     301.9362073 4419097.3541944    1899.3467385 16653811.3835035  199362.7483040 2150163.1392045  525242.4977305 27883449.4633703 1007442.5949476    3137.2974590 7334624.5129185     373.8182800  160176.3899124     154.5379014    7124.8159028   28109.9383364  229855.0680859    1655.2814682  207915.2169353   14578.7013727  125369.6383557 13349465.8419489 6727530.2327158 1361784.6071652    1516.2847113 10046611.3893021  637084.1379303 4816227.7193170  532570.6188376 5936556.6659627 18694849.9133231  138713.1571730 14481540.6029422   30086.4421925    1786.5831054 6725081.0023336   57202.4129923   12551.8184422 5031683.7372562 7327539.1721295 10373871.7003274 32093139.9419636     288.0381458 10935930.7396056  573862.2426657 9340908.8838380  276435.7239824     302.6097910     185.5247319 3269606.8227721 2423410.2323028      98.6730553 20233999.9896969   22610.8393847 1217239.6396522 1355621.4376210 3502191.8920238   20878.9687787     290.6662186     293.7524662  282948.0601460   22122.2795506 19468106.9016877   25432.1423465  472805.7487842   31403.5460011 20545923.0291999    7080.5586672 1951299.4063481     304.0196268    6221.6540801   54360.5071898 27765149.3726467   30877.9174993  485205.9324536  136786.7612897     637.9036935   70884.7486926  548878.8555263 1303330.1826100   83053.9354311 9604949.2792713     338.6600427  861213.8455460 13019465.1845534     207.0222659 14368164.2962266
 320013.9300184     297.1501297       0.0000000     618.5696260   15683.0410911  178466.5299772 4417551.2407856  139617.8850548   21834.2710383      44.7498681 19827658.9571526  200838.7531446 7225051.0998032      15.7257850 4419393.7631178    2195.7745479 16653790.6603030  199342.1065859 2150456.7030838  525538.9071449 27883433.8974568 1007738.9998046    3433.7135968 7334603.5436851     217.1269072  160472.8002083     162.7257997    7097.4894110   28087.5461737  230144.4881435    1951.7030979  207896.8210909   14875.1215301  125373.1753366 13349445.6325999 6727509.2530893 1362081.0160692    1470.4416858 10046590.4303056  637230.1810459 4816210.6831466  532549.9268204 5936853.0744008 18695146.3195801  138826.5436879 14481837.0119649   30378.3412758    1756.6001715 6725061.2519959   57498.8258073   12847.3088140 5031662.7993378 7327520.7726754 10374168.1093715 32093436.2172797      15.9502595 10935915.6324239  574158.6519270 9341203.5056889  276414.5984998      21.1237257     112.6375470 3269587.2520463 2423706.4609305     198.8328414 20234296.3629487   22587.8368359 1217218.6512266 1355600.7069494 3502213.4181343   20856.0340462      18.4799102      18.9687982  283244.4637547   22099.2286665 19468403.3107181   25410.0191122  473102.1524523   31699.9287587 20545940.0953379    7376.6638844 1951595.0265390       7.7830820    6518.0825961   54481.4047717 27765445.7813837   30866.1516315  485501.2860347  136765.8019666     934.4537164   70863.3924997  548857.8001858 1303626.5893883   83350.3349799 9605245.6611135     136.7516282  861464.7594820 13019699.8727931      91.6979353 14368460.6194898
 319395.6061443     324.5637556     618.5696260       0.0000000   15065.5514314  177848.1201006 4416933.0397176  138999.6888060   21216.8224807     573.9987149 19827040.6132434  200220.5174965 7224541.1427144     624.7078343 4418775.5621768    1577.9045093 16653768.7904812  199320.5598182 2149838.9172778  524920.7074635 27883401.2797990 1007120.7950850    2815.6879014 7334582.1945643     640.6928160  159854.6033994     462.3008124    7103.4745996   28072.6989732  229530.6255664    1333.8823970  207870.5715099   14256.9646119  125301.7009449 13349422.6927407 6727487.9268685 1361462.8153382    1566.7848871 10046569.0561737  636871.3928227 4816181.1438735  532528.1727498 5936234.8729401 18694528.1158543  138532.3211595 14481218.8110540   29761.9029731    1810.3344115 6725037.3624770   56880.6367545   12228.7393268 5031641.3911125 7327494.0663797 10373549.9084948 32092817.8973980     607.9835740 10935882.0654383  573540.4520164 9340585.1351362  276393.9216159     625.7814301     508.9771880 3269563.0037145 2423088.1068897     420.4687226 20233678.1269152   22575.1290697 1217197.4102911 1355578.9201021 3502104.1186585   20843.5513594     613.6729893     616.8432360  282626.2589156   22086.7195248 19467785.1098072   25394.9843778  472483.9470363   31081.7157219 20545839.9428490    6758.2726326 1950976.4610505     625.0057651    5899.9824632   54173.1142913 27764827.5801671   30828.8330425  484882.7235909  136745.1460324     318.4111067   70844.2413932  548836.7983356 1303008.3865119   82732.1298658 9604627.4333019     632.1169710  860910.5567314 13019174.2007619     530.4636728 14367842.3385373
 304391.9512206   15389.9098211   15683.0410911   15065.5514314       0.0000000  162839.3143929 4401935.4016882  124010.5040145    6151.2870606   15638.7563092 19811983.4126371  185225.6776279 7211633.9739150   15689.8485164 4403777.9325620   13499.5716101 16652336.7962013  198480.2198349 2134774.1162990  509924.9551623 27881705.8413256  992123.7150826   12269.5109128 7333171.7703588   15656.4218145  144864.1729333   15523.1318723   16610.7889377   30872.4383515  214497.3738176   13742.1609945  206891.2331225    1642.8280308  123592.6536615 13347966.4791954 6726079.4997156 1346465.7323708   15594.0651348 10045153.7137697  627523.4658223 4814580.3911366  531312.3791499 5921237.1484069 18679530.1206084  131232.8061213 14466221.0203377   14704.8404024   15525.2250223 6723566.7487233   41908.5017704    2955.0864448 5030236.8435602 7325953.6970171 10358552.1483746 32077811.6247308   15671.6771923 10934170.1040601  558544.5074906 9325528.7877002  275409.4529818   15691.0907922   15574.4808191 3268102.0843295 2408079.5047266   15485.8724195 20218677.9304415   26286.2183949 1215869.9615524 1354228.3716430 3498585.2012931   24904.3055486   15678.9341702   15682.1330059  267631.9775431   25895.0553426 19452787.3007856   28574.4460174  457488.0305947   16146.3426306 20542514.6563364    8351.8170127 1935941.9530468   15689.1970381    9215.1074009   47656.2807083 27749829.7348429   32784.2618897  469841.0938234  136198.2900609   14754.6561545   71137.9456059  547632.7312455 1288011.1932134   67749.1671279 9589627.8572830   15674.3003180  847055.2197009 13005918.0034064   15595.9500755 14352838.9874788
 141553.4450483  178170.3917303  178466.5299772  177848.1201006  162839.3143929       0.0000000 4239097.7278945   38894.6580563  156715.9192459  178421.8702712 19649414.8251591   22454.1736752 7081016.2081035  178472.1677522 4240940.2630881  176271.1008062 16652481.5653703  265730.3545761 1972508.8296275  347091.4413076 27878637.4489967  829287.1918255  175033.2255074 7334655.5895657  178455.9902574   18107.3158250  178309.5313015  178528.0521111  180320.9229773   59532.9532302  176515.1461919  271099.3597034  163592.7957334  208082.9949681 13348063.4989181 6727763.1596811 1183628.8858355  178433.1625354 10046051.1666218  556909.9351998 4815029.4187419  559442.3693322 5758399.3840797 18516692.1406404  168707.6198828 14303383.1483843  148289.2040743  178360.5216137 6724576.0334080  120974.0200964  165622.5816726 5032687.9897176 7326028.1718730 10195714.3114907 31914972.6325081  178456.1003524 10931726.6668886  395710.3630678 9162947.0394177  327238.2764480  178472.9695212  178355.8849524 3271491.9032817 2245241.2575200  178267.9267705 20055839.1167656  179631.2906790 1228127.2435097 1365036.8201201 3479127.7557895  179425.6029781  178460.9762670  178464.0887694  104810.4957609  179576.5150955 19289949.4071823  179919.1525973  294654.9260387  146768.9061421 20521805.6264545  171089.8664367 1773164.0665059  178473.0488300  171949.1469832  159460.3226804 27586991.8129606  179660.4460888  307141.4681137  223432.2778195  177532.4983149  191186.3515771  575132.0644590 1125174.3111273   95126.5649943 9426789.2637840  178468.2642755  708257.9003787 12870576.6130162  178377.3923105 14189999.6765346
4097544.2830004 4417254.8319870 4417551.2407856 4416933.0397176 4401935.4016882 4239097.7278945       0.0000000 4277933.3573606 4395813.5843570 4417506.5505956 15420861.7175510 4216712.7944629 4513071.4475331 4417556.7038955    1842.7097271 4415355.5031345 17226046.7659699 4421673.9338104 2282123.0169769 3892012.3342979 28151478.4835267 3409812.2620349 4414117.5477149 8562030.7684028 4417543.1411546 4257078.4420805 4417394.7542479 4417561.3166521 4417626.6234249 4190422.2109716 4415599.5747162 4420484.8061994 4402676.1308119 4408835.5294815 14050484.0922167 8048201.6460696 3055470.2248219 4417529.4571257 10974621.8773042 4100442.9101648 6491841.1868321 4448881.9455973 1519301.8363451 14277595.1224560 4357299.1795821 10064285.7714388 4387380.9769261 4417457.7138296 8030830.3554057 4360052.4189986 4404711.3200134 6695174.5929898 8523111.1820505 5956616.8689976 27675980.3607758 4417540.9542738 11713068.5643964 3843392.5893339 4938655.3721138 4426181.8732270 4417557.4407623 4417440.3528287 5483312.4322440 1994021.8264942 4417352.5382651 15816753.0651514 4417615.3645896 4582086.8864748 4619652.4334858 5231110.7076252 4417590.2323059 4417545.4780980 4417548.5762400 4134306.7838438 4417613.1602179 15050852.0701755 4417574.5478973 3944449.1016593 4385851.3248343 20456215.6412525 4410175.0682657 2467620.5434629 4417557.8094429 4411033.1794126 4392069.9269700 23347894.5406620 4416552.5626969 3932471.8557845 4419512.0036228 4416616.9409453 4418062.2917010 4451515.6817144 3113924.6589811 4334200.9100265 5187701.0671171 4417554.5425199 3682106.4503565 9665521.2476507 4417461.8535964 9950959.5966799
 180401.2897167  139321.4746282  139617.8850548  138999.6888060  124010.5040145   38894.6580563 4277933.3573606       0.0000000  117897.8835241  139573.1945364 19688308.4961250   61221.6587893 7113238.3484201  139623.3467016 4279775.8795663  137422.1460558 16654276.5593724  243176.1342539 2011377.9343625  385921.0231068 27881256.9113294  868121.1235720  136184.1906956 7335947.2355502  139609.9813290   20854.9152909  139461.4121515  139803.6037847  142405.6156203   94842.1252529  137666.2176832  249351.9297242  124742.7734886  179690.5943329 13349834.0787562 6728977.4647553 1222463.1325391  139603.8203582 10047571.4262953  572166.2575076 4816396.1438093  550400.8215080 5797235.1913673 18555528.4397760  146465.9072184 14342219.1283179  109504.0227997  139535.2994827 6725951.1410347   82119.0616380  126778.7612837 5033598.4009091 7327655.7920660 10234550.2257040 31953821.0735328  139607.6008916 10934063.3333500  434540.7680376 9201841.0070840  309689.0761255  139624.0834094  139506.9954807 3271920.2272743 2284093.6432171  139419.1816328 20094678.7125215  141442.8967295 1225209.5027119 1362662.3283829 3485050.4913062  141159.9945190  139612.1207964  139615.2189086  143626.5967950  141365.8819907 19328785.4270640  141866.1038559  333484.2812977  107917.9787336 20528588.8820840  132241.7526697 1812049.4501484  139624.4544002  133099.8221440  123591.2974321 27625827.8980209  141909.2040682  346036.1225050  195346.4728885  138683.5836625  156530.3542935  566357.3998629 1164008.7088715   56267.5724915 9465627.9199505  139621.2721609  741558.5224955 12903904.7994768  139528.4962410 14228843.9301229
 298269.3302075   21541.1885304   21834.2710383   21216.8224807    6151.2870606  156715.9192459 4395813.5843570  117897.8835241       0.0000000   21789.9951528 19805836.1162884  179108.4305447 7206357.7815658   21841.0969569 4397656.1187230   19650.6090451 16651739.4149343  198448.5019239 2128623.3286246  503805.0318420 27880999.3540053  986002.6158127   18419.8319296 7332588.1302231   21806.9254097  138750.0818271   21674.3104847   22321.4494451   33912.6453902  208359.4785759   19893.2798814  206789.1575737    7167.0194305  123401.2314805 13347360.1713365 6725497.4710311 1340344.4673523   21723.7533191 10044565.6847043  623757.8111712 4813923.6400459  530921.4593254 5915115.2590607 18673408.0472422  128625.9296763 14460099.0424312    8564.2797942   21646.2354663 6722959.3316849   35820.4374636    9042.9728830 5029659.6409299 7325317.0078512 10352430.2000062 32071686.0564069   21822.8899901 10933460.4515557  552424.3912393 9319381.8727089  275227.0112414   21842.3452791   21725.7458209 3267508.7903964 2401953.1526861   21637.1334719 20212554.9290641   29912.5734792 1215364.6334705 1353708.1576415 3497149.8593255   28738.3428551   21830.1870164   21833.3868707  261513.8702078   29579.3721762 19446665.3044147   31878.3232487  451368.1793102   10164.1859143 20541143.7167632   14495.3048850 1929804.5790679   21840.4199540   15359.2922677   46142.9225135 27743707.7138793   35427.1998125  463701.0091157  136436.8186308   20905.9353366   72151.1833487  547242.9713648 1281889.9019862   61645.3164727 9583505.1492932   21825.1674104  841403.4074096 13000498.7100915   21747.2138456 14346714.6702253
 319969.2554293     252.4097697      44.7498681     573.9987149   15638.7563092  178421.8702712 4417506.5505956  139573.1945364   21789.9951528       0.0000000 19827614.4936214  200794.0669788 7225016.5234626      51.6721024 4419349.0729140    2151.0726961 16653792.9321610  199344.3382770 2150412.3695319  525494.2168510 27883435.3920168 1007694.3100323    3389.0163736 7334605.8522086     222.3168564  160428.1097242     121.2501363    7099.9679119   28089.8699108  230100.7164389    1907.0006125  207898.7153360   14830.4286706  125371.7476521 13349447.8269023 6727511.5631106 1362036.3258567    1472.7613553 10046592.7374927  637207.4443287 4816212.3983464  532552.1837517 5936808.3842518 18695101.6296739  138808.6507562 14481792.3217536   30334.2250406    1757.0888187 6725063.3766813   57454.1348073   12802.7230449 5031665.1027889 7327522.6937785 10374123.4191573 32093391.5420199      37.3346156 10935917.0575318  574113.9616534 9341159.0339043  276416.9110012      53.9407864      68.4629886 3269589.3487690 2423661.7909757     154.0898592 20234251.6766945   22590.2039716 1217220.9587897 1355602.9761219 3502209.3274277   20858.3702965      41.8073252      45.1378504  283199.7740648   22101.5975980 19468358.6205064   25412.2811897  473057.4627867   31655.2407426 20545936.6766658    7332.0038535 1951550.4289249      51.6674588    6473.3870322   54462.3387409 27765401.0912046   30866.8909718  485456.7212844  136768.0686373     889.7302254   70865.6807774  548860.1122112 1303581.8994092   83305.6455523 9605200.9739048     147.0720055  861426.5221835 13019664.0142456      48.2398046 14368415.9388188
19508140.0325211 19827364.3992877 19827658.9571526 19827040.6132434 19811983.4126371 19649414.8251591 15420861.7175510 19688308.4961250 19805836.1162884 19827614.4936214       0.0000000 19627183.1984245 14312073.0359783 19827665.3167445 15419027.0433199 19825468.1584346 25085933.8249871 19816026.5648864 17677858.3399833 19303143.3339966 32901351.0775887 18821917.5872151 19824232.4939979 20713123.1142295 19827637.5255906 19667493.6925665 19827500.0222111 19827228.1219832 19825937.6233686 19598592.4625189 19825711.7245205 19814006.2004150 19812813.1610884 19809898.0960787 23182254.4844353 20542317.6464213 18468346.7898748 19827546.6086548 21668901.1684502 19450614.0548228 20051171.5768034 19801386.5322749 13906826.2760498 1637113.3870386 19758481.2299106 5446563.6640772 19797326.9112633 19827457.4669704 20514780.8154209 19770270.5951107 19814816.5689638 20153207.9362199 20650276.3710934 9494597.2539615 12345205.1948068 19827647.9404556 21851695.1714921 19254620.7505992 10486479.3491618 19812572.7537569 19827666.3871698 19827549.4951530 19880484.9232666 17407890.1304156 19827461.0733344 1265867.3627043 19826289.0796109 19790034.5752312 19789330.7039049 19420770.3164034 19826377.1016769 19827654.2851169 19827657.4525573 19544954.5995718 19826318.8448919 1261225.6271388 19826062.8860542 19355467.4233883 19796017.3856533 25723009.9138900 19820291.5164169 17877082.0595291 19827665.2566416 19821154.2587923 19799065.3791533 8067963.9562407 19824681.5305066 19342280.2991235 19819562.8363051 19826727.4684451 19823370.1321407 19801484.3765180 18526665.3845228 19744465.4235001 10256173.5372401 19827653.8437743 19049155.2417161 10802456.5143036 19827570.9970525 5544970.6378812
 119181.0066034  200542.3817014  200838.7531446  200220.5174965  185225.6776279   22454.1736752 4216712.7944629   61221.6587893  179108.4305447  200794.0669788 19627183.1984245       0.0000000 7064295.3197826  200844.2419461 4218555.3189298  198643.0410936 16654485.5819174  282465.7404636 1950383.2026642  324700.6544428 27880149.6188210  806900.5395454  197405.0861295 7337001.2146849  200830.3948456   40367.3076317  200682.1952994  200956.3819966  202731.9920002   44527.5486734  198887.1110242  287451.6155201  185963.7016208  227501.3647342 13350091.7424387 6730161.6052432 1161242.6106282  200819.5959502 10048240.2549016  552059.3285727 4817380.6532184  568608.6649275 5736014.6181029 18494307.8214215  186039.7426597 14280998.5589626  170696.6619269  200749.5445596 6726882.1612080  143340.1014928  187998.5405378 5035294.9943686 7328180.7957253 10173329.6585104 31892599.4157872  200828.4461820 10933440.1222700  373320.3694593 9140712.0512183  341391.3803320  200844.9885659  200727.9000700 3274447.9016020 2222872.2104724  200640.0633414 20033457.6099026  202072.9611270 1233322.0873035 1369872.0034166 3478893.6664375  201873.1253044  200833.0211848  200836.1215147   82406.4826602  202020.0226340 19267564.8567031  202347.3514983  272263.7833289  169138.8367979 20520904.9878783  193462.4588547 1750851.4125042  200845.3147043  194320.7316120  181468.4769389 27564607.3215449  202047.8891339  284904.8895221  242661.5858931  199904.4844515  212805.5502504  584126.7347423 1102788.1467090  117488.5563139 9404406.9271908  200841.8658189  691098.2464342 12853069.3003804  200749.4020298 14167622.3866602
6968976.6162445 7224825.1317754 7225051.0998032 7224541.1427144 7211633.9739150 7081016.2081035 4513071.4475331 7113238.3484201 7206357.7815658 7225016.5234626 14312073.0359783 7064295.3197826       0.0000000 7225064.2549063 4512527.5476152 7223292.5220435 13653482.1792887 7108129.1449071 5509520.1032519 6809482.9157654 24175318.0072107 6442180.3683215 7222296.3685599 6559697.0990846 7224915.6803894 7096619.7365775 7224898.7093645 7220840.3724101 7208388.9297088 7021535.9133485 7223488.4092428 7101915.5695241 7213101.9467380 7143016.7928353 10742767.8387046 6301360.8834843 6182582.1845327 7224160.0067605 8178091.4714187 6630063.1081495 5771507.1419464 6921387.6172772 4294002.5654705 13578780.9854194 7101653.8284202 9674373.4522145 7198695.2224865 7223933.6363859 6274678.0314691 7178892.9228179 7214467.8563896 5857905.3356820 6500059.2387778 6264135.0747429 26598328.4582822 7225035.5833560 8684294.4736591 6771806.1375790 5125916.6979352 7064330.3622799 7225068.0836239 7224973.6499144 5885744.2058999 5453002.8969978 7224895.5399328 15037943.3003795 7211660.0523383 6575146.1149568 6510529.7370339 5375881.0481475 7212672.1214232 7225056.8954529 7225060.1137478 6999194.6057269 7211949.5612392 14315260.1268755 7209944.2911005 6850188.2357534 7199559.2985830 16397873.4361975 7219068.4345736 5728799.9178317 7225053.9034571 7219818.8722385 7175855.4480977 22369238.7409582 7205876.2895934 6828924.9703985 7144520.9953876 7224309.6417751 7183132.1200601 6913094.8674042 6224694.5725504 7158159.3678555 5719138.3715281 7224972.5365710 6373356.8130601 5812142.9766659 7224991.3491584 9547311.3290663
 320019.4870812     301.9362073      15.7257850     624.7078343   15689.8485164  178472.1677522 4417556.7038955  139623.3467016   21841.0969569      51.6721024 19827665.3167445  200844.2419461 7225064.2549063       0.0000000 4419399.2261400    2201.2016819 16653805.4113628  199356.8632135 2150463.3964237  525544.3697449 27883448.7410366 1007744.4656460    3439.1573764 7334618.2902788     232.1188244  160478.2619897     172.4904686    7112.2345023   28102.2957628  230152.2010650    1957.1310706  207911.6182985   14880.5735741  125388.3270246 13349460.3930974 6727523.9995016 1362086.4790817    1485.2774768 10046605.1770576  637245.4932743 4816225.5009473  532564.6799479 5936858.5377667 18695151.7844831  138842.1772648 14481842.4749245   30385.4875335    1771.6235575 6725076.0209345   57504.2853051   12853.2763080 5031677.5465599 7327535.5660586 10374173.5723148 32093441.7702555      31.2029172 10935930.4840571  574164.1146420 9341209.8416186  276429.3450842       5.4966377     116.4597229 3269602.0243824 2423712.0436273     204.3051181 20234301.8507555   22602.5823103 1217233.3980315 1355615.4584293 3502228.7931872   20870.7837960      11.5726602       9.0738688  283249.9303526   22113.9740554 19468408.7736731   25424.7767216  473107.6190746   31705.4084770 20545955.4188516    7382.3112668 1951600.9421155      18.9534490    6523.5247590   54496.9824787 27765451.2445456   30881.0847291  485507.3250153  136780.5546492     939.7655552   70878.1434772  548872.5465824 1303632.0538925   83355.8040175 9605251.1430053     151.4736217  861476.5678040 13019712.6134799      95.0219948 14368466.1410543
4099386.8181564 4419097.3541944 4419393.7631178 4418775.5621768 4403777.9325620 4240940.2630881    1842.7097271 4279775.8795663 4397656.1187230 4419349.0729140 15419027.0433199 4218555.3189298 4512527.5476152 4419399.2261400       0.0000000 4417198.0253910 17226543.2410417 4423515.7680321 2283961.7557580 3893854.8564741 28151760.4042611 3411654.7857819 4415960.0699765 8563004.0030092 4419385.6647750 4258920.9642825 4419237.2768454 4419403.8788199 4419469.2755799 4192264.8914671 4417442.0969768 4422326.5263459 4404518.6530338 4410678.0567272 14051083.9256068 8049235.0828139 3057312.7470676 4419371.9881005 10975387.6052444 4102273.3065155 6493096.4172840 4450714.3700251 1517459.3161520 14275752.6044794 4359141.7024693 10062443.2488774 4389223.5198434 4419300.2464494 8031859.6218141 4361894.9412031 4406553.8449315 6696409.9843980 8524075.1100598 5954774.3463282 27674138.0706863 4419383.4766785 11713754.0666073 3845235.1115288 4936827.6766835 4428022.4414257 4419399.9629743 4419282.8750432 5484807.3544409 1995864.5184477 4419195.0605545 15814910.6035416 4419457.9971868 4583870.2134019 4621421.5839219 5232508.1903534 4419432.8581540 4419388.0003258 4419391.0984605 4136149.3065631 4419455.7909395 15049009.5476310 4419417.1908880 3946291.6247069 4387693.8473371 20456403.3493186 4412017.5911045 2469463.1584799 4419400.3317999 4412875.7016459 4393912.6264718 23346052.0185769 4418395.2236103 3934314.4839748 4421354.4569298 4418459.4631767 4419904.9985246 4453347.3905721 3115767.1823406 4336043.4325195 5185858.6121304 4419397.0656643 3683940.4981514 9664320.3499080 4419304.3758069 9949117.2553386
 317818.3187485    1899.3467385    2195.7745479    1577.9045093   13499.5716101  176271.1008062 4415355.5031345  137422.1460558   19650.6090451    2151.0726961 19825468.1584346  198643.0410936 7223292.5220435    2201.2016819 4417198.0253910       0.0000000 16653801.6386403  199362.8158575 2148269.9543838  523343.1690327 27883406.6448736 1005543.2645417    1237.9557145 7334616.5036212    2199.6589995  158277.0613369    2040.0572649    7442.8245493   28184.8448649  227978.3113317     244.0726059  207900.4684905   12679.3736627  125221.3418346 13349452.8358449 6727522.3156702 1359885.2783275    2631.4082472 10046603.2376656  636031.6234919 4816194.6689201  532564.4644046 5934657.3369718 18692950.5834954  137871.0314921 14479641.2741861   28200.2986734    2745.8085547 6725065.2095800   55303.0848441   10653.6168313 5031675.6574201 7327514.7018432 10371972.3715783 32091240.5981656    2185.5931695 10935885.1016866  571962.9139159 9339012.4674770  276435.9749430    2201.9502618    2084.8615861 3269590.2071723 2421510.8991915    1997.0427955 20232100.6497086   22707.5914073 1217233.1821165 1355613.1536281 3501913.3394837   20982.8844450    2189.9802785    2193.0814418  281048.7291445   22221.3631073 19466207.5729356   25513.1075784  470906.4178778   29504.2070270 20545672.2815315    5181.3586850 1949400.7288625    2202.3711739    4322.3254898   53490.3150594 27763250.0437799   30878.2629654  483307.7574567  136793.6486258    1261.4448877   70908.3482543  548874.9127797 1301430.8529445   81154.6025405 9603049.9414649    2204.1090426  859538.8567818 13017882.0673464    2106.3646154 14366264.9496210
16654554.9956540 16653811.3835035 16653790.6603030 16653768.7904812 16652336.7962013 16652481.5653703 17226046.7659699 16654276.5593724 16651739.4149343 16653792.9321610 25085933.8249871 16654485.5819174 13653482.1792887 16653805.4113628 17226543.2410417 16653801.6386403       0.0000000 16454448.6565188 16608455.8817545 16661652.6643783 11235890.3167570 16683204.8474100 16653799.9229468 9319191.5094593 16653573.6778174 16654447.0440117 16653745.8990726 16646693.1786495 16625703.1160205 16618982.7734156 16653801.1122108 16445901.5407215 16653802.9937396 16528851.0540905 3304446.3597237 9926285.5034253 16708242.7675790 16652320.3652003 6607208.1246536 16125920.0019180 11838105.5135517 16121240.7720831 17675435.5304117 25024868.5781086 16529651.7130489 22060393.7682288 16650254.6520051 16652036.4903361 9928790.6330171 16653861.7246522 16653349.5415937 11622129.6467518 9326672.8738615 19613206.5030267 36054027.0676971 16653778.4613626 5723584.3934430 16663212.3239161 18593456.3163987 16377376.1586052 16653810.8590215 16653810.3405371 13384234.7266772 16807676.0952872 16653797.6877886 26173740.0664143 16631202.8382721 15436572.4105140 15298189.9575296 13196348.6816880 16632934.6276928 16653808.2137506 16653809.4387156 16655894.9886687 16631691.4465884 25608876.7461271 16628380.6565009 16659995.6012907 16653765.1156124 4547826.0900482 16653700.8663641 16706155.4699107 16653786.4911459 16653802.9391260 16605772.9545281 32364596.3674190 16622943.4374466 16641352.2566582 16517024.8636694 16653806.8369550 16582927.2679047 16104933.0697130 16703497.5386297 16653901.1270503 19207443.4968197 16653653.9513831 16261880.9952275 14331921.1599416 16653811.0391361 21942878.0088462
 375627.9058910  199362.7483040  199342.1065859  199320.5598182  198480.2198349  265730.3545761 4421673.9338104  243176.1342539  198448.5019239  199344.3382770 19816026.5648864  282465.7404636 7108129.1449071  199356.8632135 4423515.7680321  199362.8158575 16454448.6565188       0.0000000 2142413.4959970  561734.9535222 27684118.7099780 1026864.7212923  199377.1191434 7135261.7795383  199125.1163647  255690.5655172  199297.2480813  192244.6399472  171254.5913701  279491.4252890  199360.0274233    8691.4798737  199887.0345102   75092.0054018 13150103.5793592 6528167.5024053 1376223.5886227  197871.7922004 9847248.6528686  483404.0794534 4616882.1972008  333207.8844441 5939822.4063173 18695811.5430887   97194.2451205 14482837.7060750  198058.9071075  197587.8647850 6525719.6818312  207386.1324459  199297.0672415 4832320.9973969 7128183.4582164 10375712.2176242 32092465.7835460  199329.8975393 10736606.1607989  607433.7421463 9331021.1776242   77073.7013654  199362.3116294  199361.7053428 3070246.0469607 2429904.3885075  199349.0313308 20234571.0312294  176754.3288277 1017876.9271374 1156258.7023584 3304978.0053217  178486.0947303  199359.6542752  199360.8823008  346019.3878754  177242.9365447 19469052.6541714  173932.0875850  512998.6794080  201760.2297382 20348200.0150295  199379.7164910 1955248.2373687  199337.9441728  199453.0631113  153438.3681868 27765787.3433205  168497.0376507  517179.8346867   62576.4211429  199359.5032981  128478.7761931  349516.2402778 1318392.9145266  215897.8746282 9606686.8976388  199205.4012169  786295.8258305 12909600.3388484  199362.4149718 14368679.3711705
1831600.2526448 2150163.1392045 2150456.7030838 2149838.9172778 2134774.1162990 1972508.8296275 2282123.0169769 2011377.9343625 2128623.3286246 2150412.3695319 17677858.3399833 1950383.2026642 5509520.1032519 2150463.3964237 2283961.7557580 2148269.9543838 16608455.8817545 2142413.4959970       0.0000000 1627421.3632001 27744680.8020132 1149492.9424238 2147036.3930702 7466310.7217921 2150430.2477570 1990609.7915943 2150296.9971622 2149871.1282645 2148244.5015171 1920997.3501382 2148513.0859539 2140914.3667090 2135637.0717185 2133002.9819284 13334813.1279508 6887027.3129612  801636.7542061 2150310.6346550 10094206.1450343 1824741.9283528 5078383.5161989 2170511.1233005 3798504.9890525 16553406.0380947 2081506.0122979 12340466.5564514 2120093.9875434 2150215.1970830 6876017.7627604 2093172.3185836 2137626.1946585 5301364.7781567 7441268.1557245 8233469.6979079 29950123.2148838 2150445.4203976 10922685.5624238 1579116.6534719 7191617.5773194 2144777.0022316 2150464.5923364 2150347.8904183 3749099.0973421  324566.6888044 2150259.3257507 18092157.5857578 2148666.4486054 2379485.0705518 2441825.0284736 3672126.2070130 2148779.2729073 2150452.4493828 2150455.6399784 1868379.8522184 2148703.0813203 17326645.4076527 2148402.5637805 1679524.2127657 2118870.1172982 20201034.2415237 2143099.9299693  227551.0732129 2150462.8942598 2143963.5805438 2121227.3790224 25623374.5812532 2146958.4961221 1665604.9633138 2143045.6969120 2149527.2044680 2145555.3938808 2173850.3072194  858634.7789143 2067416.0540536 7464455.9538787 2150448.4077954 1402926.7350648 11185924.5553395 2150369.3714513 12226270.5927705
 205541.7584455  525242.4977305  525538.9071449  524920.7074635  509924.9551623  347091.4413076 3892012.3342979  385921.0231068  503805.0318420  525494.2168510 19303143.3339966  324700.6544428 6809482.9157654  525544.3697449 3893854.8564741  523343.1690327 16661652.6643783  561734.9535222 1627421.3632001       0.0000000 27878821.9146560  482200.1208409  522105.2136362 7353409.3729634  525530.8571623  365066.1078194  525382.4243729  525591.5383316  526276.3714495  300441.4880653  523587.2406329  563351.6423100  510663.7965904  529994.2695680 13358446.8676180 6748024.4254935  836542.1094971  525519.0045784 10060313.2758589  559132.7560241 4837861.3940467  747753.1143849 5411314.1684638 18169607.4202315  479874.5131719 13956298.1052118  495380.0231016  525448.0421133 6743410.8988523  468040.0847382  512699.1703787 5058975.5881387 7341800.1132448 9848629.2025974 31567907.4122575  525528.6213299 10938162.3257445   48619.7450328 8816664.4919521  593801.7598090  525545.1065154  525428.0185874 3309094.5663584 1898189.9353860  525340.2043301 19708758.2572059  526031.5291417 1325809.2391545 1453470.3553308 3466487.8110684  525943.3260836  525533.1438915  525536.2420133  242294.4640163  526011.0185536 18942864.4039576  526104.3153757   52436.9290922  493838.9933735 20485448.2980963  518162.7448464 1426399.6184424  525545.4760128  519020.8452239  502098.6141015 27239906.8749595  525340.3403313   44706.7020396  542898.6092292  524604.6067498  530241.4944758  759908.9965540  778087.6905675  442188.5786618 9079707.2396445  525542.2309632  470512.6057487 12586316.8833781  525449.5193462 13842926.1091150
27877396.6875490 27883449.4633703 27883433.8974568 27883401.2797990 27881705.8413256 27878637.4489967 28151478.4835267 27881256.9113294 27880999.3540053 27883435.3920168 32901351.0775887 27880149.6188210 24175318.0072107 27883448.7410366 28151760.4042611 27883406.6448736 11235890.3167570 27684118.7099780 27744680.8020132 27878821.9146560       0.0000000 27883076.3722416 27883383.3245229 20550479.2469268 27883216.8101126 27880989.1672193 27883386.4229870 27876337.6710332 27855350.7810835 27844049.0361741 27883410.3737221 27675545.2442452 27883184.9637298 27758330.7054691 14537123.9368709 21157399.0334842 27891862.7102205 27881963.4636113 17839437.0540954 27347850.0995332 23067293.9587041 27350962.5156800 28402207.9059686 33284287.5962875 27758185.7239393 31184633.4942977 27879362.8945863 27881678.3867331 21159252.3704988 27882465.4118654 27882767.6447956 22852775.4896394 20556365.0870603 29572950.6508355 41998806.0581371 27883421.5217197 16947539.9925980 27878890.7030841 28706823.6394657 27607065.6112840 27883454.2005997 27883451.6465921 24614182.2141187 27924841.5738464 27883437.4690439 34123781.8458147 27860849.9411590 26666425.2699051 26528046.6484041 24412426.2921384 27862581.1534001 27883451.3478091 27883452.6264290 27879644.1540032 27861338.4728309 33715060.7396333 27858027.2519743 27878708.8825737 27882845.1324243 7794100.4818705 27883215.2323663 27855914.4684595 27883429.8431815 27883332.3502582 27834967.8528766 38989057.5068191 27852572.5347728 27859709.7546787 27746688.2053944 27883433.8189601 27812581.3067445 27334669.2738301 27890003.4416177 27882011.3759339 29313656.0234867 27883297.2686048 27470999.1134229 23071696.1209469 27883452.7188973 31082785.8993311
 687734.0183761 1007442.5949476 1007738.9998046 1007120.7950850  992123.7150826  829287.1918255 3409812.2620349  868121.1235720  986002.6158127 1007694.3100323 18821917.5872151  806900.5395454 6442180.3683215 1007744.4656460 3411654.7857819 1005543.2645417 16683204.8474100 1026864.7212923 1149492.9424238  482200.1208409 27883076.3722416       0.0000000 1004305.3089824 7403286.7091808 1007730.8792369  847266.2090030 1007582.5060165 1007767.0927905 1008111.4032108  781283.0324811 1005787.3359850 1027004.6580639  992863.8935822 1005025.5688941 13384637.4092300 6802378.1849029  354342.0861440 1007717.7799975 10096752.8339732  844150.9283694 4907180.1221147 1139134.4888203 4929114.0904851 17687407.3214890  953813.7402257 13474098.0314285  977573.0555029 1007646.3362889 6795823.2018846  950240.1832572  994899.0737304 5131251.7213203 7387611.9051430 9366429.1296997 31085715.4664938 1007728.7111607 10962181.6481587  433580.3794555 8335477.3514116 1044904.3367821 1007745.2035639 1007628.1155511 3416579.9680703 1416021.8460320 1007540.2986001 19226558.5515286 1007994.4331461 1580038.7255330 1688235.8076812 3503206.6115224 1007940.8101336 1007733.2403886 1007736.3387670  724494.5362592 1007983.9570313 18460664.3298567 1008004.9838355  534636.8482428  976039.0794375 20441449.1193611 1000362.8148109  944836.2786285 1007745.5677187 1001220.9416485  983159.5556129 26757706.7975291 1007099.5600662  522955.3075676 1016798.4241177 1006804.7031376 1010157.6083384 1147423.8006379  295887.6071789  924388.6656606 8597507.3366113 1007742.2841448  478885.0309625 12194913.8589679 1007649.6164511 13360729.3970253
 316580.3835679    3137.2974590    3433.7135968    2815.6879014   12269.5109128  175033.2255074 4414117.5477149  136184.1906956   18419.8319296    3389.0163736 19824232.4939979  197405.0861295 7222296.3685599    3439.1573764 4415960.0699765    1237.9557145 16653799.9229468  199377.1191434 2147036.3930702  522105.2136362 27883383.3245229 1004305.3089824       0.0000000 7334616.0673017    3433.2234773  157039.1059722    3277.6932430    7897.0407161   28306.7449370  226755.9915496    1482.0270086  207904.7152231   11441.4188543  125144.6208844 13349449.0233694 6727521.9633710 1358647.3229114    3719.7055666 10046602.6371021  635351.5074194 4816178.0491420  532568.6186198 5933419.3815378 18691712.6279817  137337.5944586 14478403.3187760   26972.5290788    3777.9612611 6725059.7240681   54065.1295861    9416.8580868 5031675.2963017 7327503.5365505 10370734.4161690 32090002.6605698    3423.4910921 10935860.0514244  570724.9585131 9337776.6816009  276447.6822800    3439.9030917    3322.8144941 3269584.4904946 2420272.9777580    3234.9939319 20230862.6945939   22860.0240322 1217235.0877993 1355613.7060002 3501736.7991881   21146.8498918    3427.9350871    3431.0354647  279810.7735471   22377.1416602 19464969.6175258   25646.0676742  469668.4622839   28266.2516296 20545513.4229730    3943.6718372 1948163.3384008    3440.2991481    3084.3719798   52956.2184378 27762012.0883582   30945.8206060  482070.7381306  136816.8504418    2499.3983919   70955.6155101  548880.4001696 1300192.8974476   79916.6468544 9601811.9859611    3440.2027335  858449.7787003 13016852.7733161    3344.3168757 14365027.0005522
7339534.8065330 7334624.5129185 7334603.5436851 7334582.1945643 7333171.7703588 7334655.5895657 8562030.7684028 7335947.2355502 7332588.1302231 7334605.8522086 20713123.1142295 7337001.2146849 6559697.0990846 7334618.2902788 8563004.0030092 7334616.5036212 9319191.5094593 7135261.7795383 7466310.7217921 7353409.3729634 20550479.2469268 7403286.7091808 7334616.0673017       0.0000000 7334386.5677573 7336373.4464965 7334558.9114904 7327506.0558190 7306516.0003923 7301965.9879088 7334615.7387525 7126716.1198789 7334636.4962282 7209676.8360814 6014895.1929239  607094.3354976 7459961.0078471 7333133.2660926 2711986.8981105 6812278.0818275 2519628.2539191 6802054.0257297 9435959.1721940 20081318.9713192 7210666.0719715 16233076.1671826 7331126.9910488 7332849.4502690  610226.5314936 7334847.7969423 7334179.2268756 2302940.8501222   63932.9717857 12704911.5829828 32876918.9025431 7334591.3531660 3605656.5739382 7357039.0392937 11525923.6433402 7058188.9452033 7334623.7373366 7334623.3151810 4065082.6343376 7705875.3191305 7334610.7353599 21510757.6447539 7312015.7080491 6117384.8934467 5979003.5011971 3900349.7526866 7313747.5117365 7334621.1018585 7334622.3242865 7339998.3378511 7312504.3163284 20803976.5986564 7309193.5713574 7349719.6347370 7334642.2852292 13304437.1970702 7334521.8642395 7531300.8662810 7334599.3691503 7334622.7796007 7286632.4752321 28717534.7029844 7303757.2637511 7331557.9677047 7197837.8255484 7334620.5185654 7263740.1721399 6785745.7439905 7449382.1305016 7335047.2539486 12077725.0128754 7334466.8320135 6967024.6879147 10821142.0964924 7334623.9960131 16106011.4566876
