      0.0000000      59.0363632      68.3673944      44.0112356      18.2634369       3.5172153      26.4734799      39.2811269      16.1634912      59.0968549      45.6854247      10.7315492      49.1317058      75.7850693      29.3274963      43.7132244      57.2334037      48.9301079      29.2717696      39.9847230      57.2516435      15.2997787      41.5555725      65.0942565      60.4279716      39.9813544      49.9008545      67.1115575      59.4719518      17.3506718      43.9122612      41.3114437      41.0795614      32.1092560      54.4267650      75.9130617      29.1072632      55.5307361      63.1978227      33.3838312      47.6195878      49.9459947      22.9038419      24.4765976      26.5424568      37.9324780      14.5695815      48.3379181      50.7984637      42.6811009      21.3353975      59.3038611      50.0986291      45.2426999      38.9532486      63.2438254      51.6109037      35.2776197      39.3138714      66.4839593      79.9696959      61.3093218      47.8742239      18.2357014      52.9495584      30.1012331      71.6302495      62.0215592      51.2539859      44.7323220      60.0237484      69.7353408      71.7143675      19.1453247      72.2009782      42.4314909      53.8652042      16.6364576      26.1561991      56.7283096      28.7606991      23.0191891      74.8445479      41.8515537      24.2448758      28.6203512      37.7098842      13.6241432      52.0580434      49.5630665      55.2714115      73.4952911      17.8004189      23.7761211      23.1087970      67.2177737      32.2243307      53.4484141      63.1367749      30.3648731      55.7711042      50.4766497      23.5885807      25.3459290      54.6451668      24.3945386      64.1803143      35.4360951      45.6333877      81.5863051      45.6884649      29.9601407      23.1364938      22.8794761      46.6034368      17.9178857      57.8348140      14.1618269      42.1049128       8.8615115      20.0342225      55.9911586      38.6393084      47.1093793      32.8606792      48.9214616      25.6665186      21.6808555      18.2690247      18.7344245      36.0457901      33.8792736      59.8613814      37.0136710      31.1476709      40.3240191      35.5144653      55.8401564      36.5972782      10.6797102      49.8021785      51.2807990      21.2653197      13.7659320      15.5994033      11.3833817      29.6450280      65.6338001      64.1890255      78.1238977
     59.0363632       0.0000000      25.6127322      19.1099309      46.1799134      56.7653559      61.0968229      36.9143821      48.9659979      17.4758436     104.1378963      50.0255201     105.7660666      27.6637437      60.0300435      15.4133478      98.5198959      69.1888344      86.8597976      44.8180374     108.4613849      56.1873507      17.8381613      90.8522961      33.5317012      37.6994882      21.4688766      55.0924506      59.4720365      71.0699291      15.1430053      70.3237109      23.8822106      69.6887210      98.6319219      91.8208308      52.3880102      42.0498498      92.8506433      86.1997367      93.9833373      75.2270660      65.2000969      78.8720678      73.6203567      65.7230690      52.7755165      41.3215588      94.3142127      31.4824404      39.6388381      88.7529634      96.3476512      62.7301332      97.9893876      23.8645828     101.2491906      45.7895370      97.6429918      73.3355760      27.6828133       6.2804606      89.1842414      77.2502409      12.6200206      88.7817600      62.8572927      80.3517342      81.1510466      97.1259146      58.0337200      19.0613475      19.9841714      46.8542178      63.0178984      66.8815405      57.6556143      50.8455399      34.0593155     111.2291798      30.6790278      81.3364464      32.4137882      19.6844381      66.2215249      75.6063139      58.4829970      70.6872386      67.0163656       9.4738757      63.6312270      78.8713218      56.5802327      38.8623318      81.4023678      35.3746309      87.2300746     110.4702615       6.9364653      89.3573912      98.3512223      97.6322189      43.0983888      65.2815721     111.2452340      76.9847285      24.7382031      24.4045930      64.5992544      87.5488386      17.8574246      52.3774359      72.4928514      81.9120843     103.7816998      52.0507085      79.8662034      57.2986394      29.1556833      66.5604404      66.9375632      58.9734663      84.6501906      12.9557445      91.6933419      67.4426638      76.9787635      80.1722791      66.0507965      40.3025045      93.3528927      85.2393347      86.4604538      68.6927004      39.7092893      40.1647326      63.4825661     104.3572806      23.4205250      60.2607979     106.5837342      66.3383703      60.7420550      72.6767217      71.6386330      69.9138552      59.1744408      41.4934928      43.8564056      99.0089857
     68.3673944      25.6127322       0.0000000      25.6285075      51.1711365      65.2480323      78.7894192      59.0323499      53.9147648      10.5954487     109.3134145      62.2703094     108.4434761       8.1532177      78.6142619      33.2313876      92.3182513      58.9037467      91.7777102      67.0233014     106.7356687      70.9647021      35.8209659      78.7979342      14.5969240      60.0172141      18.4957939      34.7013085      43.0808896      75.1537731      32.4769683      63.5213085      45.3998065      66.7740978      93.8507725      75.7991078      71.5091811      26.1328528      82.1472976      87.5447389      90.8196898      65.6402531      81.2933038      91.6737877      73.9718178      85.7748154      57.2843173      29.8755268      89.6754354      54.4173435      47.0469028      78.5229121      92.8596520      84.7276822     105.5976307       5.1588349      99.1432993      66.8023602     102.8899503      56.5670885      14.3074520      19.4182901      84.1494239      85.2600850      18.8204831      98.0970989      42.0777409      66.8829754      72.3460079      97.0836216      41.1853984       9.1554111      10.3321587      62.5652098      42.0597347      87.8127741      43.5708824      65.9985335      49.1436673     111.6700160      41.2083777      87.5534101       7.4441936      40.1409022      66.2021417      91.2370565      51.9913534      76.7968098      55.0242135      28.9154226      49.7128864      60.6548712      72.1409874      54.9109887      91.4234417      11.9488700      89.9049720     113.3224001      19.4441917      97.7147811      92.7939710      94.4871420      46.2745506      64.6835816     113.5972094      90.5578210       4.3534019      41.3488477      86.4747528      68.4738988      24.1525984      71.7325225      87.0579387      89.8900234     107.1555141      55.1516400      67.9927458      61.2215805      51.8038120      77.0441247      81.8088625      44.0740327      82.5338498      34.0748370      98.2887542      89.6448086      91.0914076      86.7277596      68.5682716      51.3610898      97.5011684      85.8461398      75.3780274      63.4947298      39.5996264      33.9896410      58.3063121     101.3297339      33.8353239      73.2185871     109.3701110      54.5762207      76.9837907      80.5591422      76.9336043      77.3949662      56.3539083      19.7413190      23.1517571      84.0814047
     44.0112356      19.1099309      25.6285075       0.0000000      28.5764224      41.1857344      53.2867337      36.1669637      31.4333608      15.4429868      87.4841341      36.9343312      88.1889673      32.2785644      53.2835140      11.5914174      79.4107849      50.6508796      69.9589376      43.8066719      89.7919204      45.3604213      13.1782704      72.4200746      23.8242378      37.2727051       8.3939154      42.2605932      43.5852708      53.6564533      10.8328841      51.2752094      23.4109379      50.6666791      79.5706944      74.6720842      46.4214338      27.7797378      74.1251649      68.0772610      75.0479150      56.4692086      55.6649285      66.4822607      55.1318886      60.8147973      35.1740852      24.6999587      75.2527921      32.7703860      22.9454044      69.9779855      77.3856310      60.8244373      82.4288827      20.8889275      82.4862469      42.7179580      80.9723624      56.9975442      36.0092470      18.6600465      70.0939646      61.7130581       9.0888367      74.0958303      49.7317760      62.4603259      62.2284322      78.7376399      42.4982738      25.7363202      27.7050459      36.9539923      50.0361990      63.2132553      40.7482535      40.3707525      23.5976411      93.0348898      15.7599268      64.9451196      32.8309748      18.2569250      47.5727775      65.6283528      39.5001593      54.1125085      48.9658667      12.2407094      46.3663602      63.1483573      46.5126978      29.3987700      67.0856738      29.0018255      69.5118750      92.9796110      20.5074144      74.1285726      79.2544978      78.7124536      24.7454264      46.5163203      93.5954250      65.1978451      21.9576238      16.8083226      62.4527774      72.1077881       1.6836162      46.7209859      61.5305312      66.4077885      86.4291460      33.9386193      61.5260485      39.5852653      30.1018854      52.3902474      56.2321033      42.3611598      65.8036559      15.1943571      75.5801817      65.7992943      65.6418801      63.9272869      48.0322182      26.0914078      76.2064852      66.9187746      67.8605033      49.5841523      20.6426608      21.7056005      44.3813825      85.4754771       8.2068712      47.8592319      89.0477653      48.2381328      51.3609255      57.0153503      54.7167209      54.0021588      40.1019799      31.8423812      32.7805299      81.3253838
     18.2634369      46.1799134      51.1711365      28.5764224       0.0000000      14.8110574      39.0012964      39.2139546       2.8578344      42.6401052      58.9593389      17.4671580      59.7179561      58.9010526      40.8218575      32.0796373      56.1150515      37.0071726      41.4063282      43.3481083      62.8014187      27.6156955      30.7300542      56.7531708      42.3068608      40.2537469      33.0080468      49.4624997      43.0332655      25.0944441      31.9775018      32.2675862      34.6826310      26.8097074      54.9903334      64.6338829      37.2067160      37.3463644      56.4080276      40.0480237      49.3882858      40.1881696      37.8928616      42.7173312      27.9256085      49.8184755       6.6259850      30.2003836      50.7810178      40.1609594       7.1101622      52.1776885      51.8703902      54.5622952      54.4738459      46.0125066      55.8637704      39.5401865      52.4540054      52.0500091      63.6245801      47.0512034      46.3260475      34.1015886      37.6453050      47.0413072      54.5489230      50.6603108      43.7223955      51.1145045      43.2812135      53.6424939      55.6861756      24.4124675      55.0910994      53.7650672      37.6737324      25.0783079      20.5783444      65.0761000      16.3257560      36.6071353      57.2921225      33.0931688      21.1703354      45.6754511      24.2195766      25.7723226      38.6338023      37.1020752      40.2829688      59.1418760      29.8901623      22.6878009      40.6630508      49.1331750      41.0978542      64.4780244      48.9122323      46.5476626      55.3696006      52.8915148       5.3256809      20.7820256      65.1625531      42.4450011      46.8818519      26.3780212      55.5169910      67.7911119      30.2321900      37.9339451      40.4649813      38.7203709      57.8836822       6.3560417      47.4900835      11.1242781      38.5133407      27.1068321      36.3335808      39.8348051      39.7954617      36.2799085      47.3213206      59.0676839      43.5435004      35.6874621      19.9076191      12.1115960      47.6305565      39.2105822      51.5236965      28.7787452      12.8842665      22.1482919      24.9961404      59.3536460      22.7710823      26.4277680      60.5603362      37.7996240      34.7503833      29.4104418      26.1993126      26.2295268      18.6975288      47.3704341      45.9577119      68.6329945
      3.5172153      56.7653559      65.2480323      41.1857344      14.8110574       0.0000000      28.8658715      39.2084538      12.6543783      56.1264306      47.5071848      10.6008576      50.2861731      72.7451213      31.5280410      41.5569870      55.9743517      45.9387365      30.6226914      40.6129342      57.3133688      17.3436315      39.5170490      62.6791895      57.0533055      39.9878519      46.8197718      63.5988899      56.0333509      17.0731188      41.7049115      38.6265392      39.8291782      29.8063190      53.4584034      73.1082190      30.5417953      52.0310430      61.0129617      33.4115414      46.8174780      47.2407244      25.8187898      27.9762044      25.2372462      40.3146896      11.1158430      44.8328906      49.6866476      42.1853029      18.3249717      57.0442232      49.3235078      47.1542466      41.3800311      60.1109556      51.3531949      36.0111649      41.0564316      63.2550579      77.0547984      58.7811069      46.4503704      20.6024542      50.1898990      32.9565879      68.1495326      59.1625569      48.8770893      44.8638422      56.5618032      66.8607531      68.8566416      19.5467791      68.7184673      44.7345444      50.4406490      17.6861220      24.6693755      57.4043787      26.2332383      24.6925902      71.6427724      40.1836244      22.0365639      32.0030166      34.4745290      14.4820039      48.9051360      47.3096409      51.9603838      70.2873847      19.8824798      23.0350892      26.1778109      63.8580523      32.7622585      54.7391672      60.6213040      32.9587829      54.6324776      49.8327523      20.1355401      22.9509693      55.8179619      27.9104522      61.0327865      33.6098754      47.6633123      78.4581572      42.8680839      31.3849049      26.5540687      25.2974381      47.9124517      14.4709892      55.0955548      11.1643073      41.3954434      12.2996562      23.2232733      52.5722944      37.5927951      45.1300337      34.9287776      51.0276901      29.1693630      23.4620492      16.5683105      16.5932723      37.3374233      33.6132916      57.4206254      34.3827752      27.6903651      36.8261882      32.5742543      55.4657178      33.9863260      13.5613645      51.0035191      48.1184890      23.7954393      15.9536682      16.0610297      13.1536486      26.5675799      62.1735181      60.6998051      75.5837345
     26.4734799      61.0968229      78.7894192      53.2867337      39.0012964      28.8658715       0.0000000      27.2892624      38.3849197      68.3027124      60.3067571      21.5394050      67.2139194      84.7516617       3.4621839      46.9165565      82.8649336      74.4381481      48.4006675      22.5907380      79.5100429      11.6905750      44.1972132      91.5129398      75.2714877      27.1973974      61.2612806      87.3303525      81.9501154      42.4174507      47.5164264      67.4750009      37.5479840      58.5602469      79.5499566     101.8372374       9.6177369      73.8489794      89.6706893      56.7141443      72.4972353      76.0739358       6.7843860      23.9864934      52.5759666      11.4634869      38.7411050      67.2669585      76.2352802      32.9760412      37.1717232      85.7735808      74.8754983      19.5487540      50.0837644      74.1677170      75.0374551      18.4967769      55.1256122      90.8519145      87.1671650      65.5997704      73.8169858      35.0233789      60.4289958      39.2126671      93.0503510      87.8430872      77.6879846      67.1981402      82.0863948      77.0452527      78.7037744      16.6491053      93.5633296      15.9686320      76.6568800      14.2569634      29.6895643      76.6206853      38.5974110      41.8398771      86.0861598      41.4194409      50.7100337      15.7983135      62.3558475      37.1067087      76.9436602      52.6473353      79.1832659      97.9438696       9.2210460      23.8910751      32.3604097      81.4285335      54.1086011      70.5422341      67.1350474      41.8377187      81.2061175      74.9464233      43.3813593      51.7536987      72.2871126      20.8592291      75.2406216      37.8860864      19.5810776     106.4259570      54.6784438      10.0525253      15.3370400      37.7562606      64.0862863      41.8706599      83.9018414      39.9408745      34.1625595      23.9896285      11.1772896      78.8172647      64.1285653      48.2034599      47.6340095      22.6642189      19.6926570      40.3285065      44.6780188      30.2369861      54.5928821      57.9322881      86.2638694      63.2460890      49.9934675      59.4341499      61.2263407      79.5000551      45.1454752      16.0525234      67.6035651      76.1290170       5.3244151      33.2066175      39.5560892      33.2335119      55.0337658      82.1620645      81.7117470     104.4495332
     39.2811269      36.9143821      59.0323499      36.1669637      39.2139546      39.2084538      27.2892624       0.0000000      40.5622583      48.5693844      82.8711239      28.6870308      87.8089977      63.4039681      25.1831018      25.9259650      94.0577352      75.3350622      67.9248327       8.0194705      96.4607840      27.9559992      23.5139625      95.8407970      59.9896678       1.1591134      44.4865671      77.2196075      75.7110414      56.2680841      26.7140220      71.4555403      13.6449992      65.5147750      92.1037612     102.5418170      17.6825378      62.6301511      95.6218671      72.5552655      85.7196754      79.1794378      33.1118393      49.7210783      63.7921043      29.2377534      43.2441124      57.6923438      88.1322744       5.8688974      33.1845137      91.3897517      88.2405873      25.9227889      73.9647914      55.2679034      90.5591323       9.3355094      76.9136353      87.5428084      64.4300264      42.4257438      84.2981682      55.2734373      40.3076311      63.3448209      84.2403735      88.8430236      82.9352868      83.9660530      75.1567852      55.0086752      56.3234978      20.2828968      84.6299096      30.0139048      71.4578344      23.6598010      19.0206245      95.8988602      27.6335726      61.3403193      66.4610880      18.8994081      58.7792066      43.0469457      62.4009879      52.8886363      75.9232857      30.2897709      75.8070862      94.3870418      26.8864716      16.8916885      55.8550955      64.8907660      71.4950142      91.8443550      43.6312351      65.1897931      92.9780815      88.8688835      40.6847708      58.9458707      93.2451782      46.9868458      56.3532034      19.6871214      27.7564626     103.4010374      36.9677213      17.3384896      41.6432636      59.2474814      85.0438441      44.9950951      86.1861732      46.8333982       7.7893419      42.8730978      36.3775979      73.4613856      76.2783319      25.1675167      69.7322779      30.7478111      46.2532345      59.8658409      54.8963102      27.1396524      74.6650110      72.8217425      90.6464672      67.9842951      43.9595457      51.4405308      64.1228348      94.6442896      29.7868235      34.0591257      88.3973206      75.0902453      29.0912674      51.7368686      54.8692241      50.1774496      57.8891941      67.9801304      68.7000361     107.3230845
     16.1634912      48.9659979      53.9147648      31.4333608       2.8578344      12.6543783      38.3849197      40.5622583       0.0000000      45.4650914      56.1048189      16.9259877      56.8857241      61.6780091      40.4096006      34.7365871      54.1186983      36.6774651      38.5495971      44.2570907      60.2144233      26.8146227      33.3048511      55.8239795      44.7803924      41.5679586      35.8100289      51.0755766      44.0797379      22.2451305      34.6590946      31.2514220      36.8057807      25.0351244      52.8025724      64.3204932      37.3031149      39.3825057      55.2084066      37.3120810      47.0510266      39.4114878      36.7996412      40.6293424      25.4072854      49.4232779       3.8096189      32.1793474      48.6305790      41.8536655       9.6019705      51.0089169      49.5468971      54.6482101      51.6963803      48.7560608      53.3482803      40.2659465      49.6004110      52.4676218      66.4439677      49.8961586      44.3168314      31.4081301      40.5030562      44.4095241      55.8840710      50.3021748      42.5590128      48.4390396      44.4505471      56.4798547      58.5254049      24.6002134      56.4396500      53.4972989      38.6064852      24.7978704      22.3030371      62.3312238      18.8959317      33.7823411      59.9658207      35.4737936      18.9297597      44.1389995      24.1384572      22.9557772      38.6999658      39.8436949      40.8145113      59.5602320      29.1879463      23.7995741      38.1536166      51.6236460      38.2817669      61.6393317      51.7573485      43.8342868      53.2875209      50.5146441       7.7655000      18.7229002      62.3367322      40.5193951      49.6139334      28.7164147      55.5140543      68.0825069      33.0896948      38.0622280      38.8259659      36.0028025      55.0362350       4.4328547      46.8937011       8.3398627      40.3275109      24.9209038      34.9435452      40.7629611      37.4443278      38.8892652      44.5035977      59.0415009      41.7086648      32.8796667      17.2021331      13.4701375      44.7744484      36.5399563      50.5633579      27.5460340      15.2010621      24.1824247      24.1587688      56.9101628      25.5472133      25.0132928      57.7248000      37.8748124      33.9033662      26.7336092      23.3486036      23.5309598      17.7802250      49.6123607      48.0679634      67.9699361
     59.0968549      17.4758436      10.5954487      15.4429868      42.6401052      56.1264306      68.3027124      48.5693844      45.4650914       0.0000000     101.4504194      52.3637669     101.3320639      16.8400333      68.0678118      22.6934147      88.3503387      56.3850596      83.8691555      56.5384263     101.1177022      60.7541946      25.2541079      77.4123418      16.2349199      49.5732848       9.8102785      37.9843551      43.6762484      67.3192041      21.9281415      59.4659780      34.9690749      61.1808814      89.3110506      76.5419794      60.9290812      25.9365528      80.1224003      80.7027628      85.6177145      62.8901983      70.9707254      81.8939407      67.3066226      75.1825139      49.0331423      27.0564565      85.0421373      44.1030849      37.8027092      76.2356240      87.8007162      74.1868306      97.0472061       6.8832057      93.6115733      56.2303569      94.9674935      57.5890056      20.9924355      12.1969500      79.6228502      76.4688001       8.2687382      89.0819795      45.7323277      66.1166046      69.3196777      90.7951630      42.0397699      11.1207445      13.1886513      52.1909035      45.8546422      77.2211259      42.7745032      55.7086509      38.7189805     105.3156268      31.1948961      79.2461384      18.0273223      29.6707920      59.5447696      81.0082560      47.5577696      68.4123130      53.3050371      18.7247874      48.9479469      62.6342296      61.8393658      44.4535863      82.2055971      18.0465819      82.6563377     106.1844229      13.1532249      88.9281658      88.5617207      89.3099151      38.1038988      58.2013445     106.6200441      80.6372061       7.9234305      30.7606473      75.9230734      71.0714628      13.8665596      61.1461308      76.9630885      81.1436151      99.8181210      47.2600036      66.4022563      53.2179198      41.4624791      67.6176941      71.6452757      43.7697164      76.8536799      23.8334488      89.9610390      79.1140650      81.0845209      78.3224085      61.1159619      41.4960718      89.8629492      79.2342105      73.4731237      58.7554283      32.1981396      28.7049950      53.4570056      96.1609230      23.5887677      63.2959296     102.2298663      52.7286466      66.6274004      71.7572817      68.7735912      68.6612232      50.5174913      24.0412261      26.5443711      84.2591523
     45.6854247     104.1378963     109.3134145      87.4841341      58.9593389      47.5071848      60.3067571      82.8711239      56.1048189     101.4504194       0.0000000      56.0020957      10.5580060     117.2882034      63.7317904      89.0359491      46.2604930      66.1762337      17.5812867      81.2288734      28.9534177      55.0224804      87.0238503      68.3213711      98.2736994      83.3257706      91.6987704      96.5726253      85.2218430      34.1760795      89.1583175      56.4195299      86.6387287      47.3605186      40.7912681      83.7105344      68.0749188      89.8400721      63.3311968      24.7355813      35.4341979      62.1362268      53.5728044      37.2669086      37.2773424      68.6255399      52.4484074      82.9966801      40.7711857      87.1714527      64.7634927      61.6903249      36.1352773      78.5882916      11.3626864     104.1950959      30.1771744      76.4939565       6.5138582      84.8693308     122.3604747     105.7363478      43.3503268      27.8208188      96.5700269      21.4989437      97.9403013      73.5287310      58.0435784      22.9883381      86.6997217     112.5208766     114.5752147      62.9149914      98.5630500      72.8770955      79.9562282      59.2566114      71.8401012      20.8326874      73.4675274      22.8218569     114.7422328      87.5327791      44.4213567      48.3810522      62.8272489      33.4805508      71.5531491      94.7192606      77.7140279      90.3001158      56.4622489      69.0605300      27.9473098     105.0236307      20.6790803      11.3053917     107.5942228      18.4970124      43.7894112      34.6299136      63.3474540      46.2501324      13.4860825      40.5899741     104.9625607      81.0622386      77.9483918      95.3607293      89.1520326      68.8309674      45.6876211      23.6306231       7.6731042      54.2402560      68.2546082      48.2366405      87.0067209      40.0784512      49.1315674      81.5309138      35.6460839      92.6359206      13.1419478      80.0387654      42.4200196      24.0549198      40.8432414      64.1003793      12.1083890      27.4035457      64.8719058      53.3458971      69.7145412      76.3579870      56.6954888      33.8106951      80.9877887      48.8185786      10.2132461      71.1568171      55.9972855      31.9585218      32.7691613      34.3993304      55.3470499     100.9905441      98.4098638      80.7444504
     10.7315492      50.0255201      62.2703094      36.9343312      17.4671580      10.6008576      21.5394050      28.6870308      16.9259877      52.3637669      56.0020957       0.0000000      59.8204311      69.2037766      23.4836535      34.6144240      66.3827271      53.4050680      39.9294905      30.0746652      67.7741444      10.2412386      32.2379979      71.6377937      56.2878721      29.4366354      43.8748396      66.3330258      60.4676707      27.5981547      34.9272384      47.1705860      30.6408190      39.2736696      63.9971154      80.9895015      20.8730128      53.3661152      70.4144169      43.8682376      57.4001980      55.6203610      20.8158755      29.5659050      35.7071817      32.4973401      17.7791144      46.5042575      60.1766980      31.9523679      16.5792482      66.3352988      59.9093395      38.0513928      48.5294562      57.2832487      61.9187605      25.5353389      49.7213585      69.3661844      72.7923628      52.9440847      56.7745840      28.2354166      45.4422348      38.8647389      71.7737554      66.9606613      58.0015551      55.2840295      60.6587333      62.4726133      64.3674353       9.0116545      72.3009560      36.5920208      55.1370787       7.9909963      16.1974346      67.4529629      21.1746887      33.5614469      69.1713856      31.8859346      31.7865753      29.6319710      41.0346378      24.3367875      55.6123382      40.6067410      57.6635715      76.4604698      12.4344350      13.1118031      31.4124765      62.8364160      42.9137137      64.0884797      54.7185241      39.7385727      65.1044720      60.4317450      22.0086144      32.4036195      65.3248272      28.2918314      58.2923366      25.8164811      38.8021825      85.0069973      38.5510155      21.6813491      24.9755503      32.6995923      57.2441524      20.6780849      63.3028975      19.9892850      31.3860756      16.6416063      20.0574356      57.2980228      48.1250208      37.6034764      42.9997995      42.2950363      28.8459613      32.1697943      26.9070008      10.9103128      46.7087291      44.1695239      66.3548655      43.1285209      28.9767733      38.5139923      40.4787313      66.0537547      28.9389609      10.9484379      60.4769918      54.7894121      17.3662755      24.0800527      26.2260551      22.0086520      34.1467078      62.4799003      61.6082217      84.1968744
     49.1317058     105.7660666     108.4434761      88.1889673      59.7179561      50.2861731      67.2139194      87.8089977      56.8857241     101.3320639      10.5580060      59.8204311       0.0000000     116.5416593      70.6750530      91.0797007      37.0516102      60.7775548      19.9136278      87.0176121      18.4648059      60.5181362      89.2935539      60.1854843      96.4907187      88.3767063      91.5217856      92.5081086      80.6653410      34.6962337      91.1092568      51.3741642      90.0926747      43.5180242      31.5511976      75.7613683      74.2254545      87.2338604      54.9224964      21.0234349      27.1022737      55.9941471      60.6462610      45.3766230      34.6160492      76.3617988      53.0919834      80.7261607      32.2060138      91.6526138      66.1294704      53.7421814      27.3144751      86.1272486      21.2032979     103.4140551      20.5619651      82.2247677      12.5765662      78.7780021     121.9720767     106.7549088      35.6151605      32.7810811      97.1892029      30.0148447      93.0997359      66.5955301      51.1460453      14.8043522      82.2975657     112.4527295     114.5207139      67.5551036      93.7173768      80.7690639      75.6938685      64.2020241      74.9553346      10.5116401      75.2233478      26.4697652     113.3688803      90.3828107      42.3141470      56.6876251      59.3862244      35.8041898      66.2887296      96.5044981      72.7526603      83.7248764      62.2591872      72.9058794      35.3013121     103.0793749      18.6978646       4.8824287     108.6149842      26.5251156      34.5914828      25.6061438      63.5243210      43.9422732       5.5329664      48.6383508     104.0991149      83.7148929      85.6528295      88.0966735      89.8178612      75.0236243      53.3596013      29.4797328       3.3441753      54.2922254      61.3836266      48.6229185      91.2002884      45.1227785      56.1146979      77.0758489      29.6098063      94.9495041      19.8773923      87.9830937      50.6041354      27.9518760      40.2551726      66.6171349      13.1475801      23.0969808      57.2049657      48.9050347      69.1647996      74.7479207      52.9513472      23.7684709      82.3635026      54.1791023       0.9915467      65.9945415      62.5284576      36.0721633      34.4131173      37.8187804      52.7757395      98.3752242      95.5332761      72.0893256
     75.7850693      27.6637437       8.1532177      32.2785644      58.9010526      72.7451213      84.7516617      63.4039681      61.6780091      16.8400333     117.2882034      69.2037766     116.5416593       0.0000000      84.3360482      38.2284362     100.2997576      66.6840890      99.7338067      71.4216128     114.8792051      77.5253470      40.9242832      86.1996056      22.2207426      64.3142993      25.9464940      40.6780650      50.0785813      83.1149024      37.5399594      71.5564847      49.8079270      74.9246537     101.9109253      82.4254701      77.0248084      33.7180516      89.7245085      95.6628375      98.9444067      73.4454542      87.6551244      98.7299136      82.0983485      91.0918838      65.1161010      37.8921909      97.7494886      58.3901315      54.4534786      86.1799396     100.9727710      89.3069274     113.3726241      13.1303159     107.2844717      71.6661345     110.8484883      63.2249692       6.6417769      21.4785696      92.2158405      92.9293641      24.3296061     105.6703392      47.6423284      74.1398418      80.1896249     105.2338946      48.1157498       8.6039338       7.9520897      68.8457682      47.5411849      92.8313559      51.0213299      72.4351692      55.3424514     119.8199062      48.0343426      95.3998737       7.4612536      44.7542512      74.3251510      97.7567667      60.0890183      84.6107254      62.6331631      33.1557709      57.0921000      66.8276650      78.5503684      61.0111375      98.8852777      18.0271806      97.9794862     121.4188805      20.7843946     105.3931308     100.8147473     102.6086489      54.1067854      72.8176287     121.7105725      97.4759177      12.4587826      46.9282373      91.1132246      74.2460419      30.6859653      77.1805114      93.7729242      97.5809867     115.2245624      63.0751357      75.4990166      69.1271854      55.8767083      84.3704976      88.4321596      51.3689332      90.6834771      38.2408477     106.1352049      94.1516743      97.9137960      94.5425161      76.5976687      58.3330489     105.5168490      93.9805905      82.9435404      71.6024949      47.5864184      42.1424332      66.4278929     109.4480304      40.3927810      80.1354887     117.4652646      62.2206582      83.2824637      88.2206518      84.8150780      85.0824065      64.5066154      25.9288986      29.5676691      90.9020895
     29.3274963      60.0300435      78.6142619      53.2835140      40.8218575      31.5280410       3.4621839      25.1831018      40.4096006      68.0678118      63.7317904      23.4836535      70.6750530      84.3360482       0.0000000      46.2591378      86.0259521      76.7516611      51.8499883      19.8364707      82.9279940      14.1887372      43.5373782      94.2044185      75.7354249      24.9724892      61.4020126      88.5313713      83.5711950      45.5829219      46.8969085      70.0310854      36.2633254      61.3150620      82.7818232     104.2456679       7.7066761      74.8318889      92.4865168      60.0572786      75.7497634      78.5996537      10.1657972      27.2424466      55.6252505       9.0136872      41.0240857      68.3972987      79.4224157      30.9831268      38.4514029      88.5507963      78.1408181      16.2326756      53.4522451      74.1011005      78.4021064      16.0720154      58.5767750      92.8307631      86.5027397      64.7585024      76.9093546      38.4690243      60.0696466      42.5864422      94.4335378      90.2304564      80.4049403      70.5975935      83.6308892      76.4738914      78.0764772      17.4350623      94.9342699      13.2365642      78.3607403      15.7627539      29.7885554      80.0802032      39.0697925      45.2801996      85.9665192      40.4310387      53.4969511      18.4309836      64.5008115      40.3594798      79.0850942      51.8492602      81.0973515      99.9252744      11.6504364      23.9845907      35.7895254      81.7541807      57.5082333      73.9946026      66.2383152      45.2532382      84.3975587      78.2400205      44.9734481      54.4745192      75.7439417      24.0604983      75.1824302      37.4097918      16.3922128     108.4899007      54.6116032       7.8874062      18.5558209      41.2184337      67.5453919      44.0700909      86.3899001      42.4888140      32.3789357      27.3175333      14.6160164      80.5174216      67.2949762      47.2392673      51.0843144      19.6038832      22.7799751      43.7670790      47.5880079      31.3461533      58.0530078      61.2331881      88.9423821      65.8420624      51.3281551      60.6721926      63.6391826      82.8557294      45.2355369      19.1281430      71.0632721      78.2639122       8.5746997      36.5861034      42.7970253      36.5283344      57.3867295      82.8173757      82.5185734     107.0561031
     43.7132244      15.4133478      33.2313876      11.5914174      32.0796373      41.5569870      46.9165565      25.9259650      34.7365871      22.6934147      89.0359491      34.6144240      91.0797007      38.2284362      46.2591378       0.0000000      86.6816339      60.2849784      71.8973166      33.8636259      94.8674124      41.0742959       2.7226657      82.0217954      34.7289754      26.9557963      19.2436647      53.8389624      54.9219164      56.4523410       0.8101019      59.6093589      12.4572802      57.3172046      86.2269327      85.3558034      38.8445999      39.3710892      83.2399073      72.0186823      81.0674685      65.6578402      50.4831429      63.5905879      59.9639528      52.8636059      38.5143849      36.0354698      81.9363045      21.8051329      25.1685342      79.0178192      83.5051603      51.4984917      82.6522588      29.3453727      87.8627950      33.5916446      82.5614510      68.1248245      40.2616912      18.8399724      77.0724937      61.9454643      14.4254683      73.3764339      61.3229351      72.7048525      70.9537721      83.1750299      53.9159860      30.2217399      31.8193843      31.8458684      61.6260383      54.6805053      51.7794921      35.7570357      18.7364672      97.0078662      15.9066939      66.2145329      40.6752152       7.1121148      52.9031742      60.8303997      48.3138340      55.6750425      59.1866206       6.0234195      57.1706028      74.4292596      41.6435700      23.8159122      65.9898283      39.1583379      72.7091245      95.7195159      20.4930370      73.9904612      86.2546075      84.6472152      29.8790693      52.2011613      96.5889000      61.7949234      30.4320271       9.2188578      53.2433854      83.4273165      11.8276690      38.9753037      57.4516140      66.5917180      88.9733742      38.2611131      71.3224822      43.0436764      19.1234951      51.1504828      51.9251500      53.4925597      71.5524765       4.4446959      76.4681945      56.4217867      61.8760483      65.0123266      51.9383567      25.0039755      78.4748040      71.2742885      77.2429256      57.3215341      28.3942660      32.0387368      52.3652300      91.2312072      10.0379015      44.9222036      91.8700947      58.4198148      46.0321800      57.4071822      56.7605598      54.7085294      47.2620471      42.9232155      44.1331099      91.6321681
