      0.0000000       2.2013738       1.8523905       0.1919573       1.3546764       1.4574423       1.9600339       0.6920552       1.8163715       1.9824585       3.2420139       1.3281299       0.7270604       1.7770247       2.2101961       2.3259644       2.3232766       2.3724779       2.8692653       1.3542648       1.8370136       3.3065719       1.5737400       3.0675280       1.9424001       1.3493640       2.7792796       2.1901783       1.7312440       2.0082269       3.0224567       1.1548287       1.2560245       2.1877782       0.9647776       3.0703343       2.0876112       1.9240783       2.4082870       1.9573380       1.8918569       1.7638919       1.6023807       2.4991628       2.2998905       0.9033596       1.9998122       1.3845205       2.0744386       2.5985834       2.7681890       1.7156095       2.8292292       0.9476332       1.9973597       3.1375078       0.8166739       1.4537204       1.9426150       1.1378387       1.6570389       2.6025799       3.9422599       0.9497739       3.1857052       1.8052827       3.0819712       0.8316219       1.2255418       1.0535040       1.8813624       1.5576330       1.3268191       1.9761006       1.9006529       2.6581515       2.8593283       1.2888676       1.8284248       1.6860044       2.1758212       1.4111786       1.2107680       1.0431496       1.4039110       2.7292007       0.9741857       1.6269921       0.4370931       0.9883794       3.0410921       2.2104204       1.7348014       1.3615088       1.4476235       1.0854272       1.7454686       1.4012157       1.4524603       1.8451566
      2.2013738       0.0000000       1.8578073       2.2942645       1.1815584       2.2216485       0.7189839       1.6621592       0.4057357       1.7512737       2.2903832       2.1275113       1.4810903       0.4278747       1.6243139       0.6956979       0.2777720       1.0699135       1.4339937       2.8427981       0.3840219       2.7740802       0.7247687       3.2536803       1.8102522       1.0979919       0.9492397       1.6900246       2.4259869       2.1204711       2.3368130       1.2978155       1.4242398       3.0785510       2.7329643       1.0780284       2.0670676       1.2700599       1.9138587       1.9854770       0.9242789       1.6462663       1.3959121       1.4575143       2.2963641       2.1367539       0.4603664       1.4929429       1.1316765       1.7733798       2.2989053       1.9092868       1.3655147       1.2743218       1.1361926       1.6250638       1.3908097       0.9107230       0.7309055       2.2174493       0.5850269       3.5339739       2.6646742       2.5765163       2.0493125       0.5836005       1.7687331       1.3953419       1.0511739       1.7384901       1.0295463       2.2970604       1.6075813       1.7966325       1.9132339       1.3792156       3.6170071       1.3734505       1.0312142       0.5477816       0.0767454       1.0983479       1.3616878       1.9871638       2.8408163       1.9780230       3.1657073       1.0216778       2.0187824       1.4237655       1.5737025       2.5811960       0.6181191       1.7076174       1.2860517       2.2207570       3.2693471       1.3103174       1.8729143       2.5053303
      1.8523905       1.8578073       0.0000000       1.7736893       2.1236557       0.6436802       2.2555873       1.2312492       1.7618084       2.9995242       3.9676172       2.8042665       1.6181992       1.6858405       3.0502432       2.4602172       2.1287113       2.7568550       3.2190426       3.1455459       1.7654755       4.3072441       1.8531801       4.4531706       3.0123827       2.0295862       2.8005062       3.0814937       3.2327488       3.2389999       3.9060950       2.0342163       2.2576480       3.8306177       1.6006076       2.9263219       3.2550535       0.6166680       3.3416355       3.1287314       2.3656814       2.7952736       2.5107932       3.0882197       3.5106747       2.5089603       2.0746685       2.4195767       2.6385552       3.3472172       3.7624134       2.9317350       3.1540932       1.3536083       2.5940025       3.4435596       1.4421512       1.1152168       1.1347590       2.7225029       1.7669099       4.2881277       4.4645482       2.7474062       3.7788062       1.9941688       3.5391122       1.6795778       1.2074826       2.3489657       2.4383898       3.0519523       2.4622649       3.0242717       3.0504709       1.1830580       4.4918671       2.2418523       2.4014468       1.4527107       1.9008059       2.0975748       2.1588133       2.5179781       1.3858457       3.5421036       2.6419143       2.2319971       2.0674448       1.9903849       3.3778066       3.6129680       1.9464694       2.5602268       2.3038677       2.6872650       3.5673310       0.7049786       2.7345063       3.3464239
      0.1919573       2.2942645       1.7736893       0.0000000       1.5148612       1.3293421       2.1013519       0.6986271       1.9207854       2.1691555       3.4247699       1.5191980       0.8475048       1.8758419       2.3914627       2.4635796       2.4334347       2.5293579       3.0303477       1.5056528       1.9407693       3.4971945       1.6985517       3.2561570       2.1306128       1.5014109       2.9165573       2.3735233       1.9194881       2.1999541       3.2097582       1.3160577       1.4312125       2.3620038       0.7732175       3.1992440       2.2787081       1.9059520       2.5946413       2.1481529       2.0454198       1.9493565       1.7794603       2.6704519       2.4917484       1.0925217       2.1236315       1.5649411       2.2383548       2.7787978       2.9576452       1.9064583       2.9883150       1.0225373       2.1620350       3.2984915       0.9040124       1.4992206       1.9776704       1.3258098       1.7694837       2.7686751       4.1194190       1.1054448       3.3625549       1.9321447       3.2512343       0.9619085       1.2827878       1.2416341       2.0408634       1.7470650       1.5116556       2.1638204       2.0908231       2.6502399       3.0315379       1.4614938       1.9878345       1.7646824       2.2741660       1.5664849       1.3803941       1.2350734       1.2195863       2.9128879       0.9362822       1.7832546       0.6288421       1.1526118       3.2030645       2.4004857       1.8608268       1.5495598       1.6177760       1.2728278       1.8790748       1.3889694       1.6435345       2.0328460
      1.3546764       1.1815584       2.1236557       1.5148612       0.0000000       2.1413770       0.6554433       1.1777824       0.7978329       0.8770206       1.9897055       0.9511398       0.7260697       0.8163609       0.9759385       1.0213892       1.1693938       1.0181819       1.5156347       1.6674977       0.8175371       2.2152790       0.4713824       2.3531162       0.8891023       0.1045955       1.4649724       0.9887360       1.2899059       1.1350046       1.8463444       0.1999187       0.2427532       1.9468760       2.1908573       1.7815111       1.1367147       1.7728341       1.2456329       1.0152851       0.5435454       0.6725978       0.3876611       1.1715610       1.3928869       0.9813257       0.7960447       0.3430024       0.7247459       1.3339293       1.6611230       0.8471689       1.4746563       0.8208276       0.6496476       1.7838406       0.8063093       1.0633799       1.4124547       1.0378497       0.6281369       2.4133448       2.6355707       1.4343926       1.8823902       0.6129154       1.7434319       0.6036985       0.9173823       0.5663004       0.5267194       1.1410065       0.4405719       0.9006538       0.9359317       2.2742262       2.5404513       0.1929473       0.4737593       0.9233069       1.1216548       0.0846651       0.1913422       0.8121357       2.4931288       1.5025122       2.2092867       0.2763336       1.0131286       0.3678366       1.6882122       1.5535485       0.5655760       0.5473625       0.1803866       1.0444024       2.0892466       1.4193937       0.7271054       1.3841708
      1.4574423       2.2216485       0.6436802       1.3293421       2.1413770       0.0000000       2.4482229       1.0148326       2.0173001       3.0002192       4.1035017       2.6232190       1.4864441       1.9433039       3.1150532       2.7213189       2.4689015       2.9569170       3.4523018       2.8091499       2.0273907       4.3546330       2.0042730       4.3502671       2.9948284       2.0656694       3.1162328       3.1301130       3.0554570       3.1715747       3.9860916       2.0014374       2.2105183       3.5951790       0.9817479       3.2963994       3.2120559       1.1471006       3.3864639       3.0793502       2.5089099       2.7800844       2.5191076       3.2389986       3.4597794       2.2606699       2.3230196       2.3764558       2.7725817       3.4558203       3.7992235       2.8570779       3.3925099       1.3209263       2.7141733       3.6987231       1.3494039       1.3397240       1.5652074       2.4924355       1.9650756       4.0316446       4.6785277       2.4038593       3.9534406       2.1954769       3.7501198       1.5848698       1.3134573       2.2077465       2.5599704       2.8724757       2.3875367       3.0150828       3.0057127       1.8114023       4.2681612       2.2098553       2.5145949       1.7225640       2.2466538       2.1405721       2.1189063       2.3229197       0.7467729       3.6358249       2.1019929       2.3183806       1.7776406       1.9079737       3.6211599       3.4877788       2.1341367       2.4703974       2.3117283       2.4483021       3.2019282       0.9122136       2.6252113       3.1721347
      1.9600339       0.7189839       2.2555873       2.1013519       0.6554433       2.4482229       0.0000000       1.6226220       0.5160806       1.0333405       1.7154477       1.5113451       1.2594449       0.5866861       0.9160342       0.3694619       0.5879686       0.5095213       1.0071546       2.2797569       0.5202297       2.1195033       0.4508616       2.5367901       1.0947101       0.6233994       0.8208353       0.9772934       1.7545620       1.4073119       1.6929627       0.8397583       0.8676276       2.3956162       2.7046378       1.1281410       1.3494165       1.7580204       1.2121374       1.2722954       0.2088429       0.9432198       0.7240293       0.8374586       1.5773858       1.6243341       0.2601055       0.8770797       0.4281881       1.1222598       1.6133892       1.2176657       0.9502843       1.2059892       0.4204418       1.2620898       1.2616013       1.1465115       1.2639728       1.6472513       0.4915790       2.8417783       2.2322783       2.0794577       1.5247535       0.2614623       1.3027947       1.1406462       1.1351980       1.2039255       0.3132932       1.6450583       0.9989658       1.0793822       1.2023206       2.0508203       2.9091571       0.8148381       0.3237450       0.8124491       0.6431442       0.5778661       0.8440049       1.4387302       2.9330578       1.3258643       2.8539575       0.3986239       1.6567016       1.0045440       1.1787356       1.8694619       0.3152203       1.0834690       0.6785226       1.6632492       2.6823915       1.5840711       1.2255998       1.8234931
      0.6920552       1.6621592       1.2312492       0.6986271       1.1777824       1.0148326       1.6226220       0.0000000       1.3249343       2.0057405       3.1671421       1.6191191       0.4769074       1.2673316       2.1499647       1.9561692       1.8386667       2.1071647       2.6168178       1.9155773       1.3424917       3.3667617       1.1777429       3.3361521       1.9939457       1.1197568       2.3968330       2.1557079       2.0522750       2.1586493       3.0167289       1.0140624       1.2106113       2.6197090       1.0928268       2.6457539       2.2029454       1.2328827       2.4062815       2.0696156       1.6270959       1.7824508       1.5364962       2.3321336       2.4482959       1.2866980       1.5779463       1.3749052       1.8684044       2.5116207       2.8110619       1.8442195       2.5647760       0.4195094       1.8007042       2.8786889       0.3748321       0.8115106       1.2809400       1.5088424       1.2030413       3.0701860       3.7957516       1.5203564       3.0491575       1.4051320       2.8829839       0.5858113       0.6148021       1.1935369       1.6551706       1.8691667       1.3772504       2.0168004       1.9973478       1.9664408       3.2882419       1.2160990       1.6048319       1.1165793       1.6540655       1.1951498       1.1241572       1.3216741       1.3234295       2.6788725       1.6338374       1.3969452       0.8362848       0.9024318       2.7907392       2.4748023       1.3345070       1.4571667       1.3349387       1.4696242       2.3414870       0.7096934       1.6103933       2.1684965
      1.8163715       0.4057357       1.7618084       1.9207854       0.7978329       2.0173001       0.5160806       1.3249343       0.0000000       1.4763599       2.2253937       1.7489684       1.0906996       0.0762083       1.4114457       0.7078590       0.5157791       0.9986890       1.4594369       2.4456395       0.0217281       2.6337850       0.3284040       3.0001965       1.5234225       0.7068336       1.1047187       1.4649355       2.0725085       1.8215229       2.2087744       0.8976880       1.0394778       2.7293612       2.4143667       1.3253702       1.7852577       1.2440764       1.7110705       1.6885488       0.6789366       1.3370063       1.0635709       1.3506747       2.0287942       1.7351054       0.3135810       1.1258454       0.9372654       1.6382161       2.1202367       1.5801299       1.3955965       0.9161294       0.9152910       1.6926151       1.0187540       0.6798728       0.7499343       1.8247701       0.1799856       3.1914334       2.7037348       2.1722395       2.0214328       0.2740694       1.7773283       0.9981790       0.7424746       1.3430571       0.7762414       1.9327698       1.2345104       1.5170217       1.6120922       1.5630556       3.2955069       0.9907389       0.7596569       0.3092775       0.3646861       0.7178064       0.9696236       1.5918134       2.5732705       1.8415236       2.7730839       0.6864458       1.6156797       1.0189113       1.6216460       2.2737766       0.2677686       1.3385661       0.9235308       1.8254183       2.8757735       1.1194757       1.5117549       2.1592302
      1.9824585       1.7512737       2.9995242       2.1691555       0.8770206       3.0002192       1.0333405       2.0057405       1.4763599       0.0000000       1.2735024       0.8631224       1.5301627       1.5275335       0.3145078       1.2239799       1.6035112       0.9293122       1.2107346       1.6254065       1.4889544       1.3617664       1.2198411       1.5247085       0.0851938       0.9699939       1.5074841       0.2511369       0.8695664       0.3881130       1.0409424       0.9987856       0.7953999       1.4369407       2.9174772       1.8415618       0.3161309       2.6193262       0.4260259       0.2596352       0.8270245       0.2251299       0.4893663       0.7418358       0.5524346       1.2231504       1.2909217       0.6331509       0.6631776       0.6721630       0.8069852       0.3614382       1.2099509       1.6877688       0.6307545       1.4404172       1.6512570       1.9200176       2.2000758       1.0931274       1.3596203       1.8528209       2.0093800       1.6042254       1.2727821       1.2075309       1.2726813       1.4207958       1.7921776       0.9298526       0.7217796       0.8434903       0.6599550       0.0503265       0.2148350       3.0381518       1.8885383       0.7910562       0.7242510       1.7050144       1.6759256       0.9033942       0.8826329       1.0137722       3.2805954       0.7592446       2.6214618       0.8091308       1.5553979       1.1052500       1.3420625       0.8468634       1.2098474       0.6228860       0.6979258       1.1382924       1.9359081       2.2947129       0.5832111       0.8966925
      3.2420139       2.2903832       3.9676172       3.4247699       1.9897055       4.1035017       1.7154477       3.1671421       2.2253937       1.2735024       0.0000000       2.1026895       2.7109293       2.2987835       1.0348379       1.5948038       2.0324263       1.2344671       0.9104610       2.7896374       2.2262850       0.6518771       2.1213929       1.6065809       1.3298787       2.0501563       1.4946538       1.0519741       1.9513309       1.4103019       0.3627180       2.1645461       2.0036163       2.2635433       4.1541394       1.6845815       1.2889437       3.4691770       0.8552341       1.3846546       1.6067720       1.4820853       1.6550775       0.8794301       1.2225354       2.4917143       1.9253099       1.8607068       1.3361042       0.6561459       0.6583430       1.6019084       0.9753580       2.7916505       1.3903278       0.8731736       2.7940881       2.8535529       2.9577053       2.3407015       2.2008499       2.5127600       0.7628627       2.8450380       0.2981701       1.9757538       0.6081215       2.5907115       2.8050123       2.1966744       1.5456949       2.0085899       1.9160558       1.2906429       1.4109555       3.6658088       2.3798145       1.9817762       1.5895807       2.5274709       2.2198190       1.9744525       2.0706430       2.2852774       4.4811802       0.5147913       3.8872469       1.7858165       2.8223589       2.3055775       0.8487737       1.6106645       2.0212341       1.8931523       1.8414863       2.3901701       3.0054665       3.2834916       1.8506255       1.9141994
      1.3281299       2.1275113       2.8042665       1.5191980       0.9511398       2.6232190       1.5113451       1.6191191       1.7489684       0.8631224       2.1026895       0.0000000       1.1862224       1.7658324       1.1698106       1.8295073       2.0833781       1.6550542       2.0366216       0.7951533       1.7686220       2.0333172       1.4220651       1.7486849       0.7898061       1.0451288       2.2144994       1.1136671       0.4331562       0.7251750       1.8180647       0.8899422       0.7104853       1.0430066       2.2923312       2.5527042       0.8303821       2.5918009       1.2508819       0.7198999       1.3258045       0.7209803       0.8010490       1.5772087       1.0005780       0.4348641       1.7125435       0.6397908       1.3272975       1.5341043       1.5298193       0.5063586       2.0241013       1.4650719       1.2587952       2.2824090       1.3631377       1.8965939       2.3175832       0.2389220       1.5780575       1.5111525       2.8554355       0.7444580       2.1316240       1.5478967       2.1321902       1.1312676       1.6903372       0.4667071       1.2446684       0.2500651       0.5211059       0.8318809       0.6928999       3.1774447       1.6900662       0.7582841       1.2098926       1.8495457       2.0642750       1.0318693       0.7897725       0.3011308       2.7232900       1.5990842       1.7917761       1.1256961       0.8992067       0.8516115       2.1823443       0.8854285       1.5094034       0.4281616       0.8466830       0.2909293       1.1732406       2.1436976       0.3103582       0.5494750
      0.7270604       1.4810903       1.6181992       0.8475048       0.7260697       1.4864441       1.2594449       0.4769074       1.0906996       1.5301627       2.7109293       1.1862224       0.0000000       1.0543155       1.6852184       1.6181668       1.5962174       1.7093364       2.2172016       1.6151858       1.1115531       2.8917458       0.8513318       2.8730779       1.5172044       0.6860765       2.0705534       1.6868128       1.6160148       1.6852019       2.5476007       0.5469927       0.7347628       2.2155960       1.4691981       2.3518116       1.7268731       1.4608198       1.9344865       1.5937635       1.2226211       1.3063577       1.0667573       1.8963147       1.9734822       0.9185863       1.2769340       0.8983866       1.4416322       2.0548153       2.3363273       1.3707235       2.1704576       0.3139764       1.3693828       2.4836928       0.1841006       0.8354179       1.3234288       1.1146678       0.9299786       2.6769296       3.3611264       1.2538670       2.6084394       1.0847161       2.4625608       0.1236863       0.5973085       0.7369742       1.2333684       1.4344958       0.9014858       1.5404129       1.5209951       2.1290469       2.8740210       0.7427580       1.1810373       0.9861930       1.4521500       0.7582969       0.6508869       0.9013242       1.7703604       2.2155148       1.6846257       0.9715949       0.5852915       0.4256628       2.3912946       2.0165536       1.0134782       0.9843493       0.8703376       1.0847142       2.0564220       0.9741969       1.1436618       1.7305069
      1.7770247       0.4278747       1.6858405       1.8758419       0.8163609       1.9433039       0.5866861       1.2673316       0.0762083       1.5275335       2.2987835       1.7658324       1.0543155       0.0000000       1.4732775       0.7836058       0.5715037       1.0736930       1.5356447       2.4480708       0.0840890       2.7013464       0.3455962       3.0521991       1.5718768       0.7207464       1.1762387       1.5248200       2.1000977       1.8661643       2.2779237       0.9004991       1.0553484       2.7574850       2.3539930       1.3898397       1.8338943       1.1715965       1.7732448       1.7340869       0.7417072       1.3809398       1.1025968       1.4229892       2.0797007       1.7331046       0.3897888       1.1510547       1.0039837       1.7077547       2.1844743       1.6174001       1.4717971       0.8636328       0.9789334       1.7685844       0.9720464       0.6049005       0.6851954       1.8320588       0.1882884       3.2213788       2.7798989       2.1649277       2.0965217       0.3368844       1.8533562       0.9674679       0.6764255       1.3491295       0.8364511       1.9562277       1.2561477       1.5670566       1.6568828       1.5107149       3.3318378       1.0082829       0.8168277       0.2331797       0.3989354       0.7393497       0.9804445       1.5972724       2.5050817       1.9105273       2.7388136       0.7287446       1.5923657       1.0120085       1.6978018       2.3152516       0.3186504       1.3617215       0.9523831       1.8304058       2.8810505       1.0439521       1.5377922       2.1893603
      2.2101961       1.6243139       3.0502432       2.3914627       0.9759385       3.1150532       0.9160342       2.1499647       1.4114457       0.3145078       1.0348379       1.1698106       1.6852184       1.4732775       0.0000000       1.0193696       1.4380431       0.6764381       0.8994990       1.9392787       1.4200225       1.2570499       1.2100726       1.6355689       0.3976468       1.0496106       1.2405026       0.0815250       1.1771841       0.6574252       0.8710433       1.1384214       0.9691739       1.7139670       3.1196540       1.5666404       0.5501880       2.6184050       0.3000755       0.5492279       0.7325317       0.4701035       0.6217212       0.4307811       0.7147225       1.5068783       1.1740085       0.8265789       0.4926507       0.3899985       0.7169201       0.6743500       0.9023690       1.7942639       0.4977437       1.1259845       1.7812487       1.9436509       2.1583313       1.3946046       1.3279893       2.1073458       1.7397023       1.9052726       0.9891162       1.1376052       0.9623817       1.5673312       1.8510229       1.1740588       0.6373106       1.1578775       0.8887912       0.3567397       0.5230166       2.9654939       2.1099530       0.9489905       0.6625785       1.6768229       1.5475789       0.9751354       1.0389554       1.2936197       3.4545052       0.5304726       2.9026948       0.8183012       1.7962401       1.2733386       1.0277980       1.0846772       1.1584659       0.8796913       0.8155271       1.4372572       2.2488160       2.3484650       0.8771414       1.1950650
      2.3259644       0.6956979       2.4602172       2.4635796       1.0213892       2.7213189       0.3694619       1.9561692       0.7078590       1.2239799       1.5948038       1.8295073       1.6181668       0.7836058       1.0193696       0.0000000       0.4484746       0.3846311       0.7612832       2.6127070       0.7005597       2.0899451       0.7803690       2.6483944       1.2989070       0.9928290       0.4533434       1.0954877       2.0263445       1.6119143       1.6508142       1.2086242       1.2231026       2.6453032       3.0459766       0.7601234       1.5315746       1.9122565       1.2839533       1.4806650       0.5086131       1.1925639       1.0286108       0.7746020       1.7294952       1.9781069       0.3983045       1.2117490       0.5611401       1.0971283       1.6395987       1.4765217       0.6950693       1.5366965       0.6044485       0.9854964       1.6059401       1.3872238       1.3828849       1.9840191       0.7669029       3.0741949       2.0066700       2.4329171       1.3584971       0.5511570       1.0896018       1.5016897       1.4242213       1.5579283       0.5849328       1.9368259       1.3329632       1.2738128       1.4209019       2.0734906       3.1097036       1.1712031       0.6207912       1.0142929       0.6251411       0.9457734       1.2074650       1.7855310       3.2491267       1.2990112       3.2233914       0.7548241       2.0260761       1.3738873       0.9175894       2.0697068       0.6216732       1.4071135       1.0247736       2.0042542       3.0023934       1.8272942       1.5303371       2.0820396
      2.3232766       0.2777720       2.1287113       2.4334347       1.1693938       2.4689015       0.5879686       1.8386667       0.5157791       1.6035112       2.0324263       2.0833781       1.5962174       0.5715037       1.4380431       0.4484746       0.0000000       0.8326934       1.1621534       2.8333113       0.4971505       2.5383691       0.7667898       3.0735611       1.6704562       1.1035632       0.6732158       1.5095973       2.3418842       1.9850345       2.0991505       1.3189308       1.4051994       2.9835168       2.9251672       0.8300984       1.9185658       1.5462670       1.7160039       1.8505473       0.7946025       1.5294058       1.3091106       1.2228809       2.1339799       2.1491821       0.3740401       1.4438393       0.9528052       1.5446989       2.0835869       1.8054497       1.0934533       1.4318456       0.9735352       1.3479492       1.5334001       1.1379902       1.0071225       2.2008593       0.6662479       3.4284565       2.3880732       2.5996944       1.7836446       0.5608119       1.4976059       1.4964890       1.2442427       1.7356499       0.8962900       2.2287471       1.5640697       1.6514537       1.7832076       1.6337385       3.4890134       1.3522929       0.9113711       0.7570082       0.2279831       1.0848808       1.3592666       1.9802924       3.0638337       1.7471564       3.2703710       0.9576827       2.0943057       1.4647189       1.2982242       2.4474150       0.6201010       1.6557796       1.2380781       2.2110608       3.2472377       1.5569852       1.8067233       2.4114612
      2.3724779       1.0699135       2.7568550       2.5293579       1.0181819       2.9569170       0.5095213       2.1071647       0.9986890       0.9293122       1.2344671       1.6550542       1.7093364       1.0736930       0.6764381       0.3846311       0.8326934       0.0000000       0.5099235       2.4501779       0.9976959       1.7068082       0.9545423       2.2820501       1.0114620       1.0290617       0.5791800       0.7569116       1.7808674       1.3120920       1.2682616       1.2180895       1.1614691       2.3661909       3.1743377       0.9160747       1.2169868       2.2387880       0.9164770       1.1885024       0.4867304       0.9563068       0.8794588       0.3902288       1.3904888       1.8805974       0.6924965       1.0984341       0.3321915       0.7125418       1.2573082       1.2339335       0.4611223       1.6966836       0.4075507       0.7746559       1.7377228       1.6531994       1.7233905       1.8415648       0.9997655       2.7753392       1.7227637       2.3254894       1.0228394       0.7681166       0.7933899       1.5863822       1.6435124       1.4742975       0.4927947       1.7188056       1.2100900       0.9794485       1.1402072       2.4489462       2.7861760       1.1160452       0.5452809       1.3057232       0.9963592       0.9628738       1.1776585       1.6729440       3.4262291       0.9144752       3.2082615       0.7461567       2.0214473       1.3857806       0.6840989       1.7563138       0.8247149       1.2597564       0.9538286       1.8710283       2.8103443       2.0921715       1.3451438       1.8205452
      2.8692653       1.4339937       3.2190426       3.0303477       1.5156347       3.4523018       1.0071546       2.6168178       1.4594369       1.2107346       0.9104610       2.0366216       2.2172016       1.5356447       0.8994990       0.7612832       1.1621534       0.5099235       0.0000000       2.8231260       1.4544717       1.5042905       1.4573461       2.2787742       1.2953210       1.5340886       0.5843024       0.9743049       2.0766457       1.5464687       1.0811803       1.7150068       1.6354747       2.5903641       3.6836026       0.8079273       1.4294977       2.6731353       1.0050899       1.4470167       0.9951730       1.3156479       1.3206622       0.4690265       1.5285923       2.3167520       1.1458559       1.5487905       0.7966474       0.6798947       1.1955860       1.5626377       0.0687824       2.2052867       0.8746891       0.2682476       2.2476443       2.1323415       2.1416362       2.2455174       1.4876912       2.9528628       1.2458307       2.7469153       0.6342472       1.2568350       0.3356264       2.0939484       2.1409446       1.9283428       0.9895871       2.0521278       1.6496132       1.2552960       1.4222514       2.7886333       2.9088527       1.5941784       1.0426113       1.7684748       1.3699306       1.4657000       1.6636118       2.1037492       3.9348621       0.8162439       3.6774992       1.2490577       2.5037287       1.8808861       0.1742525       1.9357385       1.3188249       1.6800833       1.4314011       2.2816508       3.1465531       2.5733161       1.7296452       2.0914916
      1.3542648       2.8427981       3.1455459       1.5056528       1.6674977       2.8091499       2.2797569       1.9155773       2.4456395       1.6254065       2.7896374       0.7951533       1.6151858       2.4480708       1.9392787       2.6127070       2.8333113       2.4501779       2.8231260       0.0000000       2.4666570       2.5878058       2.1191068       2.0005912       1.5446963       1.7453017       3.0073451       1.8751485       0.8423101       1.3816451       2.4676514       1.5482898       1.4284264       0.9401579       2.2022245       3.3448590       1.5057506       3.0737336       1.9678832       1.4298469       2.1050631       1.5101846       1.5887614       2.3587943       1.5860312       0.7228681       2.4592922       1.4036697       2.1219014       2.2802278       2.1614644       1.2650526       2.8136081       1.9288761       2.0525219       3.0628143       1.7963873       2.4360652       2.9058894       0.6331212       2.2669762       1.2844445       3.5523174       0.4053097       2.8616423       2.2803246       2.8961988       1.6175524       2.2036982       1.1044234       2.0300421       0.7909603       1.2817534       1.5868071       1.4285470       3.7380689       1.5727211       1.4811787       1.9919823       2.4843881       2.7862604       1.7520835       1.4821260       0.8560846       2.6912885       2.3122227       1.3174892       1.8840394       1.0804518       1.4447809       2.9635030       1.2812357       2.2319873       1.2061542       1.6020299       0.6231039       0.4428600       2.5721494       1.1053510       0.9011058
      1.8370136       0.3840219       1.7654755       1.9407693       0.8175371       2.0273907       0.5202297       1.3424917       0.0217281       1.4889544       2.2262850       1.7686220       1.1115531       0.0840890       1.4200225       0.7005597       0.4971505       0.9976959       1.4544717       2.4666570       0.0000000       2.6391693       0.3488450       3.0122997       1.5368345       0.7271180       1.0924969       1.4743508       2.0905431       1.8359321       2.2131887       0.9188292       1.0593952       2.7472449       2.4312608       1.3095857       1.7985542       1.2428920       1.7194115       1.7027442       0.6875474       1.3517245       1.0795947       1.3527704       2.0413537       1.7564349       0.3091992       1.1444632       0.9435524       1.6424513       2.1275093       1.5963678       1.3902589       0.9347301       0.9232448       1.6858607       1.0383768       0.6888462       0.7440730       1.8454330       0.2015216       3.2089634       2.6993592       2.1937925       2.0201067       0.2839182       1.7737612       1.0194452       0.7572529       1.3638752       0.7859007       1.9514886       1.2536255       1.5299603       1.6265062       1.5517234       3.3117582       1.0104737       0.7705682       0.3142006       0.3431636       0.7371740       0.9900993       1.6126518       2.5872794       1.8460862       2.7942067       0.7019968       1.6373167       1.0405032       1.6157933       2.2889258       0.2822557       1.3574336       0.9416441       1.8462746       2.8965553       1.1275300       1.5301351       2.1768052
      3.3065719       2.7740802       4.3072441       3.4971945       2.2152790       4.3546330       2.1195033       3.3667617       2.6337850       1.3617664       0.6518771       2.0333172       2.8917458       2.7013464       1.2570499       2.0899451       2.5383691       1.7068082       1.5042905       2.5878058       2.6391693       0.0000000       2.4623339       1.0228801       1.3814503       2.2973275       2.0797225       1.2298745       1.7594042       1.3108465       0.4396461       2.3558653       2.1570381       1.8867027       4.2594066       2.3048224       1.2203793       3.8637025       0.9704464       1.3493511       1.9646122       1.5863133       1.8356533       1.3171141       1.0354040       2.4615362       2.3606595       1.9947487       1.6974647       1.0025195       0.5558706       1.5910763       1.5622680       3.0356931       1.7281123       1.5128671       3.0085244       3.1989694       3.3832359       2.2669555       2.5712246       2.0394914       1.2008872       2.7339045       0.9443651       2.3651564       1.2398254       2.7812373       3.1071792       2.2601783       1.8797380       1.8705733       2.0117221       1.3543363       1.4069912       4.1503672       1.8531837       2.1508222       1.9116838       2.9164746       2.6993036       2.2245074       2.2427127       2.2786413       4.6379528       0.7972944       3.8074432       2.0753510       2.8705577       2.4670134       1.4756117       1.3125325       2.3959662       1.9553446       2.0429510       2.3213730       2.7148033       3.6054279       1.8545922       1.6874913
      1.5737400       0.7247687       1.8531801       1.6985517       0.4713824       2.0042730       0.4508616       1.1777429       0.3284040       1.2198411       2.1213929       1.4220651       0.8513318       0.3455962       1.2100726       0.7803690       0.7667898       0.9545423       1.4573461       2.1191068       0.3488450       2.4623339       0.0000000       2.7408342       1.2561147       0.3784995       1.2275060       1.2508750       1.7550360       1.5401370       2.0542496       0.5730724       0.7118899       2.4124708       2.2658496       1.5007847       1.5171019       1.4102936       1.5078446       1.4104481       0.5146906       1.0558111       0.7702573       1.2449297       1.7679064       1.4121228       0.4260962       0.8057114       0.7867425       1.4940827       1.9269497       1.2801167       1.4010421       0.7589831       0.7408667       1.7129395       0.8258944       0.7388211       0.9828605       1.4966979       0.1574126       2.8769646       2.6743607       1.8539345       1.9528729       0.2340766       1.7466689       0.7421213       0.6914349       1.0155488       0.5855258       1.6106369       0.9106417       1.2556665       1.3319964       1.8337128       2.9918245       0.6638766       0.5507512       0.4861716       0.6724101       0.3937534       0.6412557       1.2643623       2.4829697       1.6893040       2.5077718       0.4107434       1.3275332       0.7046863       1.6293654       1.9825237       0.1624456       1.0161255       0.6089321       1.4980245       2.5480287       1.1622973       1.1924770       1.8452782
      3.0675280       3.2536803       4.4531706       3.2561570       2.3531162       4.3502671       2.5367901       3.3361521       3.0001965       1.5247085       1.6065809       1.7486849       2.8730779       3.0521991       1.6355689       2.6483944       3.0735611       2.2820501       2.2787742       2.0005912       3.0122997       1.0228801       2.7408342       0.0000000       1.4847390       2.4549373       2.7890097       1.5655445       1.3367539       1.2187964       1.2695204       2.4198691       2.1960851       1.1053738       4.0256601       3.0753686       1.2244756       4.1243425       1.3659522       1.3388174       2.3378264       1.6902091       1.9812603       1.9261313       0.9732270       2.1641793       2.7968956       2.0362412       2.1250462       1.6198194       1.0835284       1.5215988       2.3198322       3.1030229       2.1175715       2.3733448       3.0314338       3.4162701       3.7231145       1.9304183       2.8834833       1.0909965       2.2236533       2.2736997       1.8607945       2.7296206       2.1025677       2.7894951       3.2613008       2.1426358       2.2341225       1.5105369       1.9915406       1.4861842       1.4183133       4.5626857       0.8523327       2.2146175       2.2433231       3.2269418       3.1771738       2.3975951       2.2952192       2.0475374       4.4690130       1.4625348       3.3137245       2.3312243       2.6459955       2.4689971       2.3095628       0.8653371       2.7342755       1.8963324       2.1752202       1.9837640       1.9787444       3.7569733       1.7296133       1.2244125
      1.9424001       1.8102522       3.0123827       2.1306128       0.8891023       2.9948284       1.0947101       1.9939457       1.5234225       0.0851938       1.3298787       0.7898061       1.5172044       1.5718768       0.3976468       1.2989070       1.6704562       1.0114620       1.2953210       1.5446963       1.5368345       1.3814503       1.2561147       1.4847390       0.0000000       0.9860239       1.5901460       0.3304711       0.7843731       0.3148926       1.0811659       0.9960098       0.7846180       1.3556489       2.8846023       1.9248612       0.2620182       2.6466330       0.4756154       0.1818110       0.8867682       0.2175339       0.5042853       0.8263324       0.5122835       1.1620607       1.3501236       0.6192451       0.7377885       0.7445602       0.8310439       0.2843159       1.2949673       1.6889735       0.7007363       1.5235171       1.6455326       1.9431923       2.2386188       1.0226970       1.3998713       1.7756724       2.0727165       1.5331273       1.3421898       1.2576931       1.3518619       1.4113383       1.8064809       0.8890123       0.7816458       0.7604847       0.6304394       0.0423542       0.1299603       3.0822217       1.8188307       0.7859873       0.7796924       1.7422543       1.7354625       0.9228541       0.8762305       0.9556203       3.2565539       0.8180601       2.5590901       0.8469783       1.5117484       1.0915485       1.4254365       0.7769914       1.2559181       0.5810536       0.7087299       1.0692680       1.8515752       2.3084234       0.5208228       0.8122363
