      0.0000000      59.2148558      59.2480014      75.8209901      26.6135946      68.4150638      99.5114332      97.3953377      49.8603578     110.3103051     105.2814251      33.7307675      29.3281333      86.1779028      18.4500221      35.0058768      60.4586336      63.0692180      88.3105783      76.1397538      82.1499493      85.8177015      99.7568856      28.4827409      49.2726281      47.6574744      94.4179870      40.6561213      48.5409880      83.0483986      58.8392142      42.3825722      50.7992113      68.7533629     108.4860867     118.4289332      42.5907735      78.0250887      83.2230687      52.1086226      80.0193740      58.2159002      22.0555438      98.8433780     107.4206130      43.7894538      71.3704445      72.7702793      75.1789956      33.6965899      70.8979081      90.4328248     100.4555412      81.1965128      27.8452860      90.4473622      39.9284004      70.0644540      68.2847948      76.6625918      93.3788861      99.0905939      57.5924753      68.6335717      96.3204403      90.4990752      99.7406572      68.4903151      64.8610092      95.0684582      29.9549906      82.6191741      94.4548263      75.3572984      45.6645943     103.1936431      65.4654647      32.3144613      14.2455174      87.4615020      61.1493088      65.8260643      82.6382794     131.2899709      65.6825902      76.4943161      77.2954693      82.6480994      89.8967558      53.3115283      74.1110047      72.3660700      50.1741159      99.3523230      57.1492144      93.3869806      54.1838073      60.4102245      75.7310914      46.4413699
     59.2148558       0.0000000      38.1671454      69.4013927      74.0735378      65.2842645      72.8492816      91.1712992      94.2801646      82.9056941      93.0622092      63.2652257      79.1349234     115.7491103      64.2988346      80.1311072       7.6266480      41.9480534      52.5970847      76.7477403      68.8423362      46.7572375      99.6251707      80.9526334      74.5826993      83.2815061     107.8093166      73.0837495      82.1569301      99.3025245      89.8570213      40.6770452      74.2647804      56.6081192     102.5228261      90.6055571      93.8534341     100.5101672      92.9521059      83.9786915      31.3704582      84.3363609      73.9706509      98.1244084      76.4863901      72.6777173      94.3715860      18.9466222      29.2882447      58.7827197      97.6047175      66.7375032      98.5206933      68.2853705      75.5294372      49.1575915      56.6757863      86.0985039      86.7705618      29.1564573      73.9833301      75.8967722      66.4475550      63.3840019     111.5084838      65.8979176     121.5887810      97.8499349      62.0388893     116.2560978      82.5777603      44.9388245     112.2806505      37.5345043      72.9573936     110.2169890     100.2405058      72.2387915      49.5820390      82.3618455      89.0286043      83.3776840      69.3350371     108.7845074      97.5714182      86.4509673      79.1515057     102.2776191      82.5568508      42.2939213      56.5154721     102.1339153      39.0052307     120.0629161      41.3192988      97.6885883      77.3875569      73.2882429      29.8926946      86.9808280
     59.2480014      38.1671454       0.0000000      46.1435378      64.8374194      51.5580032      43.2488239      83.6607275      93.5361314      53.3172109      57.2969508      49.6870237      79.5406687      92.4814208      54.0299338      62.9365362      44.6307720      52.7055304      45.8310858      39.0867957      31.6733882      39.8356139      74.6207725      73.3931524      46.4215228      58.4381317      83.6762315      59.8293436      55.7529911      87.0532860      61.0465652      42.8016658      84.9384033      45.0549756      86.6947519      76.3885807      85.4294758      66.1100150      55.6784543      86.6605845      51.5199073      53.7077919      67.4653785      62.8062372      64.0649712      46.3987965      80.3363650      39.9913580      32.5603812      68.6239441      65.4940118      35.9767154      61.9922021      67.5970065      69.2369392      33.4759004      48.2309113      83.5998726      60.5849620      29.1318364      58.4560903      43.3651996      32.0605525      81.3420564      86.2763305      83.2121575      92.5076027      72.2543694      32.2967047      86.1131129      68.9000002      24.4442698      75.8442047      24.9388207      47.0098137      92.5517226      86.6592726      58.9272429      54.9580601      58.4961642      59.0760898      49.1968922      32.0594616      99.5916183      68.8569731      72.0367999      43.9163693      84.2697710      73.1841836      26.7493876      31.2740602      73.0203165       9.7923960      95.7356684      50.3530862      80.2870130      56.0656390      62.9602726      31.8980868      68.0997836
     75.8209901      69.4013927      46.1435378       0.0000000      86.8995210      18.2606834      47.0079216      44.2335495      83.6768921      59.0900791      51.8040865      45.9422126      79.9494168      61.0853150      73.6502322      63.3352279      76.8113490      48.8686369      38.5238389      42.7647358      43.6609083      41.7337802      30.3401479      73.2639144      62.6905128      71.5354748      42.2266153      47.9967765      60.4690961      49.5164339      71.8622351      45.0072018      78.8905588      19.9288139      41.7373423      47.9061458      78.7658311      65.1968309      58.4248039      74.0091798      92.4805901      54.8982483      70.2680277      41.9550941      41.7434688      57.6573149      47.9184992      78.0340191      74.3373706      70.8913780      72.9419237      37.9283416      47.4682442      40.4585854      67.3605730      65.7360311      40.2832474      56.6717596      32.6756774      54.6662488      23.7725977      51.2425543      43.9979946      74.6173116      46.1151014      72.2540910      59.7487381      49.8646628      18.2077235      55.8282765      76.0341869      53.2079011      75.3212549      67.6854008      65.9224346      47.4373589      61.7050826      55.1007004      69.5131439      13.4597106      53.4693611      51.6923108      48.4947498      63.6096845      58.3412751      33.4017597      31.0536368      46.3749648      33.9969552      29.0533247      18.2301376      56.5183080      48.2391532      57.1948215      47.4247216      35.4061130      35.6822364      35.2758848      50.6050516      88.4390270
     26.6135946      74.0735378      64.8374194      86.8995210       0.0000000      84.3682744     103.1797976     115.9492021      67.4607576     111.9290283     104.2089335      47.5137331      48.4092201      91.0804589      13.9349988      36.2034731      75.2757608      85.2037120     103.0326528      73.4048216      81.8954723      99.4194251     108.8209185      39.8448265      38.2575758      32.6512445     102.6764770      54.3404100      40.6406400      98.8674623      43.7799201      63.6128620      76.2746938      85.0945244     122.9687658     131.6332815      52.1392072      67.5008631      74.9665762      74.3966153      87.1672134      51.3464169      36.3360954      98.9350439     120.9853187      36.8506533      85.5128131      82.6378923      81.1640268      60.0173669      56.3799723      95.1262512      98.8282782     101.8601049      43.7953052      94.7739368      58.4154214      91.0150590      74.1388004      88.3226048     107.3851777     100.2496830      55.1695973      94.7842144     103.3406014     114.8436401     101.3201922      70.8989627      72.1827025      95.7025904      25.4937138      88.7105186      82.3350799      78.8292941      33.2890000     116.3539132      77.3146248      43.5831831      39.9584622      97.8380982      56.1702755      59.1912079      81.0583616     147.7057969      60.9990393      91.8013766      78.3343907      94.4706533     107.6155480      67.3623034      84.0660365      69.5108913      55.1036532     105.8322293      79.3837718     107.0577263      63.1001276      78.0136307      89.3272849      22.4341316
     68.4150638      65.2842645      51.5580032      18.2606834      84.3682744       0.0000000      62.2596179      34.2534978      70.3250283      74.9650327      69.7636676      39.1631901      68.2969703      60.7392847      70.5642038      60.0974914      72.1006303      35.8198047      40.5826529      56.9022895      58.4125882      44.8497728      39.8107822      64.8655445      67.8422215      74.8288898      45.5107078      39.6883279      63.7595610      38.8854993      77.7096718      33.4707901      62.2604501      10.9832067      41.5241200      54.8508700      69.7211656      75.4351820      71.9603696      58.2297334      92.6026347      61.3507689      61.8900091      59.1881424      47.8999659      61.0350136      38.2181699      77.7281492      77.3711211      56.5996011      81.2866156      52.8909483      64.9436206      25.8474232      57.7538744      74.2159875      29.2094154      39.9355820      36.6207683      56.8525412      28.6749427      67.0765465      52.7324711      57.5490358      50.1992976      57.9885287      66.2465984      51.7809450      29.2329761      63.4986901      72.2524123      61.5263684      88.0218573      73.4238085      70.0438671      44.9806507      52.7599960      48.5085423      60.0457629      26.0829455      59.3911283      61.3879859      62.8206584      64.0437739      63.0996581      23.3826909      46.2048799      41.0856523      24.3229248      26.7074084      29.3831001      61.7723584      51.8795254      59.1090341      33.9898922      32.4781727      33.3058118      20.4198662      51.1842425      90.0602476
     99.5114332      72.8492816      43.2488239      47.0079216     103.1797976      62.2596179       0.0000000      84.2870724     124.0582814      13.0605893      27.6031966      79.5949948     114.7014112      99.9934670      92.5007762      92.5496250      79.8065306      75.9306697      44.2313129      40.4078009      24.3707761      40.8723169      62.8492563     106.6040140      73.0546980      85.8980663      81.1239790      86.2184884      80.1595239      96.3495066      82.9653203      74.4136208     116.6113124      56.4558108      76.9938858      53.2025357     115.6160752      74.1817138      56.4253443     115.4877311      80.0455385      71.9683311     102.1027130      44.5032372      45.7323290      74.1573371      94.0297044      69.3322503      58.9965735     103.9172803      80.6494580      10.0683723      42.2575571      77.1386037     102.1112499      36.0678795      76.6952587     102.0809461      69.6648964      46.7267781      49.1826287       9.6646279      52.3286853     107.6788530      83.3469421      99.0609574      90.1749220      84.4647007      42.8692268      84.3465754     102.1322784      30.2064645      75.9688575      48.5653002      76.2776606      89.0527679     105.4776849      88.9189342      94.8562847      51.0718987      75.0322148      62.0815997      26.7597294      82.2000333      83.4204479      80.3507987      41.8049280      91.4434916      74.6135708      53.1325282      33.8195396      83.7165195      51.4641844      95.2676404      76.0755745      78.6875349      74.3205311      80.4509204      48.6389902     100.1396314
     97.3953377      91.1712992      83.6607275      44.2335495     115.9492021      34.2534978      84.2870724       0.0000000      84.5577131      95.8422382      91.5900196      68.8853330      89.7419829      71.1975143     102.3018068      88.5426595      97.4456148      52.5611634      55.5730442      86.6650037      87.1757364      63.3161260      44.3767354      89.5337821     100.8977775     106.7932240      50.3960422      65.4296790      94.6968959      35.7088209     109.1709903      60.6848204      73.9788460      38.8291202      23.5471424      51.3563887      90.2790086     103.6418559     100.6609581      69.5135342     119.2826976      91.8527231      88.0232211      79.1122709      51.4258554      93.6517728      46.6452704     104.0280993     105.5165741      76.6750886     111.6371218      76.9130785      86.3813815      24.4095602      82.0919845     100.1785202      58.0373239      41.0850897      60.1024159      81.2145760      35.9061031      91.0258020      85.7184088      62.9864853      55.7918117      54.8387287      77.0718012      73.1177848      60.9838386      77.5921664     100.9834461      88.0624016     114.7662099     102.8245848     103.3397415      32.8205708      64.7853901      76.0748150      87.6442853      41.0066434      88.0518242      92.0136936      92.0660374      42.5855733      89.0974804      30.3043603      73.7659117      45.5173801      10.6396090      59.3005319      57.1151577      85.1920914      85.2667253      62.8377899      53.7386817      26.6150723      60.2359115      39.4408047      74.1834114     122.4166824
     49.8603578      94.2801646      93.5361314      83.6768921      67.4607576      70.3250283     124.0582814      84.5577131       0.0000000     136.2143293     126.1511054      46.0455175      21.0027646      68.1580299      60.5454424      47.6765779      96.7139794      73.3531364     104.6407091     100.1741893     109.6085916     106.3176708      96.3436029      29.4669519      80.5407330      75.8733094      82.5481987      39.2586637      69.6762605      59.0978626      84.6310246      59.0385816      33.2378218      76.4960403      98.3341006     124.4703613      22.9300300      96.0315630     105.9918608      19.2957459     122.1039688      77.7330441      33.0137872     111.1068184     117.4232910      71.6475404      49.3905432     111.6031153     115.3813707      37.9611984      94.1120348     113.9989538     115.9746673      77.2424478      27.4248984     125.5716966      48.2721917      44.5886584      68.5179113     106.8258902      98.7488428     125.5456144      85.1350592      63.3451441      84.3750074      89.4951773      90.4881978      64.2175060      82.0470229      89.6024485      49.4443286     114.7340816     113.3274227     114.8516718      79.3910943      85.5495830      37.6324884      39.8013624      49.1172669      90.2349383      74.6827014      87.6632162     112.0002718     126.3542390      72.5352828      63.2041946      94.1264793      62.8950538      81.8741426      74.1517152      92.0304351      74.6106543      86.3188620      82.2705760      68.0826532      80.5809055      55.3853755      51.2005766     102.6424449      80.7426766
    110.3103051      82.9056941      53.3172109      59.0900791     111.9290283      74.9650327      13.0605893      95.8422382     136.2143293       0.0000000      27.0213563      91.2812651     126.5104157     109.2407223     102.1019725     102.6935424      89.4953373      88.6758210      55.7466398      46.8373699      31.2108461      52.1748270      71.6785392     117.7485652      80.4596471      93.3449046      90.3298127      97.9575463      88.4876036     108.0044075      89.2736418      87.1034504     129.4701782      69.4290456      86.7914365      60.6434413     126.7989885      79.0132207      59.9277692     128.1857083      86.2099450      79.6503991     113.3260669      48.8899164      54.8928473      82.7103507     105.6723785      77.0916632      65.5427392     116.4233165      85.6229958      22.7641626      44.9722393      89.7298018     113.6781718      40.4828681      89.1903945     114.7912133      79.8049486      56.5552362      60.5171005      11.9701757      60.7723944     120.5376835      92.0942297     111.1779079      97.2668514      93.8114167      54.5993807      91.3409938     111.8937923      38.4143374      78.0008073      54.6644711      83.7938189      99.0854124     116.8381070     100.1831668     106.3934305      61.8072524      83.0220134      68.8384671      32.0207344      90.1129369      91.3797625      92.2080101      50.1078047     102.2807767      86.4687636      65.8067599      46.7732909      91.6263473      61.4357072     103.9446286      88.9173287      89.4122115      85.4895937      92.9998680      59.3918257     107.1329525
    105.2814251      93.0622092      57.2969508      51.8040865     104.2089335      69.7636676      27.6031966      91.5900196     126.1511054      27.0213563       0.0000000      82.1600528     118.3119997      88.9476282      94.8240221      89.5035812     100.0717139      92.7462908      66.1168872      31.1870216      26.3613876      64.4657847      57.3326212     106.9595962      68.1710023      79.5727848      72.4038500      86.9268667      73.1806705      96.0501157      73.3141950      86.6170958     125.8339174      68.0948143      79.1718024      66.3856559     114.0274903      57.5571584      39.3015651     120.8037806     101.3027645      62.4599776     103.8656238      24.4845185      63.3071841      70.1463900      92.3650755      91.1986707      79.8332734     113.6069119      67.1514172      29.2103282      18.7756939      89.9159384     103.9324136      59.3277766      83.0752416     107.3097626      62.7131318      70.6488014      60.7394213      22.4313292      49.4366929     122.6164189      72.8813455     117.6519888      73.9944817      74.4737636      46.2919022      67.8391603      99.8205169      53.5821709      54.8258756      67.7187741      72.6542415      86.0640462     101.9627068      89.1639282     103.6007296      51.7663211      64.3464591      51.1384694      28.2341126      92.2045247      71.2457722      81.6088069      32.5159787      86.9828528      82.4059337      65.1990240      46.4245641      70.2907322      62.2687243      83.8159317      91.5996691      77.9734561      71.7488626      84.6390631      72.1526196      95.8370230
     33.7307675      63.2652257      49.6870237      45.9422126      47.5137331      39.1631901      79.5949948      68.8853330      46.0455175      91.2812651      82.1600528       0.0000000      36.3638653      56.7860391      34.4125163      23.3918379      68.0877409      50.4337010      69.0149071      55.4523881      63.7458461      68.9051041      66.6430287      28.1587960      41.8619736      43.8003723      60.9032329      11.3113308      35.1549280      52.9998049      50.9412561      29.7849412      49.8774844      43.0345633      76.6867468      91.7652648      37.2391570      60.0146929      64.3775110      43.4684700      88.8291692      40.0608548      24.4017263      70.9639664      83.0273085      32.9584519      41.2491176      77.1008702      76.7014800      37.6281028      59.3583160      69.6757220      74.4752105      57.8350981      22.6987688      82.5038326      14.3149308      47.3482330      35.8175682      68.2815233      65.7676944      80.2086620      40.2380783      63.1935576      63.0897514      79.0705880      68.9859154      39.6125525      38.2473248      64.7331925      33.5876912      71.5328602      76.7524626      73.1215546      42.0031280      70.3560325      40.4357802      11.1589165      31.6917203      55.8763880      39.5876375      46.8034989      66.0052382     103.1475680      43.3159320      44.5924724      51.1008892      50.6018331      61.0158876      33.4384951      50.1467354      47.0451286      42.7839910      67.1910473      44.5619550      60.6040441      21.1328586      30.6923707      65.5085917      55.5224144
     29.3281333      79.1349234      79.5406687      79.9494168      48.4092201      68.2969703     114.7014112      89.7419829      21.0027646     126.5104157     118.3119997      36.3638653       0.0000000      74.8705570      41.7316359      37.1765199      80.9592695      67.0314419      97.8424831      90.3292663      98.7550825      97.8666308      98.0199334      17.0072797      66.6432391      62.3519548      87.4180599      34.6775644      58.7557977      68.6204947      72.5531891      49.1352655      33.9657105      72.2289038     102.9652827     122.6629478      22.4102179      87.8523183      96.5596956      28.6931318     104.7863517      68.2250122      17.0694288     106.4343803     113.7376970      58.5685527      57.3055628      95.5689857      99.1888279      27.6241315      83.5184193     104.8316582     110.0494644      77.8169898      15.3763591     111.7953127      40.8054830      53.5887277      67.0877303      94.4331527      96.5715494     115.4433960      73.3230369      62.0870081      89.3038397      88.3430783      94.1467688      64.1789440      74.3556735      91.5390663      35.4718341     102.0142460     105.3205420      99.1399132      64.4814000      93.2021632      47.4393559      30.4072158      30.6574821      88.9970791      67.4049767      77.9235599     100.4269399     129.1691259      67.7726560      67.7981377      87.0388135      70.5643462      84.8245612      64.3716890      84.4480114      72.1105330      71.4242192      89.3652964      61.1494287      85.8491997      52.3470660      52.7199239      91.3749784      64.5703263
     86.1779028     115.7491103      92.4814208      61.0853150      91.0804589      60.7392847      99.9934670      71.1975143      68.1580299     109.2407223      88.9476282      56.7860391      74.8705570       0.0000000      82.2434448      55.1738321     121.7590203      91.7658505      98.6057448      72.5326451      86.7726502     101.9548078      52.0278860      63.7971910      72.7278058      71.1381478      29.5567919      48.1679216      58.4550941      40.9861943      70.3019457      79.2466477      86.6788276      71.0709272      66.5632797      99.7867807      57.8926985      61.7723147      72.2883435      70.4306466     140.6477235      56.0684997      67.0717266      65.8275233      98.9864509      65.5987619      32.8834805     127.7676096     124.4037381      85.2447521      70.1999980      91.7359936      72.3177644      79.6922928      62.6286085     120.3331587      61.8613171      59.9738803      32.4368153     110.8802662      78.7957645     100.0650406      69.4231038     101.1115245      26.9568341     111.6917187      24.5320835      23.2741304      63.5036489      27.0667732      67.5713140     108.4848573      73.4024201     117.2166511      76.0442166      46.7636720      31.4678874      53.9989242      86.9597089      57.9894296      47.6815738      61.5965941      90.1609798     102.8437759      40.0443715      43.8332386      61.4372210      26.2419649      68.0334927      75.5993628      76.7063735      32.7890367      88.5515139      19.5810997      87.7451726      47.5967300      38.6607209      50.6570823     107.2706058      87.7845838
     18.4500221      64.2988346      54.0299338      73.6502322      13.9349988      70.5642038      92.5007762     102.3018068      60.5454424     102.1019725      94.8240221      34.4125163      41.7316359      82.2434448       0.0000000      28.0220164      66.4603377      72.0239361      89.8825865      64.3210835      72.2497369      86.7001465      96.4442371      32.8482742      32.7043787      30.3566676      91.3113151      42.3828056      34.2071637      86.7781058      41.6310372      50.1940155      66.6785743      71.2061633     109.6258657     118.2562417      46.5328406      62.7238721      68.5912058      64.7609773      80.9802292      44.2638709      27.8228835      88.9954230     107.6558604      28.9115915      73.9596023      74.3659470      73.1763838      49.8011136      53.9676582      83.9428112      89.5427366      88.0449425      34.5996644      85.5970727      44.7933247      78.8729588      62.8862057      77.0780801      93.7679898      90.4268708      45.5666059      83.2617116      92.4304285     102.1184917      92.5181715      61.8110192      59.5880755      86.9604207      21.9925975      78.3379854      78.5008216      70.6178393      28.4728540     103.9076222      67.7575238      32.2637400      29.6436014      84.8676221      48.7053164      51.7864847      72.0511735     133.8892419      54.2933063      78.8829276      67.7757678      83.0016390      93.8583459      53.8003600      71.1602185      62.1792542      44.2520206      95.7447806      66.1674030      94.1766248      51.1193728      64.8468532      77.4128821      28.9705379
     35.0058768      80.1311072      62.9365362      63.3352279      36.2034731      60.0974914      92.5496250      88.5426595      47.6765779     102.6935424      89.5035812      23.3918379      37.1765199      55.1738321      28.0220164       0.0000000      84.0842329      73.4769034      90.1117924      59.7996263      72.4299556      89.2806532      79.0818416      20.8886369      34.1051168      28.8302939      68.7632246      24.2505622      22.3421950      65.9523851      37.0254847      52.0279009      63.5742242      64.9467947      93.4866015     111.0002432      28.5710494      50.9627187      61.7359884      54.1538059     101.5965577      32.1194579      21.0121449      76.7878485     103.0473444      25.5681383      51.7503431      92.0285302      89.9477048      52.0562692      46.9149716      83.2592264      79.2683248      80.4011909      23.3804083      96.1594440      37.5622092      63.8756914      42.2331492      86.5291960      85.5373236      90.9376271      43.6543126      83.4076589      69.1607887     101.8936016      67.9138830      36.4620971      52.7709984      63.3574782      14.1836297      86.4115333      68.4079173      85.1626320      33.5944610      83.1510586      43.0275955      14.7829654      41.8215766      71.4618344      31.4064497      43.0794802      73.6434145     123.0068593      32.5759849      60.7015674      58.1537349      59.6309810      81.1849946      53.9387323      67.7841926      39.0080429      54.4846639      70.3930065      67.4825870      75.4548082      31.1627474      49.9360898      85.1131648      39.2012821
     60.4586336       7.6266480      44.6307720      76.8113490      75.2757608      72.1006303      79.8065306      97.4456148      96.7139794      89.4953373     100.0717139      68.0877409      80.9592695     121.7590203      66.4603377      84.0842329       0.0000000      46.9245146      59.5952609      83.2923754      75.5466561      53.7766351     107.0305859      83.7451538      78.9930734      87.1095367     114.7158844      77.9071026      86.8281039     105.1544534      94.1713399      45.7358427      75.8990633      63.6311713     109.5473462      97.6672086      96.8559384     106.1011797      98.9876923      86.7573747      28.7447120      89.6922313      76.6929852     105.3897073      83.5134802      77.2802373     100.0271890      19.5480225      31.9754016      60.4553687     102.4042169      73.9550212     105.6393881      74.1389913      78.5979412      54.2344486      61.8743505      90.7513606      93.2838142      35.7186032      81.3146094      82.6289842      72.3707806      65.2489080     118.3962105      68.8974747     128.2727412     103.7573925      69.2328967     122.9326773      85.4193751      51.2419057     117.9989632      41.7500491      76.9489251     116.9832615     105.1401142      76.4718966      51.0930315      89.8104694      94.5844346      89.1544369      75.7691029     115.3839177     103.0748459      92.7915461      86.1702894     108.4816441      89.1096499      49.3326724      64.1170881     107.9716271      44.8257429     126.6772020      46.3165828     104.5250642      83.3338365      79.0687773      36.7967930      89.2691515
     63.0692180      41.9480534      52.7055304      48.8686369      85.2037120      35.8198047      75.9306697      52.5611634      73.3531364      88.6758210      92.7462908      50.4337010      67.0314419      91.7658505      72.0239361      73.4769034      46.9245146       0.0000000      39.4120814      78.3784313      74.6489042      41.1425106      74.3841231      70.9555568      81.4565072      88.4820840      80.7083456      54.8498340      81.3532626      64.2476511      94.6903757      22.2527344      50.0499803      29.2271840      69.1041836      69.4383574      79.1295823      99.9613765      95.3828782      57.4006746      72.4489219      82.5996754      65.8235139      89.1841267      58.0893048      75.3887210      63.6688697      58.1366507      64.4008271      43.1667233     101.5294838      67.5683182      93.0948417      28.4787376      62.9618138      71.0455200      36.8171840      49.4576726      68.1293014      45.0959720      48.9680714      81.7328401      69.6993769      32.0946240      85.4334702      32.2686534     100.8121994      80.7406082      52.2931398      97.6706038      80.8688096      60.7271022     113.5612876      66.8081082      81.4762507      76.2605899      73.9321830      60.2080049      49.8209108      59.1737284      83.2977849      83.4881194      77.7838683      77.9697069      88.7285194      53.4565521      72.8112578      71.7370337      45.9366503      31.9577723      46.3801817      90.1475914      53.1943807      93.1801368       6.2169617      64.7196807      58.9517987      41.9703945      38.2350890      98.0219019
     88.3105783      52.5970847      45.8310858      38.5238389     103.0326528      40.5826529      44.2313129      55.5730442     104.6407091      55.7466398      66.1168872      69.0149071      97.8424831      98.6057448      89.8825865      90.1117924      59.5952609      39.4120814       0.0000000      64.9567762      54.4127229       8.6384583      61.6376777      96.0336145      85.0766557      96.0096461      78.4372861      74.4843323      88.3343919      77.3590042      98.0035109      49.7023098      87.5578467      30.4411085      59.9767914      38.0826981     104.5091314      95.5893209      84.0458588      90.6471065      72.1901166      84.3893814      91.0054418      69.6389637      23.9454605      81.8347739      78.7389355      57.5461682      56.9338717      78.7890374     100.5652938      38.9220451      72.3339447      40.9193218      89.0071390      48.1360234      58.7214643      74.9504713      70.0997437      30.5237230      27.4927650      52.6002798      65.9426330      69.9991303      82.9059085      55.7618362      97.9434548      86.7322952      44.5414685      94.0177613      99.8698139      38.0482153     104.1765929      54.8436103      86.8539392      75.7302082      92.9369571      80.0973290      78.0934578      45.7631011      85.7851883      79.7258197      58.0628556      58.9303377      92.8081046      62.3272899      59.8304334      80.1417630      47.0039183      36.9317592      28.3035618      92.8288760      52.7719574      94.1127504      42.4071793      63.9545653      68.6793117      59.6240124      24.6736313     108.9791804
     76.1397538      76.7477403      39.0867957      42.7647358      73.4048216      56.9022895      40.4078009      86.6650037     100.1741893      46.8373699      31.1870216      55.4523881      90.3292663      72.5326451      64.3210835      59.7996263      83.2923754      78.3784313      64.9567762       0.0000000      18.0864466      62.3924096      57.6922860      77.9914588      37.2652891      48.8494557      64.5981040      61.3762549      42.7753243      82.5164406      43.9520577      65.8235287     102.8794322      56.5780452      80.2411979      78.0265497      86.0678165      34.3436516      19.2494505      97.4042454      88.5445433      33.0280162      74.8384996      30.0614615      71.2370911      39.0070759      74.7880106      78.4168882      68.3596946      89.0939639      40.7165725      34.4524143      27.4729458      80.9130637      75.9079267      57.5867596      59.8229060      90.0567178      43.4361993      62.9406480      61.6301652      35.4527408      18.8023422     105.5172138      65.0285438     107.8996395      64.2687871      52.7159118      28.1014233      56.8945406      69.1295347      49.4379467      40.0669647      56.8512226      41.8054306      81.3369914      80.2910050      61.2314567      76.5682369      48.5166739      36.7995041      22.0311941      19.4016235     100.9616276      45.7917227      68.6028598      14.7686178      73.0642441      76.6220707      46.7897178      38.0655141      47.8228577      39.5167501      74.1509620      75.3809873      71.8180764      48.4386198      66.6908297      64.3054375      65.4086290
     82.1499493      68.8423362      31.6733882      43.6609083      81.8954723      58.4125882      24.3707761      87.1757364     109.6085916      31.2108461      26.3613876      63.7458461      98.7550825      86.7726502      72.2497369      72.4299556      75.5466561      74.6489042      54.4127229      18.0864466       0.0000000      50.4917117      62.2898251      88.5491388      49.4087131      62.2704097      74.3986932      71.0392188      57.5472333      90.0774672      58.8742073      66.0192245     107.0217925      54.8337393      81.4321467      69.6635562      97.9363218      51.9711618      34.8448504     104.2625158      77.5179484      49.3754210      84.3362439      36.9445920      61.4845683      51.5287223      84.2293084      67.4516232      56.3018721      92.6837412      56.8265870      19.6957487      33.5593882      79.0489059      85.3883870      41.0684342      64.8174427      95.4833456      55.8241105      50.2518424      56.8424247      19.2602827      29.6504251     104.6005129      75.7724785     102.9571360      78.5020035      67.8785479      30.9913967      71.5959351      81.1215530      33.7677162      55.6064697      44.2141425      52.8634757      87.4121698      92.0634973      71.5572686      80.3484019      50.4351424      53.6836902      39.1454704       5.1163625      95.7668307      62.9721341      74.7012615      25.7921215      82.9347399      76.7966073      45.0470209      32.2624816      64.8936093      36.4225224      86.2795612      72.8091699      76.8688851      59.4661435      72.3340386      52.6818013      76.6130347
     85.8177015      46.7572375      39.8356139      41.7337802      99.4194251      44.8497728      40.8723169      63.3161260     106.3176708      52.1748270      64.4657847      68.9051041      97.8666308     101.9548078      86.7001465      89.2806532      53.7766351      41.1425106       8.6384583      62.3924096      50.4917117       0.0000000      66.7463361      95.7511110      81.7550201      93.1348490      83.1294987      75.5143106      86.4888812      82.8828323      95.1954962      49.4553616      89.3153200      34.3265674      67.5176355      44.6985478     105.1786248      93.8991923      81.6386952      93.0610335      64.3181963      82.7310467      90.3396018      70.2429212      30.4352704      79.2482548      82.9689147      49.9083238      48.5954065      78.9323314      97.9603290      35.8695020      72.0212835      47.4362858      89.0476451      39.9199035      59.4923454      79.6816627      72.1137338      22.3697339      34.5188712      48.7229142      62.9581905      72.6013939      87.3441856      60.0273659     101.0439558      88.3640115      44.2033027      96.5745471      98.2602252      30.1691850     102.2457901      46.5632906      83.2845211      82.2978679      96.0693424      80.0333736      76.0354078      50.3075823      84.9757950      77.6777026      53.6069620      67.1756928      92.7152548      67.5141806      59.2138839      84.8974780      54.3457910      35.6813569      28.1212193      93.4821552      47.4870181      98.5596044      43.6661967      70.2414109      70.1494272      63.3582088      17.4354162     105.2462481
     99.7568856      99.6251707      74.6207725      30.3401479     108.8209185      39.8107822      62.8492563      44.3767354      96.3436029      71.6785392      57.3326212      66.6430287      98.0199334      52.0278860      96.4442371      79.0818416     107.0305859      74.3841231      61.6376777      57.6922860      62.2898251      66.7463361       0.0000000      89.9083385      81.2278387      88.0285429      23.6421858      64.2016510      75.3037680      46.5789580      85.7346271      72.0654031      97.3499934      46.0379124      27.4761072      50.0932570      91.0962935      71.6408702      67.2017577      88.2494669     122.1890502      67.6861163      89.0184261      39.1884198      52.6822129      76.2200304      49.4621199     107.8345289     103.2583420      93.4412061      83.4657710      56.6841444      47.3741075      55.8920805      84.9240625      90.7858026      63.2166589      65.4464037      37.6382141      83.0881855      36.1683321      66.4138933      64.2723531      95.0486076      26.9499305      90.9553734      43.6701404      51.3692415      43.7707425      42.7647623      93.1257629      79.1066484      78.3499310      95.4367415      85.4689026      29.1854931      64.8213007      72.6914958      94.8875632      17.4277644      63.1559270      64.4470755      67.1886454      57.5028857      63.9213318      36.1945579      43.1374260      39.5362078      39.0112867      58.9823847      46.0366037      57.9934869      76.5317577      39.0998415      73.4199941      23.8688742      48.6921309      49.3671426      78.9776708     106.8808176
     28.4827409      80.9526334      73.3931524      73.2639144      39.8448265      64.8655445     106.6040140      89.5337821      29.4669519     117.7485652     106.9595962      28.1587960      17.0072797      63.7971910      32.8482742      20.8886369      83.7451538      70.9555568      96.0336145      77.9914588      88.5491388      95.7511110      89.9083385       0.0000000      52.6290243      47.1395430      78.4038899      26.3289825      42.9845529      65.9659413      56.7754337      50.5237431      47.6668616      69.6677556      99.1174634     119.0108698      14.4651283      71.8119117      82.0252441      38.7560193     105.0000988      52.8017281       7.1282879      94.2231094     110.5993108      44.3830526      52.5841980      95.6198567      96.6965347      38.6923199      67.4026590      96.8737069      97.4588396      79.6864281       8.3828560     106.7160890      38.0361192      57.0345344      55.5895626      92.6411279      92.7900022     106.2658161      61.1661047      72.7505215      79.5424847      95.9073511      81.4541413      50.5125048      65.6352532      78.2466382      20.4095949      96.8343635      89.2664488      94.5170020      50.9225002      88.1986407      41.3044686      18.5945469      34.1668080      81.8191359      51.7355321      63.2914002      90.0292129     127.6738899      51.7066225      63.8304025      75.2341529      64.0393921      83.6003987      60.4048923      78.2532183      56.6869200      64.8196977      79.5250180      64.8024263      80.9294026      41.8038935      50.3621981      90.2681153      51.5006721
     49.2726281      74.5826993      46.4215228      62.6905128      38.2575758      67.8422215      73.0546980     100.8977775      80.5407330      80.4596471      68.1710023      41.8619736      66.6432391      72.7278058      32.7043787      34.1051168      78.9930734      81.4565072      85.0766557      37.2652891      49.4087131      81.7550201      81.2278387      52.6290243       0.0000000      13.2662443      78.5134780      49.0107298      16.0705356      86.7445344      15.3369158      61.4843868      89.1261491      69.0083304     101.0492629     106.9434127      62.5408437      32.4293385      36.7347135      83.5585057      87.2314493      18.4743520      49.7015159      62.9115294      98.1002972       9.4211151      74.3865113      79.6922128      72.6912360      73.4034619      24.3181016      65.7278527      61.7916246      91.2123881      53.8093454      75.2425308      53.0556575      87.9493229      49.7058825      75.2138444      85.0459819      68.5781103      21.7396057     101.1500920      78.5141424     113.3395252      74.3855682      49.5374558      45.7014268      67.3746125      37.3735187      68.1052166      46.6953316      64.6646861       5.3624815      96.1059636      71.4943772      42.2277374      55.9106114      71.6802498      26.5969312      21.9835558      48.6200559     126.2503910      35.6180868      76.3367401      44.0677236      78.1011872      91.4031574      52.7385924      59.9284945      43.6836485      38.9092054      83.3616236      76.3985406      86.8297644      45.5969072      67.8568156      76.6913801      28.4633133
