      0.0000000      16.8511349      26.8140865      16.3908672      35.3524293      29.8082192      25.6106773      33.4024046      37.9966794      15.1585759      31.7245227      25.5934878      36.5986523      18.1450465      24.5627988      18.8057091      24.8991057      28.0564723      18.2258564      27.7818911      17.3790769      40.1052534      31.2015886      22.2729404      18.3576280      23.9010890      24.1561756      28.8282745      38.7667375      17.8799346    5940.3930402    5937.4510633    5921.0643375    5942.9155013    5934.8771779    5943.9378391    5934.9038985    5913.7970933    5935.6686079    5926.2471629    5925.3808891    5923.0330389    5944.7866452    5945.1524703    5916.3038191    5936.8195860    5937.7222892    5933.4764259    5929.5915715    5931.9896302    5931.2372642    5946.2094482    5929.4780236    5939.7744663    5933.8238692    5944.3489901    5921.3439271    5936.5367621    5942.5099094    5920.1075124    5939.3490184    5945.2561972    5950.3644326    5939.3752806    5942.4023562    5952.5118119    5963.2737099    5942.9714481    5927.7857538    5943.1838034    5928.5236514    5950.6324768    5931.3308206    5940.9577548    5949.8772501    5936.3233492    5925.9664679    5949.4992497    5950.8510860    5945.0479181    5953.3576482    5939.1976488    5925.1026621    5931.2169830    5950.5672477    5940.2729059    5948.6456614    5933.5449321    5937.2238148    5950.0460370    7617.2934126    7591.3004127    7614.5730288    7597.9750167    7613.4478267    7591.3661144    7594.8549333    7588.2475294    7586.3379113    7611.7229366    7598.8748930    7617.0105719    7598.5239027    7603.1571529    7610.3396348    7604.1902798    7615.1327868    7607.2796011    7598.0971612    7618.8252839    7622.2150555    7595.2444820    7604.9736342    7597.9403980    7604.7717809    7601.5708911    7605.6962039    7583.1623000    7593.7243277    7594.7223906    2663.1499780    2635.6191331    2661.8775044    2645.4968030    2650.3438716    2654.7331143    2645.1333073    2661.5513182    2635.6319234    2654.2319554    2636.8544137    2649.5948119    2643.0661265    2637.1026586    2643.4308515    2650.7348560    2647.5032128    2663.3948907    2652.6306771    2664.1160842    2653.0955677    2668.3882425    2634.1107992    2632.2898214    2644.2616141    2652.5350364    2663.5714981    2644.9910208    2636.7623811    2658.5567193
     16.8511349       0.0000000      12.4437167      16.4343425      19.6795013      13.2083306      10.7614783      23.5495515      24.1073846      10.0133517      24.0678394      15.4350813      22.4466358       8.2098323      20.2990767      13.1008739      13.9421251      19.4819100       4.7088850      13.5743713      23.9582259      26.8491581      16.0622901       9.4965123       2.0094450      14.0031598      11.5763131      29.0455976      23.0738217       3.0730026    5929.8185870    5926.8685843    5910.5088953    5932.3582993    5924.3425184    5933.3807980    5924.3053808    5903.2501124    5925.1584723    5915.7093704    5914.8185335    5912.4986812    5934.2204957    5934.6006822    5905.7533693    5926.2648671    5927.1638889    5922.9564747    5919.0568203    5921.4482549    5920.6959756    5935.6589266    5918.9418590    5929.2045306    5923.2454506    5933.8364099    5910.8333311    5925.9605124    5931.9502584    5909.5649392    5932.1015042    5937.9991607    5943.1537488    5932.1164704    5935.1376972    5945.2607239    5956.0393665    5935.7584878    5920.5664458    5935.9549332    5921.2752467    5943.3996101    5924.0886372    5933.6705716    5942.6661936    5929.0921140    5918.7168801    5942.2160638    5943.5706568    5937.7983920    5946.1048298    5931.9382533    5917.8720978    5923.9533943    5943.3403732    5932.9603482    5941.4191815    5926.3046175    5929.9537318    5942.7715407    7605.8835066    7579.9244184    7603.1826052    7586.5408810    7602.0452231    7579.9472183    7583.4537937    7576.8641890    7574.9400499    7600.3267192    7587.4725175    7605.6145232    7587.1206756    7591.7362963    7598.9606790    7592.8041871    7603.7303292    7595.8796967    7586.6914491    7607.4211033    7610.8151541    7583.8574505    7593.5657289    7586.5417210    7593.3726944    7590.1545285    7594.3130231    7571.7648578    7582.3134030    7583.3566054    2678.0245800    2650.4570289    2676.7672813    2660.4372981    2665.2587120    2669.6140517    2659.9932902    2676.4568557    2650.5001195    2669.1093149    2651.6353989    2664.5156830    2657.9511957    2652.0134173    2658.3020966    2665.6130971    2662.3920568    2678.2211858    2667.5277600    2679.0133676    2667.9747204    2683.2596912    2649.0208391    2647.1728179    2659.1412252    2667.4099612    2678.4068957    2659.9043959    2651.6183503    2673.4646109
     26.8140865      12.4437167       0.0000000      17.5811296      20.8388289       7.3669705      16.5103253      22.5592163      22.9619675      21.1550324      17.7226618      18.7335429      13.2265260       9.2567858      16.1035333      15.1472997      19.5659513      17.1140935      15.6310791       6.4009464      28.0923501      21.9863368       4.5132884      11.8872385      10.7510912       7.5350686       5.2357651      25.1686358      20.4277493      12.0170087    5927.3026388    5924.3590982    5908.0016344    5929.8684357    5921.8425686    5930.8700309    5921.7876619    5900.7509358    5922.6760264    5913.2453349    5912.3133374    5910.0244292    5931.7164568    5932.0936309    5903.2508263    5923.7658133    5924.6511753    5920.4677642    5916.5240441    5918.9497223    5918.2051378    5933.1667749    5916.4446339    5926.6822940    5920.7330220    5931.3547479    5908.3569082    5923.4342448    5929.4558232    5907.0765507    5925.6688526    5931.5480141    5936.7211681    5925.6695438    5928.6810149    5938.8632772    5949.6247850    5929.3462634    5914.1675312    5929.5312490    5914.8475977    5936.9658733    5917.6460413    5927.1973554    5936.2661227    5922.6726426    5912.2907631    5935.7937235    5937.1314491    5931.3664857    5939.6552091    5925.5176814    5911.4551577    5917.5242905    5936.9161527    5926.4979802    5934.9787030    5919.8661854    5923.4863666    5936.3269170    7594.3040368    7568.3423150    7591.5993796    7574.9505016    7590.4611806    7568.3637956    7571.8734240    7565.2853749    7563.3646661    7588.7481654    7575.8938293    7594.0280474    7575.5380616    7580.1490677    7587.3850337    7581.2175680    7592.1464774    7584.3043551    7575.1149061    7595.8343049    7599.2496441    7572.2752756    7581.9876813    7574.9646681    7581.7878897    7578.5790511    7582.7331293    7560.1880102    7570.7322940    7571.7835759    2682.4250158    2654.7626347    2681.1684407    2664.9162559    2669.6809516    2674.0234131    2664.3786983    2680.8708001    2654.8734030    2673.5226653    2655.8724328    2668.9662085    2662.3336834    2656.4325887    2662.6666055    2669.9504864    2666.7934863    2682.5576458    2671.9585438    2683.4050173    2672.3746455    2687.6345830    2653.4263256    2651.5226475    2663.5266660    2671.7492692    2682.7302033    2664.3077264    2655.9679457    2677.8738586
     16.3908672      16.4343425      17.5811296       0.0000000      34.8988997      23.8332388      26.2814436      31.2745925      36.5968001      22.3260772      21.6898521      26.1694378      26.1310490      10.7291036      11.7790824      14.8338646      25.0970290      22.8996858      20.8279403      20.4020021      17.6001485      35.3555170      21.8205648      19.9717568      16.5766478      12.3717188      15.4304433      14.4614872      36.0768857      16.3575888    5940.9694269    5938.0368512    5921.6515813    5943.5270124    5935.4733745    5944.5203991    5935.4792000    5914.3950131    5936.2876007    5926.8932363    5925.9714108    5923.6647628    5945.3790568    5945.7398736    5916.8972884    5937.4182082    5938.3022110    5934.0873164    5930.1422527    5932.5881761    5931.8464593    5946.8174152    5930.0780650    5940.3418775    5934.4053367    5944.9692445    5921.9712405    5937.0989464    5943.1152328    5920.7201354    5933.5834582    5939.4632207    5944.5910567    5933.5893998    5936.6021894    5946.8031519    5957.5341748    5937.2309968    5922.0678403    5937.4285238    5922.7662273    5944.8620553    5925.5482331    5935.1360735    5944.1557747    5930.5752761    5920.2117337    5943.7578304    5945.0822003    5939.2839957    5947.5662165    5933.4539010    5919.3584471    5925.4605202    5944.8107025    5934.4739847    5942.8631038    5927.7685863    5931.4077662    5944.2672389    7603.6146684    7577.6095792    7600.8828950    7584.2795246    7599.7585418    7577.6813575    7581.1726404    7574.5647122    7572.6648364    7598.0432403    7585.1961814    7603.3151307    7584.8375818    7589.4652384    7596.6621976    7590.4925373    7601.4438499    7593.6070162    7584.4233747    7605.1308491    7608.5619193    7581.5557497    7591.2973079    7584.2641782    7591.0802750    7587.9013636    7592.0112085    7569.4862417    7580.0425483    7581.0474576    2666.9865575    2639.3154802    2665.7039249    2649.4218132    2654.1883621    2658.5805481    2648.9541071    2665.3883775    2639.4250468    2658.0890872    2640.4722122    2653.4846285    2646.8628717    2640.9446434    2647.2062907    2654.4570807    2651.3306121    2667.1548504    2656.5036891    2667.9200561    2656.9276908    2672.1822198    2637.9291059    2636.0301990    2648.0677170    2656.2632190    2667.3014384    2648.8031267    2640.5229005    2662.3836544
     35.3524293      19.6795013      20.8388289      34.8988997       0.0000000      13.7188926      10.6967258      26.2730981      16.5234201      22.6784532      34.0477825      21.0224860      23.7673672      25.0377705      35.3458989      28.2706293      18.7016800      28.3043626      17.2389918      20.1442776      41.5711858      23.6620055      19.7885029      19.6131931      18.9658627      27.2759406      23.0741379      45.3806564      11.5189649      19.5415688    5915.7150617    5912.7467525    5896.4249032    5918.2540824    5910.2817785    5919.2977661    5910.1681382    5889.1705750    5911.1164046    5901.6080733    5900.7222233    5898.4127243    5920.1172582    5920.5216738    5891.6720618    5912.1735817    5913.0808536    5908.9062059    5905.0289139    5907.3761976    5906.6163380    5921.5668422    5904.8762093    5915.1139881    5909.1325956    5919.7898709    5896.7846659    5911.8647128    5917.8470102    5895.4810430    5927.0613417    5932.9641548    5938.1695233    5927.0743257    5930.0970155    5940.1773910    5950.9997116    5930.7491523    5915.5334118    5930.9335733    5916.2285163    5938.3827994    5919.0673104    5928.6132251    5937.6467083    5924.0627344    5913.6667417    5937.1104078    5938.4871858    5932.7542996    5941.0745291    5926.8670912    5912.8411734    5918.8850407    5938.3225404    5927.8527547    5936.4193270    5921.2816682    5924.9162486    5937.7029023    7600.1724420    7574.2681786    7597.5056434    7580.8061018    7596.3507272    7574.2273394    7577.7572449    7571.1928779    7569.2425892    7594.6353984    7581.7720651    7599.9328724    7581.4236088    7586.0179118    7593.2921404    7587.1379099    7598.0358189    7590.1789689    7580.9833739    7601.7274673    7605.1026470    7578.1844958    7587.8560762    7580.8449469    7587.6844988    7584.4289793    7588.6431478    7566.0697951    7576.6028689    7577.7050581    2695.9999363    2668.4771153    2694.7672679    2678.4360834    2683.2774929    2687.5902743    2677.9613012    2694.4690279    2668.4955772    2687.0751275    2669.6366056    2682.5131134    2675.9645002    2670.0290680    2676.3122512    2683.6650409    2680.3905013    2696.1868749    2685.5072363    2697.0364713    2685.9584858    2701.2580693    2667.0505904    2665.2192807    2677.1420717    2685.4541613    2696.4024464    2677.9418988    2669.6196781    2691.4860247
     29.8082192      13.2083306       7.3669705      23.8332388      13.7188926       0.0000000      12.0441815      21.9928734      18.3422730      20.7555367      22.5673901      17.6761358      13.7355155      14.2661981      22.8845684      19.0731962      17.4981542      19.6236894      14.3300953       8.4241495      32.9225127      19.8206162       6.3096068      12.3144168      11.5699999      14.4436464      10.7248612      32.4687347      14.3701117      12.7708413    5922.6138137    5919.6617868    5903.3180670    5925.1730279    5917.1660266    5926.1876963    5917.0865211    5896.0670854    5918.0022968    5908.5447543    5907.6246189    5905.3321189    5927.0248571    5927.4119168    5898.5671254    5919.0775143    5919.9693059    5915.7924527    5911.8678613    5914.2685580    5913.5192433    5928.4765089    5911.7655716    5921.9998984    5916.0398127    5926.6791464    5903.6792131    5918.7508372    5924.7618894    5902.3884435    5925.3493827    5931.2349702    5936.4227958    5925.3527786    5928.3671650    5938.5190261    5949.3011681    5929.0334864    5913.8425756    5929.2167081    5914.5244261    5936.6554895    5917.3360708    5926.8812158    5935.9465869    5922.3540486    5911.9659320    5935.4470683    5936.7972435    5931.0453608    5939.3435817    5925.1835965    5911.1353538    5917.1933177    5936.6030818    5926.1602622    5934.6763431    5919.5545989    5923.1762998    5935.9996153    7594.9714068    7569.0309838    7592.2805121    7575.6114949    7591.1358876    7569.0287560    7572.5464687    7565.9675711    7564.0361754    7589.4227660    7576.5650044    7594.7081838    7576.2114467    7580.8155057    7588.0675418    7581.9035309    7592.8211350    7584.9746383    7575.7826938    7596.5099953    7599.9131579    7572.9576553    7582.6552364    7575.6368425    7582.4651488    7579.2399925    7583.4161381    7560.8607697    7571.4002343    7572.4718636    2688.1293368    2660.5069109    2686.8818066    2670.6099906    2675.3961345    2679.7258337    2670.0838918    2686.5855880    2660.5918228    2679.2202037    2661.6264866    2674.6664390    2668.0565559    2662.1473026    2668.3927172    2675.6989439    2672.5061539    2688.2740645    2677.6569112    2689.1293883    2678.0822045    2693.3538249    2659.1496734    2657.2659259    2669.2441502    2677.4943612    2688.4610421    2670.0345490    2661.6943897    2683.5932514
     25.6106773      10.7614783      16.5103253      26.2814436      10.6967258      12.0441815       0.0000000      27.0418266      21.9687945      15.4528233      31.3483676      19.2589032      21.5437263      17.7618533      29.5698023      22.5121162       9.6141082      26.0578442       8.7708830      17.7117133      34.3931294      27.5282273      17.7036526      15.4019114      10.8593065      21.7905900      18.2961012      38.5763634      18.7540775       9.9938013    5925.3506847    5922.3865172    5906.0534328    5927.8854432    5919.9023736    5928.9266228    5919.8137166    5898.7964412    5920.7286219    5911.2341532    5910.3539379    5908.0361613    5929.7507658    5930.1487400    5901.2990129    5921.8028058    5922.7100423    5918.5218609    5914.6456295    5916.9998065    5916.2408086    5931.1951155    5914.4977506    5924.7469569    5918.7702913    5929.4032445    5906.3977485    5921.4998765    5927.4788768    5905.1063151    5933.6919311    5939.5929207    5944.7755179    5933.7061243    5936.7284012    5946.8260923    5957.6296686    5937.3656945    5922.1600245    5937.5556845    5922.8618588    5945.0031607    5925.6898439    5935.2523095    5944.2674206    5930.6882611    5920.3015416    5943.7695228    5945.1369721    5939.3866056    5947.7012006    5933.5110085    5919.4673035    5925.5279219    5944.9431225    5934.5136577    5943.0323856    5927.9048198    5931.5464654    5944.3463018    7606.3430786    7580.4139775    7603.6596835    7586.9807560    7602.5117853    7580.3995194    7583.9211885    7577.3469168    7575.4096556    7600.7981301    7587.9386002    7606.0871155    7587.5865379    7592.1873583    7599.4467557    7593.2855082    7604.1969899    7596.3474677    7587.1543324    7607.8866381    7611.2815448    7584.3373906    7594.0268845    7587.0108144    7593.8424447    7590.6079573    7594.7959952    7572.2350338    7582.7723556    7583.8538378    2688.0461403    2660.5124141    2686.7911304    2670.4366278    2675.2778565    2679.6329557    2670.0188039    2686.4779179    2660.5322568    2679.1258933    2661.7095648    2674.5238566    2667.9822371    2662.0332700    2668.3383929    2675.6617554    2672.4157191    2688.2614380    2677.5403178    2689.0424382    2677.9973430    2693.2915099    2659.0463365    2657.2171932    2669.1701095    2677.4572960    2688.4543015    2669.9312578    2661.6583827    2683.4880472
     33.4024046      23.5495515      22.5592163      31.2745925      26.2730981      21.9928734      27.0418266       0.0000000      12.9060866      22.3198405      17.5905218       9.4059060      34.0291113      22.2665716      24.5577847      16.9418980      35.2727205       9.4293385      22.8127522      16.2326522      27.4695029      10.1290155      23.1482728      14.1523371      22.0731830      22.1874283      19.1973093      35.6110082      18.2634701      26.0225458    5909.9057309    5906.9745998    5890.5829807    5912.4576963    5904.3996639    5913.4524047    5904.4212396    5883.3239661    5905.2073411    5895.8179680    5894.9042351    5892.5892932    5914.3126780    5914.6704467    5885.8272457    5906.3488993    5907.2346558    5903.0096109    5899.0711521    5901.5158423    5900.7735894    5915.7467138    5899.0044904    5909.2775880    5903.3423228    5913.8894564    5890.8906583    5906.0363710    5912.0467582    5889.6473928    5909.0173101    5914.9233664    5920.0724252    5909.0384559    5912.0640718    5922.1591621    5932.9472983    5912.6669543    5897.4679609    5912.8677663    5898.1885449    5920.3170709    5901.0097757    5910.6034836    5919.5688756    5906.0027076    5895.6293429    5919.1242432    5920.4872295    5914.7136711    5923.0285934    5908.8472716    5894.7815205    5900.8662732    5920.2536162    5909.8860418    5918.3404959    5903.2238376    5906.8850257    5919.6912017    7590.3127849    7564.3624203    7587.6254633    7571.0138107    7586.4918096    7564.3923285    7567.8861763    7561.2897873    7559.3530943    7584.7518055    7571.8984613    7590.0702166    7571.5618171    7576.1962102    7583.3738124    7577.2600463    7588.1761652    7580.2926081    7571.1093019    7591.8784263    7595.1903578    7568.2961619    7577.9894636    7570.9611880    7577.8220924    7574.5688406    7578.7427229    7556.1835250    7566.7491375    7567.7592293    2676.8408745    2649.2795719    2675.6542073    2659.4232253    2664.2268585    2668.4444474    2658.7698398    2675.3951115    2649.3386400    2667.9155840    2650.3195485    2663.4600245    2656.8521534    2650.9687794    2657.1709746    2664.5668552    2661.2751540    2676.9287171    2666.3952287    2677.9538629    2666.8142172    2682.1080859    2647.9987947    2646.1269554    2658.0105296    2666.3438537    2677.1817659    2658.9016756    2650.4432261    2672.4232136
     37.9966794      24.1073846      22.9619675      36.5968001      16.5234201      18.3422730      21.9687945      12.9060866       0.0000000      24.0740976      26.4686561      13.6244333      30.8950216      25.9854771      32.2005264      24.4076951      31.3182539      19.3685635      22.0376744      17.8242236      37.3007667       9.7293311      21.9153406      16.9997618      22.6592785      26.5431163      22.2967038      43.4966841       7.0129779      25.7622110    5905.9897588    5903.0411073    5886.6832555    5908.5371842    5900.5198636    5909.5541674    5900.4750373    5879.4270133    5901.3417230    5891.8960976    5890.9931012    5888.6828157    5910.3951964    5910.7752862    5881.9292135    5902.4414244    5903.3366812    5899.1375447    5895.2257958    5897.6256149    5896.8753617    5911.8375156    5895.1198322    5905.3742731    5899.4173688    5910.0197291    5887.0181260    5902.1288996    5908.1278102    5885.7449063    5912.1207915    5918.0285462    5923.2124472    5912.1393491    5915.1650335    5925.2375616    5936.0527592    5915.7924051    5900.5790925    5915.9843418    5901.2881710    5923.4357218    5904.1246516    5913.6920299    5922.6887834    5909.1144134    5898.7268757    5922.1858230    5923.5618161    5917.8146586    5926.1369957    5911.9315701    5897.8924294    5903.9516347    5923.3724559    5912.9427189    5921.4696030    5906.3380344    5909.9870880    5922.7749987    7591.0763392    7565.1601790    7588.4081499    7571.7499970    7587.2618243    7565.1457979    7568.6585630    7562.0807806    7560.1299798    7585.5296210    7572.6699530    7590.8463858    7572.3315453    7576.9467705    7584.1699694    7578.0464048    7588.9463704    7581.0673704    7571.8778527    7592.6461791    7595.9672542    7569.0825981    7578.7554138    7571.7368430    7578.5955543    7575.3266856    7579.5336039    7556.9605187    7567.5113165    7568.5694738    2688.9985448    2661.4681530    2687.8088540    2671.5475901    2676.3710957    2680.5985675    2670.9340075    2687.5433924    2661.5044291    2680.0692834    2662.5356097    2675.5957492    2669.0123891    2663.1145514    2669.3384584    2676.7396369    2673.4298360    2689.1117230    2678.5406988    2690.1094639    2678.9711409    2694.2730160    2660.1481564    2658.2956379    2670.1710778    2678.5168783    2689.3665450    2671.0509404    2662.6173723    2684.5722007
     15.1585759      10.0133517      21.1550324      22.3260772      22.6784532      20.7555367      15.4528233      22.3198405      24.0740976       0.0000000      27.8269483      13.0759771      32.0500798      15.4215063      25.4212084      14.7739854      20.3805894      20.6846021       7.3425173      19.7194468      22.4541324      28.3745621      24.4445491      12.0958125      10.9040776      21.3292525      18.7405864      34.4289866      25.3802240      12.6010371    5926.3116459    5923.3622317    5906.9909074    5928.8339518    5920.8133246    5929.8648397    5920.8087605    5899.7255030    5921.6124988    5912.1669222    5911.3024483    5908.9589828    5930.7054288    5931.0811338    5902.2314957    5922.7432508    5923.6492662    5919.4169148    5915.5410641    5917.9211441    5917.1657148    5932.1328429    5915.4121599    5925.6983456    5919.7386715    5930.2910714    5907.2851123    5922.4584740    5928.4287300    5906.0342100    5930.6687652    5936.5835946    5941.7208049    5930.6970114    5933.7273060    5943.7953974    5954.5897715    5934.3066956    5919.1024014    5934.5138066    5919.8379071    5941.9677946    5922.6651254    5932.2756301    5941.2031256    5927.6471123    5917.2781337    5940.7739250    5942.1441059    5936.3649537    5944.6878095    5930.4943803    5916.4247821    5922.5174607    5941.8997160    5931.5554647    5939.9936103    5924.8772299    5928.5532987    5941.3499814    7610.7631682    7584.8077900    7608.0686322    7591.4423311    7606.9332817    7584.8347843    7588.3348314    7581.7415880    7579.8115071    7605.2040986    7592.3504085    7610.5069515    7592.0060571    7596.6311736    7603.8318797    7597.6965188    7608.6180178    7600.7511353    7591.5654068    7612.3144651    7615.6679909    7588.7413679    7598.4426221    7591.4163634    7598.2620719    7595.0269026    7599.1924495    7576.6390763    7587.1962409    7588.2223793    2673.8465735    2646.3565667    2672.6088031    2656.2449488    2661.1065565    2665.4329540    2655.8160099    2672.3027853    2646.3501765    2664.9181685    2647.5502977    2660.3341765    2653.8116600    2647.8601023    2654.1677799    2661.5245777    2658.2323069    2674.0632937    2663.3401209    2674.8777243    2663.8037483    2679.1111970    2644.8848872    2643.0745194    2654.9903191    2663.3142493    2674.2786646    2655.7756412    2647.4834304    2669.3200889
     31.7245227      24.0678394      17.7226618      21.6898521      34.0477825      22.5673901      31.3483676      17.5905218      26.4686561      27.8269483       0.0000000      20.1382005      28.4078244      17.2559547      10.6054451      13.8210167      35.9779390       9.3838121      26.6444722      14.3488710      22.0374483      20.0267342      19.0530869      17.5363321      22.4820991      12.8452077      13.8529619      20.0045701      28.0492364      25.5439599    5922.2968118    5919.3784588    5902.9759628    5924.8748782    5916.7917248    5925.8414802    5916.8222733    5895.7234442    5917.6102130    5908.2597740    5907.3035375    5905.0156674    5926.7154586    5927.0618016    5898.2239919    5918.7524991    5919.6218255    5915.4091571    5911.4191176    5913.9132752    5913.1812992    5928.1573966    5911.4009920    5921.6579099    5915.7401636    5926.2946370    5903.3018669    5918.4145322    5924.4590745    5902.0590593    5912.2803484    5918.1594256    5923.2993765    5912.2845381    5915.2967279    5925.4948953    5936.2329849    5915.9361441    5900.7694789    5916.1301001    5901.4622477    5923.5636052    5904.2479797    5913.8257484    5922.8600929    5909.2756205    5898.9072094    5922.4426247    5923.7697841    5917.9801767    5926.2635360    5912.1457244    5898.0587011    5904.1520557    5923.5129608    5913.1545753    5921.5674692    5906.4684011    5910.1019713    5922.9572795    7585.7476539    7559.7570657    7583.0302882    7566.4373137    7581.9055490    7559.8232402    7563.3099336    7556.7016085    7554.7892665    7580.1766399    7567.3286316    7585.4702034    7566.9805531    7571.6171222    7578.7914326    7572.6501646    7583.5903672    7575.7308965    7566.5492848    7587.2850636    7590.6592258    7563.7010087    7573.4268447    7566.3929684    7573.2301185    7570.0221497    7574.1510825    7551.6147377    7562.1797852    7563.1725052    2670.9316794    2643.2320880    2669.7077811    2653.5347608    2658.2667514    2662.5404118    2652.8608630    2669.4392127    2643.3787854    2662.0303597    2644.2498918    2657.5532370    2650.8716089    2645.0112614    2651.1821405    2658.4936481    2655.3312690    2670.9873406    2660.5017562    2671.9649221    2660.8917639    2676.1449867    2642.0095786    2640.0713205    2652.0513015    2660.2840487    2671.1850787    2652.8989194    2644.4569997    2666.4496495
     25.5934878      15.4350813      18.7335429      26.1694378      21.0224860      17.6761358      19.2589032       9.4059060      13.6244333      13.0759771      20.1382005       0.0000000      30.7767697      16.5800104      23.0415886      12.5549954      27.2787106      11.1278884      13.9030028      13.6444321      24.1962553      15.9893260      20.5000044       7.3670024      14.3488109      19.0863273      15.5060253      34.1061915      17.2582985      18.1707883    5916.2294470    5913.2890278    5896.9092487    5918.7689317    5910.7304147    5919.7806761    5910.7342469    5889.6479437    5911.5361860    5902.1180027    5901.2253468    5898.8993724    5920.6309121    5920.9983448    5892.1522059    5912.6688548    5913.5638298    5909.3386254    5905.4283623    5907.8420845    5907.0936390    5922.0631666    5905.3322893    5915.6086723    5909.6611948    5920.2164326    5897.2144160    5912.3675474    5918.3604735    5895.9648262    5918.1938106    5924.1035124    5929.2514190    5918.2175032    5921.2449780    5931.3270964    5942.1204529    5921.8410492    5906.6384994    5922.0434539    5907.3638224    5929.4948249    5910.1889706    5919.7866547    5928.7402367    5915.1772515    5904.8041809    5928.2957913    5929.6629462    5923.8898522    5932.2086686    5918.0201049    5903.9555273    5910.0408260    5929.4295595    5919.0649003    5927.5202556    5912.4021899    5916.0680349    5928.8686062    7598.7124190    7572.7634758    7596.0240596    7579.4015249    7594.8883966    7572.7876184    7576.2859923    7569.6928238    7567.7574330    7593.1536990    7580.2995572    7598.4654651    7579.9595228    7584.5880852    7591.7799951    7585.6562293    7596.5729307    7588.6967821    7579.5118263    7600.2725204    7603.6027107    7576.6959863    7586.3904959    7579.3640556    7586.2184099    7582.9710806    7587.1448893    7564.5866825    7575.1472581    7576.1689722    2676.8740871    2649.3443001    2675.6660936    2659.3778562    2664.2069561    2668.4702301    2658.8200961    2675.3871506    2649.3746500    2667.9471392    2650.4497841    2663.4371856    2656.8663339    2650.9536831    2657.2010956    2664.5812952    2661.2879823    2677.0170167    2666.4023435    2677.9531531    2666.8406212    2682.1408195    2647.9817839    2646.1367471    2658.0331147    2666.3635589    2677.2546530    2658.8797399    2650.4917029    2672.4108243
     36.5986523      22.4466358      13.2265260      26.1310490      23.7673672      13.7355155      21.5437263      34.0291113      30.8950216      32.0500798      28.4078244      30.7767697       0.0000000      21.1996620      26.4681636      28.2336722      20.9933308      29.6403234      25.1839620      18.3908316      40.2526421      30.3120047      10.9880360      24.4027075      21.3471721      18.9985091      18.3411603      32.3168577      25.7549273      20.4619733    5930.3391312    5927.3853253    5911.0575643    5932.9185593    5924.9198775    5933.9247328    5924.7977944    5903.8146123    5925.7767929    5916.3116360    5915.3611273    5913.0967594    5934.7596292    5935.1533695    5906.3113426    5926.8206917    5927.7048278    5923.5590088    5919.6080244    5922.0193249    5921.2732271    5936.2247768    5919.5197536    5929.7251219    5923.7644195    5934.4525789    5911.4560253    5926.4709326    5932.5042006    5910.1427906    5930.2802952    5936.1431024    5941.3498816    5930.2665365    5933.2689827    5943.4953393    5954.2538126    5933.9869713    5918.8138176    5934.1571679    5919.4618795    5941.5834434    5922.2536777    5931.7641037    5940.9154238    5927.3001790    5916.9054797    5940.3948106    5941.7231014    5935.9774223    5944.2532113    5930.1312197    5916.0846913    5922.1304635    5941.5426227    5931.0596901    5939.5949628    5924.4773534    5928.0649520    5940.9179213    7591.1572733    7565.2076899    7588.4545846    7571.7664922    7587.3081164    7565.2035017    7568.7293746    7562.1542217    7560.2334661    7585.6107240    7572.7528565    7590.8730106    7572.3878928    7576.9791985    7584.2631817    7578.0675025    7588.9939117    7581.1721097    7571.9769317    7592.6742325    7596.1391226    7569.1346671    7578.8451783    7571.8292969    7578.6350112    7575.4377589    7579.5996099    7557.0537888    7567.5814002    7568.6744967    2692.3833974    2664.6621848    2691.1016723    2674.8603978    2679.5975326    2683.9822022    2674.3428043    2690.7930584    2664.8079739    2683.4925857    2665.7805644    2678.9084018    2672.2509717    2666.3522460    2672.5847231    2679.8211983    2676.7285537    2692.5169241    2681.9167669    2693.3130176    2682.3245136    2697.5658912    2663.3296006    2661.4011105    2673.4572031    2681.6283482    2692.6571887    2674.2024437    2665.8931857    2687.7859533
     18.1450465       8.2098323       9.2567858      10.7291036      25.0377705      14.2661981      17.7618533      22.2665716      25.9854771      15.4215063      17.2559547      16.5800104      21.1996620       0.0000000      12.1651342       8.4151569      20.0436768      15.3126785      12.3769507      10.6010073      19.6681094      25.6435807      13.7052871       9.6430159       7.3083455       6.5010755       6.1916953      21.2692972      25.4417575       9.1124203    5931.1784582    5928.2393569    5911.8654643    5933.7323547    5925.6935170    5934.7350872    5925.6780487    5904.6091850    5926.5112170    5917.0960340    5916.1812112    5913.8736508    5935.5865925    5935.9553140    5907.1113651    5927.6287638    5928.5171480    5924.3092119    5920.3770034    5922.8046124    5922.0595193    5937.0268202    5920.2963107    5930.5557686    5924.6110018    5935.1913811    5912.1919818    5927.3117456    5933.3214817    5910.9315315    5928.3154029    5934.2031611    5939.3499119    5928.3246289    5931.3410359    5941.5040435    5952.2611337    5931.9717180    5916.7931719    5932.1668603    5917.4934822    5939.6055934    5920.2921330    5929.8718360    5938.8880650    5925.3084794    5914.9368861    5938.4553592    5939.7953670    5934.0138617    5942.3080037    5928.1673919    5914.0901031    5920.1778438    5939.5509292    5929.1824138    5937.6167802    5922.5104821    5926.1513025    5938.9891228    7600.5313920    7574.5542195    7597.8189939    7581.1953854    7596.6872338    7574.5975935    7578.0968851    7571.4992430    7569.5839821    7594.9682796    7582.1170535    7600.2520931    7581.7636934    7586.3857712    7593.5951425    7587.4367583    7598.3723624    7590.5246695    7581.3386980    7602.0625385    7605.4650142    7578.4926724    7588.2133218    7581.1852352    7588.0125854    7584.8075819    7588.9474720    7566.4078564    7576.9609730    7577.9858519    2674.2571109    2646.6289732    2672.9991138    2656.7174237    2661.5027487    2665.8520454    2656.2168552    2672.6960601    2646.7148797    2665.3502735    2647.7661802    2660.7782038    2654.1708491    2648.2556614    2654.5107863    2661.8032693    2658.6240985    2674.4147311    2663.7788606    2675.2382994    2664.2065192    2679.4753736    2645.2539940    2643.3708552    2655.3632649    2663.6016423    2674.5909083    2656.1359123    2647.8182292    2669.7004990
     24.5627988      20.2990767      16.1035333      11.7790824      35.3458989      22.8845684      29.5698023      24.5577847      32.2005264      25.4212084      10.6054451      23.0415886      26.4681636      12.1651342       0.0000000      11.6926504      31.5636909      15.1765088      24.1291596      16.1484370      17.0097123      28.1156395      19.2537338      18.0197583      19.3106660       8.6161172      12.3419360      11.3561981      32.6880973      21.1913588    5932.4972813    5929.5755597    5913.1765414    5935.0695188    5926.9931241    5936.0429655    5927.0195328    5905.9226929    5927.8096552    5918.4489443    5917.5023768    5915.2087290    5936.9133420    5937.2628898    5908.4238032    5928.9505271    5929.8237293    5925.6091457    5921.6310584    5924.1131869    5923.3787189    5938.3538277    5921.6012746    5931.8611234    5925.9388620    5936.4934610    5913.4992746    5928.6180730    5934.6548301    5912.2554747    5921.9828363    5927.8589497    5932.9892252    5921.9860944    5924.9969962    5935.2103457    5945.9370124    5925.6336241    5910.4735848    5925.8292031    5911.1667198    5933.2607010    5913.9452922    5923.5281373    5932.5609817    5918.9769484    5908.6125999    5932.1607340    5933.4813233    5927.6836035    5935.9621273    5921.8563197    5907.7606474    5913.8612324    5933.2111978    5922.8692849    5931.2600942    5916.1664753    5919.8004840    5932.6649770    7593.2056253    7567.2007634    7590.4765567    7573.8852659    7589.3541691    7567.2776651    7570.7638890    7564.1526832    7562.2500578    7587.6319770    7574.7855923    7592.9130363    7574.4316050    7579.0661363    7586.2461562    7580.0897887    7591.0392437    7583.1923621    7574.0105970    7594.7298130    7598.1360152    7571.1479130    7580.8864517    7573.8513904    7580.6764909    7577.4882810    7581.6004151    7559.0731131    7569.6354866    7570.6273491    2667.3583510    2639.6525588    2666.1039267    2649.8911945    2654.6286222    2658.9613281    2649.3041703    2665.8136695    2639.7948101    2658.4618780    2640.7278729    2653.9264953    2647.2609871    2641.3785359    2647.5847107    2654.8585899    2651.7290829    2667.4587005    2656.9074701    2668.3375650    2657.3083763    2672.5567945    2638.3665792    2636.4365448    2648.4544706    2656.6576274    2667.6267930    2649.2475007    2640.8780448    2662.8151416
     18.8057091      13.1008739      15.1472997      14.8338646      28.2706293      19.0731962      22.5121162      16.9418980      24.4076951      14.7739854      13.8210167      12.5549954      28.2336722       8.4151569      11.6926504       0.0000000      26.8441853       9.5044798      15.2908852      12.5951615      14.2655506      23.1167444      18.7914950       8.8191194      12.2307795      10.7057724      10.1050631      21.9998702      26.1433737      15.4464184    5926.8264510    5923.8954692    5907.5026104    5929.3768942    5921.3181151    5930.3722023    5921.3430071    5900.2429830    5922.1241142    5912.7354838    5911.8241188    5909.5069938    5931.2326940    5931.5899015    5902.7465164    5923.2682654    5924.1545679    5919.9270432    5915.9903371    5918.4345789    5917.6921067    5932.6656888    5915.9229431    5926.1982776    5920.2631117    5930.8063325    5907.8072931    5922.9574498    5928.9662036    5906.5658977    5922.4862739    5928.3821097    5933.5124766    5922.5026238    5925.5234861    5935.6645532    5946.4232630    5926.1282777    5910.9469349    5926.3306584    5911.6629589    5933.7735067    5914.4649884    5924.0647072    5933.0403292    5919.4714674    5909.1061427    5932.6310598    5933.9757957    5928.1849485    5936.4855092    5922.3371081    5908.2521347    5914.3512266    5933.7144481    5923.3775703    5931.7854235    5916.6815801    5920.3384209    5933.1699317    7599.2500887    7573.2678923    7596.5382921    7579.9378806    7595.4111136    7573.3249620    7576.8146191    7570.2097325    7568.2930339    7593.6818230    7580.8324878    7598.9780189    7580.4855107    7585.1196483    7592.2994807    7586.1602328    7597.0959020    7589.2341959    7580.0516874    7600.7911757    7604.1592338    7577.2094196    7586.9292561    7579.8971078    7586.7367142    7583.5218172    7587.6595977    7565.1190834    7575.6825311    7576.6825896    2669.4162480    2641.8124854    2668.1805451    2651.9119074    2656.7049885    2661.0134960    2651.3667927    2667.8908128    2641.8873332    2660.5031082    2642.9221295    2655.9661632    2649.3610513    2643.4544582    2649.6950473    2657.0211242    2653.8041464    2669.5544963    2658.9470265    2670.4390745    2659.3730862    2674.6508166    2640.4632223    2638.5857266    2650.5426912    2658.8127090    2669.7552089    2651.3518971    2642.9919840    2664.9028320
