      0.0000000       2.9352397       4.7039096       5.0051047       5.0889564       4.1460961       5.1279101       4.6736462       4.6545510       3.6975596       4.7669880       4.2438577       6.3192042       3.3428557       4.5207130       5.4752528       4.2827723       4.7940376       4.7045969       4.1207902       6.2395145       4.9479336       6.3654555       5.2926424       4.6397379       4.7003523       4.6480609       5.7462322       4.8151115       4.0219488       4.5813985       4.7501825       5.1604557       5.9920831       4.5658431       3.9431350       5.2525296       4.4131123       3.5251553       7.2207324       6.2856897       6.4288608       4.6666554       4.5139438       5.5417446       4.5855433       4.8416962       5.3827217       4.5465118       4.5567349       5.2277946       3.6993805       4.5457650       3.6493043       5.4235612       5.4193274       7.5882064       5.2986119       3.5350070       6.0130125       5.0742563       4.0897868       4.0290788       5.2574837       5.8438408       4.4637560       4.6956723       5.5318759       4.5595177       4.5754988       6.2308630       5.5544967       5.8102207       5.6763227       3.4752902       3.7700848       4.1449962       4.7443770       3.6264108       4.3209780       5.0829343       3.9528099       3.9808557       4.8197392       5.7342334       5.4974531       4.0941243       4.9253831       4.9138409       5.8308926       3.8513809       4.5438105       4.3307489       3.0232275       4.4780134       4.4121233       4.2715175       5.5677181       3.7663081       5.2957165
      2.9352397       0.0000000       4.4107883       4.1186562       4.3586836       3.7461661       5.8327340       4.1475711       3.4168142       2.8980885       4.8715531       4.2057186       5.7169533       2.8768841       3.6747779       4.0874715       4.4655669       5.2103504       4.5461473       4.0966489       5.4086646       4.2710701       5.5028324       4.2387547       4.7611079       5.2297098       3.6010513       5.2030415       3.8936989       3.7039057       3.5253032       4.4809100       3.7653939       5.5156128       4.6596476       4.0741233       5.0915606       4.2246711       3.1694126       6.3614013       4.8449492       7.0036357       4.6146724       4.3350316       3.7639672       4.4764695       4.3500029       4.1660683       4.2279641       4.6752660       4.4661683       3.0114098       3.7048823       3.0204152       5.4364575       4.3053803       6.7147487       4.6075193       4.2066448       5.0184788       4.9086860       5.0507035       3.4167662       4.7562851       4.9104667       4.8707449       3.1913551       5.0127659       3.9287825       4.5696177       5.8078215       3.9508320       5.5324260       5.8966449       4.2133883       2.9362198       3.7466591       4.4655919       2.1856035       4.7100303       4.5665729       3.3830577       4.4108938       4.0052824       4.6924617       4.7171364       4.1067881       3.5163709       4.9854759       5.3234536       4.5828768       4.3596071       3.5621061       4.1823848       4.2113647       4.3011408       4.3636999       4.3846193       3.0897630       3.7335477
      4.7039096       4.4107883       0.0000000       3.9905765       4.3919850       4.0981830       4.3358277       3.0178456       2.6029266       3.3329605       2.5286975       2.3943505       4.9081316       3.2095330       2.4481819       4.5083379       4.5717491       2.9285642       2.2474226       3.4396877       4.0104575       4.3353753       4.9136918       3.0032212       4.5098688       5.2354857       4.1239683       3.8033285       2.6678060       2.9486699       5.5352422       4.1959480       3.8573379       4.8305937       2.8029834       3.2406558       4.0405422       3.8098691       3.7930094       4.1634540       3.0471291       5.1573666       2.9723060       3.6245165       4.8165536       2.5672400       4.0592781       3.9447250       5.0000136       3.5051748       2.9249416       3.9118982       4.1454355       4.1697955       5.5839848       4.6962365       6.0714366       2.4438378       4.9536013       3.7921060       3.6790688       3.9908764       4.3473256       2.7892652       4.2384432       3.8498047       5.1492172       2.7517976       4.5545484       3.6536309       3.8612428       4.7168049       3.1817029       4.7526586       3.6055309       3.2790399       5.0241992       3.0344899       3.6270515       2.3755172       4.5232112       3.5230283       3.5592145       2.9005855       4.5439933       4.5459581       2.8563036       4.1901422       3.9244350       5.7400895       3.4510154       3.9146603       3.5524384       4.4839407       4.1091736       3.0725097       3.8167831       4.7687806       3.7523939       3.2047264
      5.0051047       4.1186562       3.9905765       0.0000000       3.9273593       2.8693631       4.1681597       3.5107722       2.4711734       3.3306841       3.9034218       3.3231063       5.5717958       3.2964528       3.2233977       4.9977352       3.8240609       4.6147109       3.5918164       4.7689027       4.8651144       3.0606071       5.0433807       4.8717987       3.0025730       5.2880793       3.5369916       4.1415016       3.7098335       3.4257850       4.0777283       5.8343853       2.9797016       6.3402410       3.2878101       4.0151873       4.3185197       5.7437848       3.8301747       3.6856484       3.1430678       5.4497191       4.0356889       4.1304346       3.6922850       3.9299041       3.5995687       4.1243021       4.4568627       4.6583145       2.6955432       3.4374931       4.8280007       4.8087938       3.8852722       3.8764349       6.1906377       4.0459871       5.3392304       4.3929127       3.7176253       4.1668453       4.4110751       3.3199681       4.0776561       5.3051105       4.1954635       3.2312648       5.0447520       4.0429493       4.3101326       3.4475951       3.1319536       6.8778043       3.2989496       3.9983710       5.9690280       4.2666044       4.1026443       4.1265692       3.2605671       4.5333148       3.2681630       2.4856907       4.4920665       4.4748117       2.5083627       4.7461931       3.5136576       4.3545715       4.1371158       4.2930900       3.7439798       4.1219628       4.4704659       3.3751180       2.8933378       3.5959611       3.4556388       3.5023700
      5.0889564       4.3586836       4.3919850       3.9273593       0.0000000       2.8817881       4.5274579       2.6631089       2.7486040       3.7917198       4.3749881       5.2294065       4.2805987       3.6871325       2.6779817       3.7882471       4.5027720       5.1250501       2.9083144       3.9725447       4.6814636       4.6196237       5.5985299       4.0685137       5.1267585       3.5093194       3.9711277       3.8690642       2.8495688       3.3063035       5.1823249       5.6600818       3.5105282       6.7355135       3.9728953       3.6897165       5.7350400       5.2429732       3.9223257       4.6078989       4.3303277       5.8910981       4.6335290       4.0408293       2.4055354       4.2555516       2.5935662       4.5605663       3.0762255       5.2432448       3.6166153       4.2170174       3.9597836       3.9241230       3.6137636       4.2377949       6.1852851       3.2317861       5.1336029       2.9746800       4.1871505       5.3714059       4.4038731       3.7682828       4.9866781       4.5389191       3.6862145       3.4984811       2.8543835       2.8605676       3.7050500       3.5212621       4.1137447       6.7235397       4.0044164       4.7613616       3.8352148       5.1401539       3.3466378       4.5427497       3.1217359       4.3855013       3.9051823       3.4417314       6.0873121       4.0368862       4.3772507       4.2440196       3.3570068       5.5009939       4.2841503       4.0839060       4.3266877       3.7337334       3.4894411       2.8740568       4.8863177       5.9152215       2.7506076       4.0319497
      4.1460961       3.7461661       4.0981830       2.8693631       2.8817881       0.0000000       4.0748730       3.8321862       2.3865277       2.3388241       3.4462217       4.4228468       4.2200774       2.9931096       2.6500199       4.7906377       4.0000508       4.4736203       3.3546360       4.3534563       5.1893564       3.3774021       4.4514659       4.6849066       3.5401902       3.9003580       3.0065295       4.1744019       2.8976958       2.3942671       3.3868552       4.8230248       2.5048154       6.3089693       3.3118490       3.2477883       4.2258645       4.1334921       2.7449869       4.2744118       4.4621360       6.0518397       3.7650352       3.2340029       2.8948599       4.0052722       3.1893220       4.7980706       3.0256507       4.3671258       2.8456846       3.1886153       3.4321084       3.2389688       4.3066942       3.2712694       5.0159737       3.2392086       4.2388053       3.0729519       3.1148382       4.1892664       3.9966789       3.1065267       4.2482217       4.3992971       3.5455479       3.2872838       4.2473116       2.6066408       4.4079459       3.1004812       3.2637522       6.3463527       2.7260472       4.1282891       4.6054379       4.7391075       3.8394395       4.2709174       2.4953233       3.5281448       2.5237101       2.1561823       4.1489827       3.0620563       3.0123490       4.0397666       3.2777328       4.5647270       3.8497670       3.2217985       3.9019544       3.2046764       4.4850762       2.5747885       3.2678718       4.7168048       2.3843631       4.2614109
      5.1279101       5.8327340       4.3358277       4.1681597       4.5274579       4.0748730       0.0000000       4.4626987       4.2800532       4.7436909       4.2183414       4.3393907       5.9823834       4.4040658       3.6729689       5.4149544       2.6786854       3.3393639       3.4168968       4.4881474       6.9574959       4.2730827       5.6797154       6.1777643       3.2609094       4.9674834       4.0849674       5.1999163       4.5735431       4.1723419       5.4977734       4.9037805       4.6762837       7.0382572       3.0599956       4.2322076       5.6726538       5.6777785       4.8200601       5.6527979       5.5148082       4.6489416       3.6699218       4.1445754       5.9530114       3.7854523       3.1150398       5.6529026       3.5741706       5.8565429       4.6055076       4.8437870       5.3002131       5.8501443       4.7948907       5.0521076       6.6376630       4.5585333       4.4863230       4.9314254       5.5412145       4.1483947       4.0423398       4.0081979       5.9026275       4.0711236       5.8259702       4.0890164       5.1602770       4.0210845       4.1262583       4.8148521       4.5643436       6.4879376       3.5398774       4.8449418       6.5359107       3.8026938       5.6382669       3.5534841       4.8235647       4.5322993       3.3609515       3.8849786       5.8573738       4.2379228       3.5655534       5.5887591       3.1082198       6.1202315       3.0534313       4.1466975       4.6032393       3.6646715       3.9869464       3.9590108       4.0609963       5.6622764       4.1170335       4.8355742
      4.6736462       4.1475711       3.0178456       3.5107722       2.6631089       3.8321862       4.4626987       0.0000000       2.6237328       3.9756527       3.9954422       3.4099853       5.0885666       3.3526549       2.6777806       3.9665264       4.3462569       4.2525242       2.2238077       3.5111841       3.9151932       4.4784821       6.1798826       3.4461630       4.9017143       4.4292849       4.3300692       3.8208799       2.8821385       3.0680538       5.9488867       5.6448025       3.7868008       6.1797674       3.7484512       3.8976977       5.4280284       5.0807703       4.2131690       4.4500406       3.4359549       5.2273560       4.2364238       4.2066276       3.7897170       3.3168618       3.0979633       4.3553211       4.4465359       4.5929008       3.0399565       4.0852111       4.7180950       4.4193687       3.9573193       4.4949380       7.1522101       3.3833726       5.4503993       3.9464506       3.7378468       4.7623254       4.4379315       3.5191510       5.2076926       4.7771476       3.9333599       2.9633491       3.5171941       3.2653253       3.9149836       4.2308528       3.5412554       6.0265164       3.9034800       4.2229175       4.4245645       4.4433661       2.7644489       2.9892149       3.9598919       4.0948561       4.0128197       3.6901566       6.1966616       5.2162618       3.3729688       4.5566815       3.7351988       5.9202613       3.7734192       4.7978128       4.1090220       4.1506086       3.5893432       2.9056548       4.5342313       5.3519740       3.2996359       3.6040070
      4.6545510       3.4168142       2.6029266       2.4711734       2.7486040       2.3865277       4.2800532       2.6237328       0.0000000       2.1428306       2.9925061       3.4059272       4.0683744       2.9096413       1.2380353       3.8212487       4.1960915       3.7840074       2.4283396       3.3237068       3.8335450       3.2847871       4.0116293       3.0186369       3.9921280       4.8136651       2.9061960       2.8954795       1.9523425       2.0890058       4.1105128       4.4529480       1.8909908       5.5360568       2.9532111       2.9825653       4.3319616       4.1313347       3.1119808       3.2314285       2.4664052       5.4036249       3.2984525       2.8340170       2.5474028       2.9796787       2.8248336       3.5016934       3.8036166       4.0284122       2.2208707       2.7161443       3.2975189       3.3258174       4.5229727       3.1408751       5.0946265       2.1224132       4.9516308       2.5126403       3.1691599       4.2556455       3.7937822       2.4093245       3.5546255       4.0206496       3.5717838       2.4410260       3.9064369       3.0195191       3.5133980       2.9526603       2.8934689       5.5261098       3.3960945       2.9943015       4.4981702       3.7193462       2.8165800       3.6640894       2.7678240       3.4446544       2.9880413       1.3985961       3.7978735       3.4463260       2.6964779       3.2261456       3.0804367       4.9643424       3.8075917       3.3897231       2.9580197       3.8675359       3.6175800       2.2439959       3.4068911       4.0856148       2.3599725       2.4709699
      3.6975596       2.8980885       3.3329605       3.3306841       3.7917198       2.3388241       4.7436909       3.9756527       2.1428306       0.0000000       3.3116940       4.0089998       4.7763313       3.1470203       2.5941498       4.7902059       4.6202407       4.2874434       3.6963804       3.8028781       4.5388917       3.9845306       3.7177080       3.4992418       4.1150359       5.0135974       3.1944597       3.3781753       2.8092049       2.0940221       3.2467834       3.7360425       2.4151430       4.6846778       3.1254195       2.5590866       4.2742322       3.7065939       1.8310193       4.3247190       4.0461875       5.6637389       2.9223921       2.8358848       3.3311877       2.9578263       3.8612062       3.9193568       3.9852017       3.8255758       3.0631281       1.6965307       3.5385314       2.3745228       5.1354948       3.2938093       5.1013729       3.3017768       4.2681906       3.7697865       3.3365246       4.0997230       3.9632426       2.8111826       3.2601918       3.8392040       3.6186839       3.9170104       4.4899089       3.2723552       4.2116199       3.7917779       3.9031071       4.9964305       2.8269186       2.3815350       3.9945670       3.7596279       2.8625223       4.4306454       2.6734700       3.4306085       2.5546672       2.0065111       2.9241678       3.7344833       3.0187045       3.8180469       3.2079799       4.6956662       4.4044140       2.5210172       3.2392113       3.2513337       4.1613510       3.2241976       2.9468276       3.5789809       2.2677756       3.1408508
      4.7669880       4.8715531       2.5286975       3.9034218       4.3749881       3.4462217       4.2183414       3.9954422       2.9925061       3.3116940       0.0000000       3.3747872       3.5436662       3.3914999       2.8791356       4.6544968       4.4253424       2.9384255       2.3167474       4.0289282       4.1084240       3.4807795       3.7460832       3.5116733       3.6297506       4.7688840       3.7556348       3.8064163       2.6348566       2.9134182       4.6732174       5.0151892       4.2116869       5.3545415       2.2828853       2.1744762       3.3034222       4.2078948       3.6228277       4.1415605       3.5938784       4.4678742       4.0030089       4.0952309       4.6168783       3.6817799       3.9451255       3.8288807       4.9370267       2.1892488       3.0145690       4.3451538       3.9772916       3.5533292       4.7271594       4.5977483       4.6467359       2.3462915       4.5296741       3.4927109       2.9621497       2.4744991       4.3626956       2.6474349       3.4349189       3.0298339       5.4955842       2.2197910       5.1977576       3.1499995       3.6378886       4.5988188       2.5196219       4.6614449       3.0353716       3.7266752       5.0308384       3.5749707       4.6135211       3.4383498       4.4337053       4.4175555       2.2868748       2.5013325       4.3855157       3.8936242       2.6808441       3.9357982       3.3446956       4.5961571       3.0449735       3.5213700       2.8717538       3.9441707       4.1717060       2.2606536       2.6978048       5.5383357       3.3844889       4.2767043
      4.2438577       4.2057186       2.3943505       3.3231063       5.2294065       4.4228468       4.3393907       3.4099853       3.4059272       4.0089998       3.3747872       0.0000000       5.8939055       3.1628130       3.4897907       5.0299583       3.9112578       3.1169594       3.1945350       4.0836434       4.9677908       3.6456563       5.7442965       4.4851316       3.5782293       5.7636164       4.2231109       4.9087755       3.9229702       3.6383935       5.3811846       5.1270498       4.3638254       5.7635182       3.4513042       4.1609936       4.0956857       4.7205540       4.4075205       5.0992689       3.6330065       5.3371205       3.9047714       4.4029147       5.5191562       3.5019652       4.3800464       4.4718047       5.4544926       3.8514204       3.4665364       4.1331199       4.9586533       4.9808181       5.3615421       4.9434999       7.0051054       4.0503826       5.0709122       5.1184504       4.1423229       3.4531090       4.2224003       3.8277171       5.0601302       4.8073278       5.2304303       3.3639927       5.3198627       4.5028438       5.0806471       4.9041090       3.6574140       5.5465820       3.7233279       3.5804831       6.0258070       3.4400986       4.1480419       2.2200768       5.1834090       3.9205141       3.8435831       3.6533909       5.0005409       5.3389977       2.1737151       4.6960285       4.5759010       5.6997979       3.1556003       4.9764377       3.6609118       4.6606337       4.5828803       3.6439648       3.4241337       4.5108552       4.2422679       3.9880059
      6.3192042       5.7169533       4.9081316       5.5717958       4.2805987       4.2200774       5.9823834       5.0885666       4.0683744       4.7763313       3.5436662       5.8939055       0.0000000       5.1874143       3.6869643       4.3307313       5.7904690       4.5659021       3.8066495       4.8489920       5.3652217       4.0516517       4.0172223       4.4360833       5.4847580       5.6695665       4.0985249       4.9333005       3.3379949       3.9321079       5.4001778       6.1479153       4.7123566       7.5411476       4.9979184       4.1593251       5.7892881       4.6775859       5.3517502       5.4873002       5.0470304       6.2642479       6.3358789       5.1936026       4.2440949       5.7751056       4.0803488       5.4094302       5.2834325       4.4825011       4.6833987       5.7754613       4.0589882       3.8242019       5.7159737       4.5310819       3.5104567       3.2334407       5.9744092       2.6428283       4.3883970       4.8426670       4.9216280       4.4639024       5.3232595       4.0798865       5.5101627       3.4354043       5.7958197       3.8672963       5.0992783       4.4521962       4.3548095       5.5047268       5.5520678       5.3596690       5.2679016       5.9105702       5.5974078       5.5903598       5.5536564       5.4052259       4.3309202       4.1072480       5.7232443       3.9931179       4.8568090       3.2485934       4.8904362       6.3513699       4.7322416       5.2944315       3.9547395       5.6236946       5.1391773       3.1010818       5.1551413       7.6035930       3.8830833       5.7869392
      3.3428557       2.8768841       3.2095330       3.2964528       3.6871325       2.9931096       4.4040658       3.3526549       2.9096413       3.1470203       3.3914999       3.1628130       5.1874143       0.0000000       3.0624214       3.8802066       3.3506544       4.4167422       2.9344908       4.1669446       4.7358709       3.8224790       5.5020737       4.1252737       3.6407716       3.2853458       3.5460180       5.0003263       3.0327547       3.5733785       3.8874996       4.7268233       4.0029901       5.2035040       2.9171816       3.2001794       2.9604705       4.1902187       2.7359865       5.2925912       3.8936368       6.2955582       3.6697285       4.2241294       3.7920364       4.0299172       3.8930003       3.5058874       3.5303787       3.5659617       3.2236744       3.9060289       3.2495206       3.5993768       4.3184080       4.8847979       6.4389354       3.2726612       3.2332537       4.1815110       4.0188014       4.1140884       3.4887491       3.7348584       4.1328448       4.3551570       4.2648716       3.4442467       3.0543980       3.5914004       4.5944859       3.7720331       3.9142708       6.3799478       2.6744890       3.7220725       4.1202447       3.6199470       3.0771982       2.9502770       4.1978031       3.0475520       3.5448270       3.1110738       4.9240526       3.7654629       3.2793571       3.8913734       4.2369091       3.9427852       2.8979760       3.4578883       3.5099009       3.5533012       3.8097424       3.2500115       3.5370777       4.5736839       3.2506885       3.5683347
      4.5207130       3.6747779       2.4481819       3.2233977       2.6779817       2.6500199       3.6729689       2.6777806       1.2380353       2.5941498       2.8791356       3.4897907       3.6869643       3.0624214       0.0000000       3.3923414       3.7369809       2.9892546       1.9263862       2.6742375       4.4926849       3.1884250       3.9522670       3.2556308       3.9489604       4.6778643       2.6171066       3.1948116       1.9234903       2.0788205       4.3450041       3.8699135       2.3199753       5.8207803       2.9116608       2.9225998       4.7151429       3.6860707       3.4567405       3.9701000       3.1517925       5.2100329       3.2770248       2.5407219       3.1910078       2.8992090       2.1406711       3.8398755       3.3054699       4.2782172       2.8758828       3.0952764       2.9382657       3.4060358       4.7390120       3.2167680       4.9290256       1.8462054       4.6048676       2.1668824       3.7581574       4.1082233       3.2013677       2.6212224       4.1983562       3.2671413       3.8558334       2.4021696       3.6688481       2.8383194       3.4719412       3.0163901       3.3125689       5.1013553       3.5797848       2.9905523       4.4694611       3.4421158       3.1532496       3.2825029       3.3979804       3.0816022       2.9675071       1.8278981       4.1127310       2.9931670       2.8294527       2.7991164       2.9762930       5.5262845       3.1862092       3.3745855       2.7831259       3.7376998       3.1186994       1.9960478       3.7127533       4.7609420       2.2348303       2.7912290
      5.4752528       4.0874715       4.5083379       4.9977352       3.7882471       4.7906377       5.4149544       3.9665264       3.8212487       4.7902059       4.6544968       5.0299583       4.3307313       3.8802066       3.3923414       0.0000000       3.9503361       4.7786109       3.4533271       4.5247857       5.7273405       4.1030431       5.2651732       4.1473765       4.9691958       5.1205029       3.1546179       5.5859336       3.1287640       4.4152820       4.8945119       5.1581238       4.5614221       6.1806291       4.4704648       4.2937522       5.8975190       5.0287794       4.7259391       6.4510448       4.3722255       6.2988316       5.5192789       5.6118377       4.0121737       4.9208386       3.1323994       3.7920379       3.9605289       5.1562716       4.6602515       5.4155340       4.2095486       4.2555537       4.9254647       4.6329538       5.8604667       3.9709611       4.5410582       4.0079839       5.7504985       5.5185459       2.7703088       4.5070752       5.3412257       4.1843995       4.2464705       3.9702142       3.8150556       4.1884000       4.4714546       3.1558244       5.4353181       5.8430795       5.2942548       4.2989348       4.3374814       4.1234885       4.0374765       4.5457667       5.9264604       4.1516585       4.9184607       4.4531904       6.1807145       3.9923582       4.8196290       2.9425753       4.7848574       5.6985009       4.2579902       4.8210194       3.2919965       5.4149311       3.3001022       4.2392497       5.1708550       6.1876330       3.3360370       3.8024703
      4.2827723       4.4655669       4.5717491       3.8240609       4.5027720       4.0000508       2.6786854       4.3462569       4.1960915       4.6202407       4.4253424       3.9112578       5.7904690       3.3506544       3.7369809       3.9503361       0.0000000       3.7634827       3.5491001       4.7206106       6.9914246       3.2188322       5.6791950       5.9888566       2.3163318       4.6552227       2.9171691       6.0063511       4.2446396       4.2732914       4.2598159       4.7948721       4.5600758       6.6335812       3.3830107       4.2777041       5.1996394       5.2921766       4.3776748       6.5211188       5.2864295       5.5000186       4.3610519       4.9708403       5.3840552       4.3458219       2.8583006       4.8959255       3.0207639       5.4011522       4.5369848       4.8839059       4.8395163       5.2271701       4.3329486       4.6646798       6.5708344       4.8020970       3.2139475       5.0961180       5.6844614       4.1082682       2.2552933       4.3285505       5.7609097       4.2281474       4.7844342       4.1067583       4.5791143       4.0764491       4.7394333       3.6390163       5.0096180       6.4540615       3.6826506       4.3587004       5.8585054       3.4082936       4.9705682       3.3785224       5.4581725       3.7272133       3.7011098       4.1094098       5.7941835       3.8631207       3.4185718       4.5940583       3.9498817       5.2330910       2.6767932       4.3181177       3.7573642       4.0113958       3.6242261       4.1781354       3.7516620       5.2397496       3.5338258       4.4655797
      4.7940376       5.2103504       2.9285642       4.6147109       5.1250501       4.4736203       3.3393639       4.2525242       3.7840074       4.2874434       2.9384255       3.1169594       4.5659021       4.4167422       2.9892546       4.7786109       3.7634827       0.0000000       2.9124569       3.3225547       6.0327970       3.3705698       4.5341823       4.8258306       3.6912684       6.0554980       3.6412360       4.7023096       3.8241100       3.3111708       5.4932486       4.2161832       4.4288147       6.5780690       3.5313717       3.8359757       5.3546068       4.1101556       4.9668725       5.5886634       4.7685832       4.4988760       4.1975470       3.8164285       5.9403511       3.5676421       3.4251766       5.2419236       4.9277459       4.4999454       4.3985061       4.5453681       4.5898985       4.8273599       5.8629395       4.4551730       5.5424182       3.6646159       4.9486116       4.3001292       4.8175404       3.0535096       3.6092976       3.7798143       5.6277446       3.0543389       5.7163380       3.3334102       5.7321657       4.0630976       4.7110562       4.9006822       4.1754328       4.1665492       4.3191263       3.6831839       6.1550981       3.4525156       5.1690057       3.0370486       5.5482968       4.0695098       3.3427685       3.6496450       4.9326191       4.4124408       2.7957699       4.0303758       3.9344126       6.7243472       2.7001149       4.7299026       3.2763601       4.5274692       4.1146958       3.1799229       3.8478635       5.9443129       3.8586430       4.6888067
      4.7045969       4.5461473       2.2474226       3.5918164       2.9083144       3.3546360       3.4168968       2.2238077       2.4283396       3.6963804       2.3167474       3.1945350       3.8066495       2.9344908       1.9263862       3.4533271       3.5491001       2.9124569       0.0000000       3.3310280       4.2010770       3.5797402       4.8926208       3.3847705       3.8786554       3.9355619       3.4689652       3.7808220       2.0256182       2.7559712       5.2393329       4.9020467       3.7908249       5.8044293       2.4194252       2.8110074       4.3578932       4.3363601       3.8515199       4.2249781       3.2485109       4.5531724       3.7624139       3.8926161       4.0192032       3.1738358       2.5468509       3.8425462       3.8735538       3.6450442       2.7590498       4.3603416       3.8706109       3.9929292       3.9661133       4.3391297       5.6745682       2.0554221       4.4670113       2.9293486       3.5330966       3.6240069       3.6952721       2.6507763       4.4339189       3.3179876       4.6571309       1.6019011       3.7434776       2.5360980       3.0230279       3.8361319       2.7439625       5.2906155       3.2658965       3.9270322       4.5648211       3.4550819       3.7754556       2.3480507       4.2038014       3.7285084       2.9748602       2.7882259       5.4222221       3.8080448       2.8217463       3.7707248       3.0383528       5.2102298       2.4679796       3.8090577       3.1764825       3.8055584       3.1400226       1.9374615       3.6748017       5.5633718       2.9244301       3.6031090
      4.1207902       4.0966489       3.4396877       4.7689027       3.9725447       4.3534563       4.4881474       3.5111841       3.3237068       3.8028781       4.0289282       4.0836434       4.8489920       4.1669446       2.6742375       4.5247857       4.7206106       3.3225547       3.3310280       0.0000000       4.9773986       4.5205102       5.2002020       3.7725851       5.2931000       5.5500382       4.4714809       3.4466534       4.0640748       3.6083659       5.6060318       4.6144837       4.4183417       6.7948556       4.3235570       3.6018510       5.9868585       4.7034527       4.7940048       5.6246154       4.6784672       5.3172088       4.5700247       2.6156996       4.8227169       3.9860360       3.4951018       4.5676529       4.6292179       5.0008576       5.0512923       3.4158038       3.4300201       4.1261918       5.5338510       5.0600265       6.5823083       3.4380811       5.5060920       4.2191536       5.1665747       4.2527505       4.1785750       4.7419495       5.4673462       3.1896798       5.3455940       4.3562852       4.0665623       4.6382516       4.9894880       5.2559572       5.1452769       5.0220581       4.6413720       3.1567526       4.7550872       4.3404106       3.5283059       4.1962946       4.4999219       4.5448996       4.1204034       3.7907608       5.3971019       4.8470099       4.1805330       3.4469937       4.0543786       6.9394965       3.3993628       4.7135643       3.2952536       3.5973161       2.8096557       2.8949026       4.9596242       6.1646878       3.6748265       4.0793706
      6.2395145       5.4086646       4.0104575       4.8651144       4.6814636       5.1893564       6.9574959       3.9151932       3.8335450       4.5388917       4.1084240       4.9677908       5.3652217       4.7358709       4.4926849       5.7273405       6.9914246       6.0327970       4.2010770       4.9773986       0.0000000       6.0026019       6.0295053       2.4346687       6.6006725       5.8600653       6.1829680       3.3984375       4.0621239       4.6438397       6.6626888       7.2876309       5.3844548       5.8337820       4.7459432       4.0577207       5.0735859       6.4190976       4.9299712       3.9097852       3.2312961       5.9493996       5.7145672       5.4663639       4.2842962       5.0477496       5.7925023       3.8391483       6.8841462       3.7141769       4.0931411       5.0366840       5.4206140       4.5829281       5.2036793       6.2579018       7.1383125       3.8097662       7.0899227       4.9353818       3.6555792       5.3839700       6.7403339       4.5461338       3.8481766       5.6409596       6.0801214       4.2316562       5.3739300       5.0851590       4.6966108       6.1741906       4.0608267       6.4719464       5.0151091       4.9877218       4.9118356       5.7295727       4.0785848       5.4883724       4.5652242       6.4160749       5.0129685       4.3618297       6.2672087       6.4933656       5.0645704       5.4456071       5.0507570       5.5569966       5.7421269       5.4358220       4.7539706       5.4264884       5.1882822       4.0342862       5.1952294       6.2875057       5.0141454       4.5877597
      4.9479336       4.2710701       4.3353753       3.0606071       4.6196237       3.3774021       4.2730827       4.4784821       3.2847871       3.9845306       3.4807795       3.6456563       4.0516517       3.8224790       3.1884250       4.1030431       3.2188322       3.3705698       3.5797402       4.5205102       6.0026019       0.0000000       4.0394630       5.2499823       2.3235545       5.8062535       2.2310304       5.1534895       3.6851763       3.4778690       3.5596161       5.3672253       3.5662222       7.1070872       3.9299680       4.1482842       4.7699408       4.8251549       4.6310814       5.3551141       4.2188845       5.5847864       5.1554887       4.5326612       4.4632576       4.7967827       3.0737670       4.7038707       4.4034106       4.4704725       3.8702741       4.4237819       4.2267578       4.4347006       4.7932253       3.4151990       4.6943463       4.0153391       4.8488440       3.9803412       4.4495203       3.3816659       3.0488376       3.9524606       5.0115354       4.3323740       4.5252169       3.0795361       5.6781353       4.0908653       5.1253158       3.0353395       3.9181824       5.8214178       4.3265804       3.9833500       6.1603787       4.3167432       5.0215454       4.2145478       5.0786932       4.2439280       3.3329347       3.1270906       4.4418131       3.6216291       2.6282979       3.1836834       4.2153478       5.2512811       3.3177756       4.8729703       2.6863657       4.7491512       4.4557077       3.1178367       3.1463445       5.3124225       3.2451233       4.5933099
      6.3654555       5.5028324       4.9136918       5.0433807       5.5985299       4.4514659       5.6797154       6.1798826       4.0116293       3.7177080       3.7460832       5.7442965       4.0172223       5.5020737       3.9522670       5.2651732       5.6791950       4.5341823       4.8926208       5.2002020       6.0295053       4.0394630       0.0000000       4.7974117       4.6960699       7.0845548       3.5693787       4.4355031       4.0988344       4.0919122       3.8492602       4.8495103       4.1117786       6.0888751       4.2888794       3.7506714       5.5591353       5.1618495       4.6227128       5.1697965       4.8594092       5.6355381       5.1430852       4.6630491       4.9508201       4.9152410       4.6791555       4.6346228       5.5134338       4.8352187       4.8737677       4.5534063       4.6546950       4.1283031       6.4463694       4.0620780       2.3999820       4.1472889       5.7100196       4.1499978       5.1798631       4.6122099       4.7150217       3.9323245       3.7415125       3.7277574       5.8416302       4.5797350       6.7509312       4.8474109       4.6700527       4.5355256       5.0169003       4.7961840       5.1628961       3.8135849       6.1459016       4.4905991       5.8134989       6.2439500       5.1563178       5.5369663       3.7244301       3.2294134       3.0511666       3.6879955       4.5545014       3.8873731       4.1747131       5.6430249       5.5149544       3.9664624       3.2811017       5.4221545       5.1208301       4.4067947       3.9239557       5.6159116       3.9123771       4.6120500
      5.2926424       4.2387547       3.0032212       4.8717987       4.0685137       4.6849066       6.1777643       3.4461630       3.0186369       3.4992418       3.5116733       4.4851316       4.4360833       4.1252737       3.2556308       4.1473765       5.9888566       4.8258306       3.3847705       3.7725851       2.4346687       5.2499823       4.7974117       0.0000000       5.9652691       5.5906079       4.7913734       3.1155725       2.7690730       3.5366771       5.6924301       5.3868346       4.3972018       4.6671676       4.0419282       3.0651548       5.1587695       4.8485518       3.9588178       4.5293172       3.1927280       5.4504944       4.7006776       4.5936364       3.8380177       3.8115672       4.6299208       3.1230989       5.7115142       3.4609357       3.8164628       4.1389806       4.3728387       3.2061756       5.3639151       5.0388042       6.0329734       2.9799596       5.8081411       4.0174723       3.9114785       4.9351010       5.1293482       3.6656240       3.6159318       4.0697968       4.9669178       3.8288323       4.5048542       4.1425016       3.9269611       5.0832164       4.3162905       4.6406482       4.6268752       3.4206003       3.5801558       4.3200639       2.9505981       4.7294820       4.5339034       4.9768888       4.3028903       3.6932009       5.2751182       5.2990228       4.4573140       3.9529585       4.2765136       5.6385026       5.0120692       4.3139721       3.4762579       4.8600119       3.9622479       3.5875734       4.6782294       5.6194093       3.6685457       3.3571876
      4.6397379       4.7611079       4.5098688       3.0025730       5.1267585       3.5401902       3.2609094       4.9017143       3.9921280       4.1150359       3.6297506       3.5782293       5.4847580       3.6407716       3.9489604       4.9691958       2.3163318       3.6912684       3.8786554       5.2931000       6.6006725       2.3235545       4.6960699       5.9652691       0.0000000       5.3764930       2.8425195       5.6580672       4.2168667       3.9043659       3.5286391       5.2377698       4.2111430       6.4184246       3.0371142       3.9942525       4.2931668       5.3387702       4.1077217       5.6663975       4.8805272       5.1202603       4.3635489       4.9678386       5.3611170       4.3768602       3.6441869       4.8607880       4.2001004       4.5611976       3.8790403       4.5969984       5.1375802       5.0171055       4.4507442       4.1924959       5.6107393       4.7499918       3.8672137       5.0800417       4.7253352       3.0831984       3.3027127       3.7271162       4.8796103       4.4680389       5.0340111       3.6958059       5.8583619       4.0511808       4.7730582       3.7621695       4.0575498       6.1979353       3.2180493       4.2345090       6.4279707       3.6299715       5.4485062       3.8959068       5.0912669       4.3082385       2.8044587       3.4176191       4.6944964       3.9443588       2.4297298       4.7991666       3.7586910       4.4085117       3.2621700       4.1878631       3.5019299       4.1877950       4.6323893       3.9664945       2.1977354       4.6278416       3.6130351       4.7171545
