      0.0000000  319998.5709267  319398.9835432  364802.1988470 4097544.2830005  347113.4847412 1260785.0835627 19791671.4257505 6968976.6162473 4430970.4371297 16656837.8866456  121264.1358104 1831600.2526449 27568464.7233724  687734.0184367 7014609.9191449  320004.5193262  357022.3923322  321283.8287454  363624.8630721  379986.3974498  320358.0331025 13353575.2422187 6407597.9747073 1042076.6337854 9726596.8817397 4844915.2069601  221426.8832831 5616846.4869540 18694223.5523477 14161830.1611493  319479.6991439 6729309.2754326  324587.8322559 8893135.5029624 10379293.4556240 31773422.2977916 10615986.7804560  614255.4214418 9322502.3993645  320020.2588395 2949598.2150043 2103693.1039446 20236294.7121685 1258770.6677694 1035608.9969559 3469057.9280324  320017.8271519  320011.3963168  409647.4071845
 319998.5709267       0.0000000    1603.0780715  179122.8466229 4417537.5629871  141022.0148878 1219500.3102136 19790844.2600206 7224872.1312878 4419393.7734276 16653798.4245427  199827.3617634 2150419.1207494 27888380.4763787 1007725.3018416 7334604.2146519      66.3079436  160176.4725685   28915.7449638  230144.6618149  207910.5480291   14967.3798774 13350000.6386290 6727596.5200821 1362068.1698709 10046590.4340527 4857742.4038283  536357.7934482 5936839.9019832 18695365.2001483 14481823.7658560   29926.8487719 6724778.4731340   58627.3775287 8888390.2325475 10374362.2441718 32093420.8066304 10935915.6361669  801465.5630983 9328251.2368944     303.6309804 3269587.2573097 2423690.4951686 20234296.3631846 1217436.6800373 1355600.7231029 3501993.8201727     286.9387082     311.1701934  283809.7491007
 319398.9835432    1603.0780715       0.0000000  177683.3745185 4416933.2835617  141055.2750504 1218038.8699617 19791090.8384998 7224541.2907660 4417932.2613958 16652336.8119338  199245.3848114 2149839.4185680 27887754.4792991 1007121.8529090 7333999.9094981    1601.7895512  160444.0454798   27570.4950366  228606.4018206  206444.0742495   13564.6870647 13348541.1437590 6726993.5044425 1361462.8155228 10045985.9268214 4856278.3392459  535788.9705358 5936234.9581552 18695617.7661190 14481218.9618348   30189.5356403 6725037.5228618   58579.7155076 8887333.3756249 10372902.3510241 32092817.9295102 10935282.4047624  800012.9460440 9328494.7135200    1595.4766012 3268976.0865713 2423088.5437660 20232833.8142468 1215980.3666995 1354995.6220028 3502157.8969479    1583.3170824    1516.5037865  284027.7337994
 364802.1988470  179122.8466229  177683.3745185       0.0000000 4419056.9673668  199840.7625216 1041165.2832226 19774518.2639998 7216286.9004772 4240969.0339849 16475351.6579362  265734.0534415 2154474.0220496 27883300.5097515 1021439.6055676 7334665.7066107  179135.0557826  229734.1122039  150608.2247614   61543.5384496   33331.4002452  164162.1412151 13171416.9756529 6727789.8385814 1371509.2977177 10046063.2695971 4679015.9419683  561538.9301620 5937355.2549637 18680291.9349782 14480775.0620040  178953.4604897 6711823.4799448  170836.1931575 8733054.8958975 10195827.9924504 32091714.0628626 10931737.8060348  687336.8698155 9314585.3367748  179155.3102333 3271528.6463284 2428069.4401203 20055845.0425966 1038803.9891046 1365125.1473558 3490026.7369235  179142.0309566  179073.1528601  322292.8495783
4097544.2830005 4417537.5629871 4416933.2835617 4419056.9673668       0.0000000 4417749.3959916 4582745.9040514 20278038.2872153 4513071.4475360 6248650.9392479 17229177.7458618 4218219.5900939 2282123.0169770 23472652.3287993 3409812.2620442 2917067.9564617 4417543.1411546 4420404.8503521 4417650.7343159 4387261.3849762 4420491.5009612 4417581.4178891 14058622.4107845 2310229.4965291 3055470.5881699 5629052.8910120 6324998.0367660 3885515.9381731 1519303.8498681 19181844.8403517 10064286.4001562 4415886.1959053 8030830.3554058 4417494.6894422 9925429.3750233 11275742.4883807 27675980.3607944 6519829.7383026 3883861.2200838 10202614.7370962 4417557.4407623 1148093.9579778 1994021.8265342 20703632.7371372 4582247.8114187 3061937.6954056 5231152.3622182 4417555.1147245 4417548.5770066 4404551.8274556
 347113.4847412  141022.0148878  141055.2750504  199840.7625216 4417749.3959916       0.0000000 1205872.3957710 19651319.9396869 7141352.9374830 4399872.0455782 16632646.1566406  234750.8137128 2141192.2809366 27883670.1317119 1015528.4463228 7333852.6588158  141088.0590535   30078.2849681  132675.4758865  250804.7201551  232700.2998055  137848.6314328 13327687.1949294 6726317.9229183 1367317.0605281 10045535.6651897 4822732.1184195  536266.0762164 5936461.8641802 18555974.0835888 14480460.9293811  111566.2822506 6585485.7745797   82615.4685380 8792203.6497031 10352708.1000596 32090833.5348397 10934351.7287005  797280.0345909 9188956.2218048  141322.5141521 3270485.5751258 2424629.8367417 20213035.7558800 1201209.1927715 1360880.0850210 3363791.5304615  141304.2809242  141308.3573823  146640.8258041
1260785.0835627 1219500.3102136 1218038.8699617 1041165.2832226 4582745.9040514 1205872.3957710       0.0000000 19816309.7968884 7327212.7906005 3199893.4867042 15434298.1523595 1235395.3936872 2472138.8181638 27892781.0180364 1581968.4720400 7435221.8980168 1219506.8293909 1229856.5556228 1191420.2046040  992873.3174604 1011600.7672441 1204626.7364596 12130562.1856520 6837200.6652251 1827212.8220238 10120225.8976036 3652312.9111030 1331641.4169171 6060269.2067742 18731343.7883379 14532750.6284017 1219780.5619138 6834740.3676812 1208029.0315156 7913428.2196688 9154889.8084967 32116551.7838729 10979657.0380134  874987.6815997 9407908.0845614 1219506.3677361 3484118.5839335 2713171.8662516 19014797.8740091   22703.7636771 1822547.5245668 3701646.3085326 1219494.5146069 1219424.1193070 1252160.3587484
19791671.4257505 19790844.2600206 19791090.8384998 19774518.2639998 20278038.2872153 19651319.9396869 19816309.7968884       0.0000000 16552772.5439153 20234755.6787146 25736137.3126653 19777924.7631634 19725535.1660869 33888447.7125086 19816559.3422670 21103189.4361092 19790910.0719202 19630674.5842609 19783764.5327446 19790157.9997205 19790121.2238295 19789039.6869774 23655955.3251017 20870485.7957104 19837905.8310529 22194935.7510804 19807050.7427924 19734220.0540771 20662128.2290238 1110667.3492172 24523476.3512003 19760969.6430657 13066677.2024567 19733518.2970983 16388945.8194609 22195176.4593579 37601755.0093284 22609480.7092318 19801684.5838939 10471236.8234596 19791147.2245577 20059076.0571121 19919375.3748968 28159908.9367059 19793632.9654941 19837389.2599561 16332365.3784593 19791130.5301123 19791144.9772304 19507923.1905438
6968976.6162473 7224872.1312878 7224541.2907660 7216286.9004772 4513071.4475360 7141352.9374830 7327212.7906005 16552772.5439153       0.0000000 8469491.9770868 18152823.1232972 7057065.1421800 5509520.1032547 22391955.9971814 6442180.3683222 4551234.1947748 7224915.6803914 7130844.5181418 7220895.0568810 7199567.4619968 7226479.6542549 7223916.6395808 15140329.8089480 4355143.7323866 6182582.3628800 6029719.3711349 8194489.3695003 6763775.4174148 4294003.2749732 15485256.2511864 9674374.1044061 7205749.9034269 6274678.0314721 7190697.1317957 9381032.2445429 12620682.3823648 26598328.4582958 6686226.1941698 6794855.7062132 7480812.4661367 7225068.0836257 4988648.5499754 5453002.8970030 21476268.4738740 7313665.1445907 6187185.7086221 5375921.5612959 7225056.3656500 7225060.1141605 7042272.0637341
4430970.4371297 4419393.7734276 4417932.2613958 4240969.0339849 6248650.9392479 4399872.0455782 3199893.4867042 20234755.6787146 8469491.9770868       0.0000000 12234404.7085441 4423538.6222866 4914821.0242612 28156665.4762857 4532826.2235917 8563004.6936427 4419400.3020605 4422150.0858294 4391298.3025662 4192264.8915108 4211492.8973326 4404519.0896455 8930901.0961523 8049309.3110082 4623107.7364672 10975387.6052788  750467.6347211 4451175.9424579 7399673.8402926 19196635.3961796 15140097.7659626 4419403.2772570 8047223.7351135 4406929.0363100 5811496.5300585 5955115.7785723 32396263.6705236 11713754.0666179 3902656.3830594 10322445.3664631 4419399.8532453 5484807.3556750 5040359.0345273 15814910.6048595 3202241.2313476 4621421.5848495 5622510.1990630 4419388.0003531 4419317.6051211 4428523.4565429
16656837.8866456 16653798.4245427 16652336.8119338 16475351.6579362 17229177.7458618 16632646.1566406 15434298.1523595 25736137.3126653 18152823.1232972 12234404.7085441       0.0000000 16654600.0170529 16791792.0465467 32218810.9928104 16684125.7761867 18196288.5178271 16653804.9568561 16654415.0521689 16625698.7176096 16426548.6402465 16445896.9740423 16638923.4291226 3306755.5177282 17960508.6586629 16707748.5049112 19447821.6014015 11855074.4520047 16661710.9321161 17677301.2182434 24996207.6810824 22065600.7567997 16653731.7532925 17960393.6159603 16641057.7650513 10597270.0121419 6279954.2607515 36155163.6481473 19740481.4677458 16104758.2693825 19088461.4136011 16653804.5145754 16955962.8551676 16828918.4451177 3580611.5786613 15436582.6481036 16707447.6029592 16997579.5222410 16653792.6613650 16653722.2653343 16656225.5062122
 121264.1358104  199827.3617634  199245.3848114  265734.0534415 4218219.5900939  234750.8137128 1235395.3936872 19777924.7631634 7057065.1421800 4423538.6222866 16654600.0170529       0.0000000 1950617.0319680 27688840.3859565  808505.0302803 7135269.9232288  199837.5317031  247206.4569915  201404.4593151  279851.9354484  286773.2828331  200262.5587279 13350838.4888749 6528199.2167960 1162812.8465813 9847258.8796852 4845516.1952059  336920.7736940 5737515.2005828 18681185.0111189 14282488.9895516  198231.2073289 6712993.0845030  203943.3689084 8882433.5375726 10375830.5272499 31894000.3626914 10736615.5559976  673029.6329459 9310556.4175788  199868.5330780 3070278.4379190 2224277.7717020 20234575.8850079 1233112.3878107 1156344.9981709 3465278.3607770  199865.0124457  199859.4521285  322168.3578975
1831600.2526449 2150419.1207494 2149839.4185680 2154474.0220496 2282123.0169770 2141192.2809366 2472138.8181638 19725535.1660869 5509520.1032547 4914821.0242612 16791792.0465467 1950617.0319680       0.0000000 25743405.0943734 1149492.9424547 5194980.3814320 2150430.2477570 2142769.8307566 2150054.8637358 2126589.1263379 2158549.0892249 2150349.1383775 13518755.3759132 4587185.6058739  801638.1399439 7905988.6817479 5149918.0069482 1614486.8571587 3798505.7946976 18622666.2239383 12340467.0693305 2146347.1904660 6876017.7627605 2145938.7488768 9043962.6520817 10593810.2701346 29950123.2149014 8795623.6065478 1675207.8324640 9330700.9432308 2150464.5923365 1141586.6797554  324566.6890676 20344661.3369884 2469501.5857128  807919.6937885 3672185.5481500 2150460.8697924 2150455.6415702 2123005.3045197
27568464.7233724 27888380.4763787 27887754.4792991 27883300.5097515 23472652.3287993 27883670.1317119 27892781.0180364 33888447.7125086 22391955.9971814 28156665.4762857 32218810.9928104 27688840.3859565 25743405.0943734       0.0000000 26881016.2588528 20557110.4762416 27888387.4132924 27885776.1533850 27887772.8221328 27849007.9446125 27883432.3608262 27888100.3853684 30687009.3825624 21163095.0331983 26526782.5051230 17847175.7544292 27862078.6460593 27354854.7981695 21954078.9887670 33176068.2174598 13416783.1712842 27886078.5764182 28537089.6995630 27886695.6281052 29051445.5899022 29576555.7014069 4257358.3079989 16955686.1297764 27309755.6883762 28975350.4301969 27888406.1715534 24619789.6147094 25465286.6636392 34127825.4477320 27892358.0549223 26533250.0561853 27540850.6118483 27888403.3180115 27888395.7838536 27862392.0024483
 687734.0184367 1007725.3018416 1007121.8529090 1021439.6055676 3409812.2620442 1015528.4463228 1581968.4720400 19816559.3422670 6442180.3683222 4532826.2235917 16684125.7761867  808505.0302803 1149492.9424547 26881016.2588528       0.0000000 6326879.0715852 1007730.8792717 1020346.3765602 1008158.7615993  997788.3664386 1027049.3422188 1007854.9585573 13387191.5127636 5719887.1569083  354345.1857741 9038865.1367524 4889221.0012258  479452.4078871 4929114.7071141 18715911.8248753 13474098.4989345 1006417.5034990 6795823.2018907 1009000.0684035 8945301.1507162 10423191.3002333 31085715.4665031 9928407.7065273  707597.6239901 9352883.0493630 1007745.2035951 2261878.5664736 1416021.8460396 20257676.7959154 1580412.2363401  347877.1156331 3503268.7637479 1007742.8743899 1007736.3415070 1025461.4347240
7014609.9191449 7334604.2146519 7333999.9094981 7334665.7066107 2917067.9564617 7333852.6588158 7435221.8980168 21103189.4361092 4551234.1947748 8563004.6936427 18196288.5178271 7135269.9232288 5194980.3814320 20557110.4762416 6326879.0715852       0.0000000 7334609.8246389 7336239.8888571 7334675.4384133 7301966.7888253 7335605.8297467 7334636.6451441 15226875.3813854  607891.8937231 5972537.3148013 2711989.0440531 8498799.2950575 6802324.5115932 1397769.7145605 20034316.0624380 7147221.3710838 7332898.1977927 9928133.8773977 7334378.4992383 11521881.0957363 12705054.8192488 24758969.6559062 3605658.1991222 6783526.4540871 11691851.9529462 7334624.2349306 4065083.9923705 4911017.8373350 21510757.8880081 7434924.8167035 5979004.4377619 7662092.0014553 7334621.9008925 7334615.3672967 7317855.7952307
 320004.5193262      66.3079436    1601.7895512  179135.0557826 4417543.1411546  141088.0590535 1219506.8293909 19790910.0719202 7224915.6803914 4419400.3020605 16653804.9568561  199837.5317031 2150430.2477570 27888387.4132924 1007730.8792717 7334609.8246389       0.0000000  160242.2295919   28937.6532699  230151.9190407  207917.0496498   14981.2946954 13350007.7894093 6727602.4365694 1362073.7461494 10046596.0142309 4857756.4730726  536371.1677420 5936845.4849939 18695431.0059815 14481829.3476212   29992.8326473 6724844.2446024   58693.0012617 8888432.8363536 10374369.1790941 32093426.7891398 10935921.3441808  801474.0974558 9328317.1223093     237.6003855 3269592.8667305 2423696.6040408 20234302.9049877 1217444.4178569 1355606.3019670 3502059.7303866     221.2609083     249.8967275  283875.7328842
 357022.3923322  160176.4725685  160444.0454798  229734.1122039 4420404.8503521   30078.2849681 1229856.5556228 19630674.5842609 7130844.5181418 4422150.0858294 16654415.0521689  247206.4569915 2142769.8307566 27885776.1533850 1020346.3765602 7336239.8888571  160242.2295919       0.0000000  155886.8209433  280426.9610609  262511.8564974  159198.9794583 13349309.4295411 6728642.7770622 1371442.8884434 10047826.9703845 4842688.8727102  541156.5356413 5938959.0550641 18535192.4426683 14482668.1238321  130312.3667852 6564603.3063593  103752.8908420 8798580.9966824 10374462.3926866 32092798.4900526 10937045.0904962  817235.1571631 9168145.0686292  160479.4032049 3273472.1702467 2427652.1190653 20234774.5551552 1224860.0365209 1365011.1624658 3343530.2947721  160462.8157512  160477.9249006  124736.9712960
 321283.8287454   28915.7449638   27570.4950366  150608.2247614 4417650.7343159  132675.4758865 1191420.2046040 19783764.5327446 7220895.0568810 4391298.3025662 16625698.7176096  201404.4593151 2150054.8637358 27887772.8221328 1008158.7615993 7334675.4384133   28937.6532699  155886.8209433       0.0000000  202568.2264236  179951.2149199   14195.3920283 13321838.6398628 6727642.0251900 1362363.9983260 10046648.5556306 4829141.9155939  536310.3563376 5936916.9048755 18688478.6129778 14481863.9983888   36322.7120871 6718022.6470418   52650.0481664 8861373.0263953 10346221.9848672 32093410.3444199 10935415.9887610  782163.4436421 9321482.3438848   28994.5284780 3269599.3773456 2423826.4214189 20206196.3885161 1189231.9943494 1355902.1561884 3495196.8275337   28978.9723186   28914.4572750  278439.9944482
 363624.8630721  230144.6618149  228606.4018206   61543.5384496 4387261.3849762  250804.7201551  992873.3174604 19790157.9997205 7199567.4619968 4192264.8915108 16426548.6402465  279851.9354484 2126589.1263379 27849007.9446125  997788.3664386 7301966.7888253  230151.9190407  280426.9610609  202568.2264236       0.0000000   39336.9741323  215478.7305129 13122749.6624820 6695289.2597161 1344989.1042895 10012988.0027376 4629943.2772547  549420.4005686 5904952.8832117 18696070.1912517 14447388.0497610  231753.1574626 6728848.4167380  224873.2119870 8702211.8371656 10147148.0985284 32058060.9760579 10897611.3095305  632129.0251145 9330300.7817877  230153.6290048 3240302.8278193 2398319.6050240 20006982.9507395  990866.2411306 1338652.0948499 3503319.9518253  230141.5569731  230071.0100972  363426.8598788
 379986.3974498  207910.5480291  206444.0742495   33331.4002452 4420491.5009612  232700.2998055 1011600.7672441 19790121.2238295 7226479.6542549 4211492.8973326 16445896.9740423  286773.2828331 2158549.0892249 27883432.3608262 1027049.3422188 7335605.8297467  207917.0496498  262511.8564974  179951.2149199   39336.9741323       0.0000000  193045.9999496 13142110.0006208 6728872.2701992 1375703.4451413 10046790.4809682 4651603.6736384  573243.4007818 5938455.8453102 18696113.4046081 14481327.2376091  209986.1808718 6728278.4685364  203364.4933778 8717968.6860765 10166466.9402140 32092157.9195845 10931839.0175560  671439.8916040 9330804.8971795  207916.6153524 3273264.4430523 2430661.9112850 20026392.1497767 1009585.9087479 1369343.7286764 3506938.2536666  207904.7410918  207834.2875607  351935.7021223
 320358.0331025   14967.3798774   13564.6870647  164162.1412151 4417581.4178891  137848.6314328 1204626.7364596 19789039.6869774 7223916.6395808 4404519.0896455 16638923.4291226  200262.5587279 2150349.1383775 27888100.3853684 1007854.9585573 7334636.6451441   14981.2946954  159198.9794583   14195.3920283  215478.7305129  193045.9999496       0.0000000 13335110.7895909 6727623.0810374 1362152.9308799 10046619.0646044 4842815.7753615  536369.3791518 5936871.0086038 18693662.6510831 14481846.2723363   31902.4745083 6723135.7524661   55582.2532662 8875191.2936448 10359477.3801487 32093432.5456118 10935649.9050350  791174.3541010 9326605.0795119   15010.0084644 3269568.9330239 2423741.7609423 20219421.3812628 1202534.4654280 1355688.1760965 3500297.1006272   14996.0978269   14928.2861932  282549.1642034
13353575.2422187 13350000.6386290 13348541.1437590 13171416.9756529 14058622.4107845 13327687.1949294 12130562.1856520 23655955.3251017 15140329.8089480 8930901.0961523 3306755.5177282 13350838.4888749 13518755.3759132 30687009.3825624 13387191.5127636 15226875.3813854 13350007.7894093 13349309.4295411 13321838.6398628 13122749.6624820 13142110.0006208 13335110.7895909       0.0000000 14944342.0016851 13416768.3209459 16701168.4748672 8550101.8307681 13359104.6366225 14604054.4284945 22834623.3112615 19686231.2962439 13349659.9953716 14891886.4222033 13336748.9696020 7768041.1697073 2975894.0104911 34748935.8849959 17082426.4714507 12803239.1308596 16214446.9667619 13350009.5758396 13726880.9284998 13566171.9216036 6886023.6759752 12132618.4620113 13416341.4855821 13749716.7222944 13349997.5665017 13349927.3112098 13350364.9711097
6407597.9747073 6727596.5200821 6726993.5044425 6727789.8385814 2310229.4965291 6726317.9229183 6837200.6652251 20870485.7957104 4355143.7323866 8049309.3110082 17960508.6586629 6528199.2167960 4587185.6058739 21163095.0331983 5719887.1569083  607891.8937231 6727602.4365694 6728642.7770622 6727642.0251900 6695289.2597161 6728872.2701992 6727623.0810374 14944342.0016851       0.0000000 5365553.3743084 3319260.9403751 8005623.5588365 6195030.1527166  791421.3831154 19794566.9954337 7754391.8910705 6725756.5963101 9468218.6627810 6727125.4774720 11131447.3196003 12364613.0465020 25365828.6162022 4211970.2984389 6178817.0177267 11310112.8185188 6727617.9537785 3458166.1596911 4303922.1638916 21312628.8460377 6836770.1092579 5372019.9032251 7110752.4688306 6727615.5427716 6727609.0824334 6710019.8337024
1042076.6337854 1362068.1698709 1361462.8155228 1371509.2977177 3055470.5881699 1367317.0605281 1827212.8220238 19837905.8310529 6182582.3628800 4623107.7364672 16707748.5049112 1162812.8465813  801638.1399439 26526782.5051230  354345.1857741 5972537.3148013 1362073.7461494 1371442.8884434 1362363.9983260 1344989.1042895 1375703.4451413 1362152.9308799 13416768.3209459 5365553.3743084       0.0000000 8684523.1190847 4947818.5432406  831989.9261638 4574772.1647323 18736169.6745005 13119756.1587727 1360648.2687386 6856074.3663133 1362892.5549483 8990985.5714641 10461927.3404572 30731381.8118861 9574119.6005498  965333.4699842 9387429.5042017 1362088.0309588 1907534.9903235 1061729.2588989 20276317.3988750 1825879.7917003    6471.5691349 3572074.3270072 1362085.6920629 1362079.0789502 1369575.8231505
9726596.8817397 10046590.4340527 10045985.9268214 10046063.2695971 5629052.8910120 10045535.6651897 10120225.8976036 22194935.7510804 6029719.3711349 10975387.6052788 19447821.6014015 9847258.8796852 7905988.6817479 17847175.7544292 9038865.1367524 2711989.0440531 10046596.0142309 10047826.9703845 10046648.5556306 10012988.0027376 10046790.4809682 10046619.0646044 16701168.4748672 3319260.9403751 8684523.1190847       0.0000000 10837878.4509408 9514256.6340791 4109751.4300929 21165189.0049852 4435233.8720964 10044881.5810785 12066484.5308352 10046327.1247726 13413275.5248492 14441208.4828869 22047105.1186051  913050.3176187 9488899.3025267 13505603.2423024 10046610.3149787 6777057.0205615 7623003.1762926 22575422.3778749 10120029.0750073 8690990.3096635 10156682.8330533 10046607.9883179 10046601.4455045 10028491.3538183
4844915.2069601 4857742.4038283 4856278.3392459 4679015.9419683 6324998.0367660 4822732.1184195 3652312.9111030 19807050.7427924 8194489.3695003  750467.6347211 11855074.4520047 4845516.1952059 5149918.0069482 27862078.6460593 4889221.0012258 8498799.2950575 4857756.4730726 4842688.8727102 4829141.9155939 4629943.2772547 4651603.6736384 4842815.7753615 8550101.8307681 8005623.5588365 4947818.5432406 10837878.4509408       0.0000000 4841147.7027816 7392191.7357213 18776886.0545984 14936578.5568947 4854347.0048521 7852234.4935820 4839045.5022059 5165556.9307181 5589083.8755196 32106151.5578471 11550648.0449292 4295407.0579498 10025721.4312310 4857783.0091305 5642518.8463485 5267506.9438597 15430886.2044146 3651334.6568050 4946712.7053973 5623819.5701841 4857769.2770765 4857700.6755122 4833443.5766276
 221426.8832831  536357.7934482  535788.9705358  561538.9301620 3885515.9381731  536266.0762164 1331641.4169171 19734220.0540771 6763775.4174148 4451175.9424579 16661710.9321161  336920.7736940 1614486.8571587 27354854.7981695  479452.4078871 6802324.5115932  536371.1677420  541156.5356413  536310.3563376  549420.4005686  573243.4007818  536369.3791518 13359104.6366225 6195030.1527166  831989.9261638 9514256.6340791 4841147.7027816       0.0000000 5404668.2355871 18635626.6748416 13949421.3368652  531878.6505004 6680012.8319893  532294.8028225 8867851.9850042 10387175.9989403 31560549.9819061 10403659.5451812  563748.3928232 9263898.0081019  536413.6583901 2737789.1113085 1891583.9599046 20239853.2594433 1328689.2214982  825535.9810083 3402508.5664145  536409.3542657  536404.5936802  555505.5669969
5616846.4869540 5936839.9019832 5936234.9581552 5937355.2549637 1519303.8498681 5936461.8641802 6060269.2067742 20662128.2290238 4294003.2749732 7399673.8402926 17677301.2182434 5737515.2005828 3798505.7946976 21954078.9887670 4929114.7071141 1397769.7145605 5936845.4849939 5938959.0550641 5936916.9048755 5904952.8832117 5938455.8453102 5936871.0086038 14604054.4284945  791421.3831154 4574772.1647323 4109751.4300929 7392191.7357213 5404668.2355871       0.0000000 19577856.6269186 8544984.0099261 5935161.6049005 8952058.3242207 5936690.1596418 10686715.6996886 11950837.7961643 26156718.1023923 5001513.2058633 5391515.7946535 10907917.1505113 5936859.7899856 2667321.8739579 3513281.9263687 21075296.8919949 6059905.8955179 4581239.4256683 6448016.2036807 5936857.4587223 5936850.8917433 5921510.7015103
18694223.5523477 18695365.2001483 18695617.7661190 18680291.9349782 19181844.8403517 18555974.0835888 18731343.7883379 1110667.3492172 15485256.2511864 19196635.3961796 24996207.6810824 18681185.0111189 18622666.2239383 33176068.2174598 18715911.8248753 20034316.0624380 18695431.0059815 18535192.4426683 18688478.6129778 18696070.1912517 18696113.4046081 18693662.6510831 22834623.3112615 19794566.9954337 18736169.6745005 21165189.0049852 18776886.0545984 18635626.6748416 19577856.6269186       0.0000000 23572293.9359111 18665478.8728561 11970677.3043541 18638123.1704283 15475441.6769434 21295169.3097404 36935215.6424610 21595804.8722398 18707171.0356000 9372136.0946531 18695668.2620863 18957840.3424547 18816557.6846100 27503248.7796651 18708657.5272240 18735668.2630632 15233446.2630770 18695651.6327942 18695666.5177904 18412289.2864443
14161830.1611493 14481823.7658560 14481218.9618348 14480775.0620040 10064286.4001562 14480460.9293811 14532750.6284017 24523476.3512003 9674374.1044061 15140097.7659626 22065600.7567997 14282488.9895516 12340467.0693305 13416783.1712842 13474098.4989345 7147221.3710838 14481829.3476212 14482668.1238321 14481863.9983888 14447388.0497610 14481327.2376091 14481846.2723363 19686231.2962439 7754391.8910705 13119756.1587727 4435233.8720964 14936578.5568947 13949421.3368652 8544984.0099261 23572293.9359111       0.0000000 14480101.0745767 15941837.7243779 14481505.3301990 16989884.6765314 17812286.6517723 17612092.3929618 3554430.4523561 13918773.7518957 16992320.7703387 14481843.6486479 11212279.8814191 12058227.2608841 24859982.9749338 14532629.6915690 13126223.4055779 14405360.6193893 14481841.3198682 14481834.7641728 14462498.3577781
 319479.6991439   29926.8487719   30189.5356403  178953.4604897 4415886.1959053  111566.2822506 1219780.5619138 19760969.6430657 7205749.9034269 4419403.2772570 16653731.7532925  198231.2073289 2146347.1904660 27886078.5764182 1006417.5034990 7332898.1977927   29992.8326473  130312.3667852   36322.7120871  231753.1574626  209986.1808718   31902.4745083 13349659.9953716 6725756.5963101 1360648.2687386 10044881.5810785 4854347.0048521  531878.6505004 5935161.6049005 18665478.8728561 14480101.0745767       0.0000000 6694896.4048941   30182.3788095 8871435.6777382 10374128.7850667 32091498.3449155 10934201.6270810  800713.0536932 9298337.1683782   30230.4295575 3267970.9955274 2421881.1807553 20234221.8224552 1217163.3068350 1354180.7535747 3472174.9141670   30213.7098954   30228.3402863  253889.2970179
6729309.2754326 6724778.4731340 6725037.5228618 6711823.4799448 8030830.3554058 6585485.7745797 6834740.3676812 13066677.2024567 6274678.0314721 8047223.7351135 17960393.6159603 6712993.0845030 6876017.7627605 28537089.6995630 6795823.2018907 9928133.8773977 6724844.2446024 6564603.3063593 6718022.6470418 6728848.4167380 6728278.4685364 6723135.7524661 14891886.4222033 9468218.6627810 6856074.3663133 12066484.5308352 7852234.4935820 6680012.8319893 8952058.3242207 11970677.3043541 15941837.7243779 6694896.4048941       0.0000000 6667587.1276415 7520434.8458360 12328690.0087521 32722877.6981114 12814484.2213672 6770303.7781082 2611288.2860810 6725081.4709763 7465454.3953101 7120434.4759562 21322502.1692136 6812108.7000809 6854744.0478881 3292685.2540439 6725064.8865073 6725080.0219910 6441775.2144578
 324587.8322559   58627.3775287   58579.7155076  170836.1931575 4417494.6894422   82615.4685380 1208029.0315156 19733518.2970983 7190697.1317957 4406929.0363100 16641057.7650513  203943.3689084 2145938.7488768 27886695.6281052 1009000.0684035 7334378.4992383   58693.0012617  103752.8908420   52650.0481664  224873.2119870  203364.4933778   55582.2532662 13336748.9696020 6727125.4774720 1362892.5549483 10046327.1247726 4839045.5022059  532294.8028225 5936690.1596418 18638123.1704283 14481505.3301990   30182.3788095 6667587.1276415       0.0000000 8845515.2611823 10361330.0743500 32092690.1859327 10935385.1282122  794329.0814218 9271070.0176089   58924.4479063 3269619.6854859 2423506.1170632 20221536.8971439 1204897.9490799 1356430.0321086 3445270.6353048   58905.6707029   58905.1248832  227146.3516835
8893135.5029624 8888390.2325475 8887333.3756249 8733054.8958975 9925429.3750233 8792203.6497031 7913428.2196688 16388945.8194609 9381032.2445429 5811496.5300585 10597270.0121419 8882433.5375726 9043962.6520817 29051445.5899022 8945301.1507162 11521881.0957363 8888432.8363536 8798580.9966824 8861373.0263953 8702211.8371656 8717968.6860765 8875191.2936448 7768041.1697073 11131447.3196003 8990985.5714641 13413275.5248492 5165556.9307181 8867851.9850042 10686715.6996886 15475441.6769434 16989884.6765314 8871435.6777382 7520434.8458360 8845515.2611823       0.0000000 5827849.6275058 33271198.6884204 13979008.9700598 8452999.0005628 8496617.7792829 8888566.7283904 9458425.4911905 9202101.2162100 13853079.2125625 7900837.5332215 8990149.3579286 7488821.3388966 8888547.5744476 8888498.1270738 8731372.0556314
10379293.4556240 10374362.2441718 10372902.3510241 10195827.9924504 11275742.4883807 10352708.1000596 9154889.8084967 22195176.4593579 12620682.3823648 5955115.7785723 6279954.2607515 10375830.5272499 10593810.2701346 29576555.7014069 10423191.3002333 12705054.8192488 10374369.1790941 10374462.3926866 10346221.9848672 10147148.0985284 10166466.9402140 10359477.3801487 2975894.0104911 12364613.0465020 10461927.3404572 14441208.4828869 5589083.8755196 10387175.9989403 11950837.7961643 21295169.3097404 17812286.6517723 10374128.7850667 12328690.0087521 10361330.0743500 5827849.6275058       0.0000000 33728192.4222487 14924190.4175023 9831954.6965378 13908989.6837517 10374370.1916367 10862488.8919081 10653598.7717202 9860363.4300854 9157028.2892172 10461309.9203390 10909555.4109114 10374358.2370865 10374287.9364393 10376519.9855827
31773422.2977916 32093420.8066304 32092817.9295102 32091714.0628626 27675980.3607944 32090833.5348397 32116551.7838729 37601755.0093284 26598328.4582958 32396263.6705236 36155163.6481473 31894000.3626914 29950123.2149014 4257358.3079989 31085715.4665031 24758969.6559062 32093426.7891398 32092798.4900526 32093410.3444199 32058060.9760579 32092157.9195845 32093432.5456118 34748935.8849959 25365828.6162022 30731381.8118861 22047105.1186051 32106151.5578471 31560549.9819061 26156718.1023923 36935215.6424610 17612092.3929618 32091498.3449155 32722877.6981114 32092690.1859327 33271198.6884204 33728192.4222487       0.0000000 21161065.1401198 31524248.2637793 33100001.4699970 32093442.5403460 28823944.1195829 29669735.0948402 37910750.7614217 32116386.9649758 30737848.3939232 31761881.9864815 32093440.1132167 32093433.6673969 32070842.3935384
10615986.7804560 10935915.6361669 10935282.4047624 10931737.8060348 6519829.7383026 10934351.7287005 10979657.0380134 22609480.7092318 6686226.1941698 11713754.0666179 19740481.4677458 10736615.5559976 8795623.6065478 16955686.1297764 9928407.7065273 3605658.1991222 10935921.3441808 10937045.0904962 10935415.9887610 10897611.3095305 10931839.0175560 10935649.9050350 17082426.4714507 4211970.2984389 9574119.6005498  913050.3176187 11550648.0449292 10403659.5451812 5001513.2058633 21595804.8722398 3554430.4523561 10934201.6270810 12814484.2213672 10935385.1282122 13979008.9700598 14924190.4175023 21161065.1401198       0.0000000 10365297.6143805 14162321.3318794 10935935.6333147 7666854.1183412 8512935.4108553 22792907.4966452 10979524.3623468 9580590.2313171 10996490.7337096 10935933.0733041 10935925.1430213 10917495.4884609
 614255.4214418  801465.5630983  800012.9460440  687336.8698155 3883861.2200838  797280.0345909  874987.6815997 19801684.5838939 6794855.7062132 3902656.3830594 16104758.2693825  673029.6329459 1675207.8324640 27309755.6883762  707597.6239901 6783526.4540871  801474.0974558  817235.1571631  782163.4436421  632129.0251145  671439.8916040  791174.3541010 12803239.1308596 6178817.0177267  965333.4699842 9488899.3025267 4295407.0579498  563748.3928232 5391515.7946535 18707171.0356000 13918773.7518957  800713.0536932 6770303.7781082  794329.0814218 8452999.0005628 9831954.6965378 31524248.2637793 10365297.6143805       0.0000000 9345950.7707459  801484.0007258 2749670.4007302 1932256.9657864 19682478.1348177  873603.6695173  960192.8033029 3508729.7404048  801474.0647321  801420.2665615  835281.9530292
9322502.3993645 9328251.2368944 9328494.7135200 9314585.3367748 10202614.7370962 9188956.2218048 9407908.0845614 10471236.8234596 7480812.4661367 10322445.3664631 19088461.4136011 9310556.4175788 9330700.9432308 28975350.4301969 9352883.0493630 11691851.9529462 9328317.1223093 9168145.0686292 9321482.3438848 9330300.7817877 9330804.8971795 9326605.0795119 16214446.9667619 11310112.8185188 9387429.5042017 13505603.2423024 10025721.4312310 9263898.0081019 10907917.1505113 9372136.0946531 16992320.7703387 9298337.1683782 2611288.2860810 9271070.0176089 8496617.7792829 13908989.6837517 33100001.4699970 14162321.3318794 9345950.7707459       0.0000000 9328554.6110749 9792978.5433465 9549270.5690883 22280613.3323542 9385225.9383898 9386608.1050392 5862358.8982843 9328537.9744487 9328552.9365281 9044782.9777672
 320020.2588395     303.6309804    1595.4766012  179155.3102333 4417557.4407623  141322.5141521 1219506.3677361 19791147.2245577 7225068.0836257 4419399.8532453 16653804.5145754  199868.5330780 2150464.5923365 27888406.1715534 1007745.2035951 7334624.2349306     237.6003855  160479.4032049   28994.5284780  230153.6290048  207916.6153524   15010.0084644 13350009.5758396 6727617.9537785 1362088.0309588 10046610.3149787 4857783.0091305  536413.6583901 5936859.7899856 18695668.2620863 14481843.6486479   30230.4295575 6725081.4709763   58924.4479063 8888566.7283904 10374370.1916367 32093442.5403460 10935935.6333147  801484.0007258 9328554.6110749       0.0000000 3269607.1672683 2423712.8247522 20234302.4875294 1217448.3563990 1355620.6000867 3502296.5063850      20.5092849      82.7364523  284113.2956170
2949598.2150043 3269587.2573097 3268976.0865713 3271528.6463284 1148093.9579778 3270485.5751258 3484118.5839335 20059076.0571121 4988648.5499754 5484807.3556750 16955962.8551676 3070278.4379190 1141586.6797554 24619789.6147094 2261878.5664736 4065083.9923705 3269592.8667305 3273472.1702467 3269599.3773456 3240302.8278193 3273264.4430523 3269568.9330239 13726880.9284998 3458166.1596911 1907534.9903235 6777057.0205615 5642518.8463485 2737789.1113085 2667321.8739579 18957840.3424547 11212279.8814191 3267970.9955274 7465454.3953101 3269619.6854859 9458425.4911905 10862488.8919081 28823944.1195829 7666854.1183412 2749670.4007302 9792978.5433465 3269607.1672683       0.0000000  846308.4177163 20475885.6428400 3483456.2962228 1914003.6949198 4436988.4799960 3269604.7842464 3269597.9107740 3259807.5018309
2103693.1039446 2423690.4951686 2423088.5437660 2428069.4401203 1994021.8265342 2424629.8367417 2713171.8662516 19919375.3748968 5453002.8970030 5040359.0345273 16828918.4451177 2224277.7717020  324566.6890676 25465286.6636392 1416021.8460396 4911017.8373350 2423696.6040408 2427652.1190653 2423826.4214189 2398319.6050240 2430661.9112850 2423741.7609423 13566171.9216036 4303922.1638916 1061729.2588989 7623003.1762926 5267506.9438597 1891583.9599046 3513281.9263687 18816557.6846100 12058227.2608841 2421881.1807553 7120434.4759562 2423506.1170632 9202101.2162100 10653598.7717202 29669735.0948402 8512935.4108553 1932256.9657864 9549270.5690883 2423712.8247522  846308.4177163       0.0000000 20374874.2943621 2712129.0074593 1068193.6655428 3947303.8822507 2423710.3641102 2423703.9500149 2415929.3091248
20236294.7121685 20234296.3631846 20232833.8142468 20055845.0425966 20703632.7371372 20213035.7558800 19014797.8740091 28159908.9367059 21476268.4738740 15814910.6048595 3580611.5786613 20234575.8850079 20344661.3369884 34127825.4477320 20257676.7959154 21510757.8880081 20234302.9049877 20234774.5551552 20206196.3885161 20006982.9507395 20026392.1497767 20219421.3812628 6886023.6759752 21312628.8460377 20276317.3988750 22575422.3778749 15430886.2044146 20239853.2594433 21075296.8919949 27503248.7796651 24859982.9749338 20234221.8224552 21322502.1692136 20221536.8971439 13853079.2125625 9860363.4300854 37910750.7614217 22792907.4966452 19682478.1348177 22280613.3323542 20234302.4875294 20475885.6428400 20374874.2943621       0.0000000 19017079.1009224 20276119.3609798 20513720.8455748 20234290.6305598 20234220.2246171 20236257.6082269
1258770.6677694 1217436.6800373 1215980.3666995 1038803.9891046 4582247.8114187 1201209.1927715   22703.7636771 19793632.9654941 7313665.1445907 3202241.2313476 15436582.6481036 1233112.3878107 2469501.5857128 27892358.0549223 1580412.2363401 7434924.8167035 1217444.4178569 1224860.0365209 1189231.9943494  990866.2411306 1009585.9087479 1202534.4654280 12132618.4620113 6836770.1092579 1825879.7917003 10120029.0750073 3651334.6568050 1328689.2214982 6059905.8955179 18708657.5272240 14532629.6915690 1217163.3068350 6812108.7000809 1204897.9490799 7900837.5332215 9157028.2892172 32116386.9649758 10979524.3623468  873603.6695173 9385225.9383898 1217448.3563990 3483456.2962228 2712129.0074593 19017079.1009224       0.0000000 1821209.6728994 3679769.4815642 1217436.1978542 1217366.0963104 1245028.1870050
1035608.9969559 1355600.7231029 1354995.6220028 1365125.1473558 3061937.6954056 1360880.0850210 1822547.5245668 19837389.2599561 6187185.7086221 4621421.5848495 16707447.6029592 1156344.9981709  807919.6937885 26533250.0561853  347877.1156331 5979004.4377619 1355606.3019670 1365011.1624658 1355902.1561884 1338652.0948499 1369343.7286764 1355688.1760965 13416341.4855821 5372019.9032251    6471.5691349 8690990.3096635 4946712.7053973  825535.9810083 4581239.4256683 18735668.2630632 13126223.4055779 1354180.7535747 6854744.0478881 1356430.0321086 8990149.3579286 10461309.9203390 30737848.3939232 9580590.2313171  960192.8033029 9386608.1050392 1355620.6000867 1914003.6949198 1068193.6655428 20276119.3609798 1821209.6728994       0.0000000 3570445.9388661 1355618.2621644 1355611.6612296 1363233.0348281
3469057.9280324 3501993.8201727 3502157.8969479 3490026.7369235 5231152.3622182 3363791.5304615 3701646.3085326 16332365.3784593 5375921.5612959 5622510.1990630 16997579.5222410 3465278.3607770 3672185.5481500 27540850.6118483 3503268.7637479 7662092.0014553 3502059.7303866 3343530.2947721 3495196.8275337 3503319.9518253 3506938.2536666 3500297.1006272 13749716.7222944 7110752.4688306 3572074.3270072 10156682.8330533 5623819.5701841 3402508.5664145 6448016.2036807 15233446.2630770 14405360.6193893 3472174.9141670 3292685.2540439 3445270.6353048 7488821.3388966 10909555.4109114 31761881.9864815 10996490.7337096 3508729.7404048 5862358.8982843 3502296.5063850 4436988.4799960 3947303.8822507 20513720.8455748 3679769.4815642 3570445.9388661       0.0000000 3502279.6988044 3502293.3539057 3218846.7604876
 320017.8271519     286.9387082    1583.3170824  179142.0309566 4417555.1147245  141304.2809242 1219494.5146069 19791130.5301123 7225056.3656500 4419388.0003531 16653792.6613650  199865.0124457 2150460.8697924 27888403.3180115 1007742.8743899 7334621.9008925     221.2609083  160462.8157512   28978.9723186  230141.5569731  207904.7410918   14996.0978269 13349997.5665017 6727615.5427716 1362085.6920629 10046607.9883179 4857769.2770765  536409.3542657 5936857.4587223 18695651.6327942 14481841.3198682   30213.7098954 6725064.8865073   58905.6707029 8888547.5744476 10374358.2370865 32093440.1132167 10935933.0733041  801474.0647321 9328537.9744487      20.5092849 3269604.7842464 2423710.3641102 20234290.6305598 1217436.1978542 1355618.2621644 3502279.6988044       0.0000000      72.3057862  284096.5901543
