      0.0000000      39.3218357      34.8507381      40.4516782      34.9577683      29.8882489      34.2152675      39.2307841      31.8000682      55.2606353      33.4372054      35.2930468      45.6023631      42.0008028      47.1369432      39.3292572      46.5819598      47.2437647      36.8022231      45.4671672    9997.6069576   10010.0920897   10007.3581200   10007.9443811   10015.3624732   10008.0210208   10008.9053068   10008.9859264   10017.4653696   10019.4828253    9984.8859922    9999.4570902    9997.3984606    9998.1720791   10003.0644562   10001.5574884   10025.0584138   10001.8334050    9991.4246440   10007.3342923   13823.0158104   13820.9118110   13819.6380474   13834.4548222   13799.0491426   13842.6683756   13806.7746473   13811.0282878   13809.8618302   13822.2865005   13818.5937265   13810.8780400   13827.5716325   13838.9802866   13821.4925076   13829.1893303   13837.5401267   13812.1516231   13809.3711899   13835.0926519   14776.1313491   14764.5829291   14770.1007122   14792.8233264   14775.5932810   14798.3433058   14785.5523898   14766.0373834   14794.0611436   14778.0852878   14761.6085892   14782.0841943   14772.6437007   14777.5980688   14774.5100104   14791.2392773   14790.4737657   14791.0899737   14802.5694124   14778.6068720   12139.5289053   12147.0702805   12153.4127168   12143.0867957   12142.5884167   12141.7713585   12121.0831167   12140.7311000   12137.0731709   12137.5701660   12134.1876286   12145.8366563   12136.7161474   12133.1321527   12142.2972004   12136.6797259   12152.8644424   12141.3070401   12119.9977145   12146.5843315
     39.3218357       0.0000000      33.8592974      43.2034340      23.8182467      28.5983478      37.8638288      42.2605628      49.7884597      43.1018566      37.1671965      33.5612408      36.0924228      47.5668208      50.7689541      26.6614074      37.7457651      45.0736826      48.5598988      51.4286069    9998.2665600   10010.8706203   10007.9774931   10008.6467763   10016.0443185   10008.6827517   10009.5887479   10009.7377869   10018.1542152   10020.1847645    9985.5957794   10000.1547818    9998.0753587    9998.9294352   10003.7257814   10002.2536056   10025.7760799   10002.5521192    9992.1222675   10008.0297261   13799.0894743   13796.9558961   13795.7120342   13810.5230707   13775.0979822   13818.7395167   13782.8417340   13787.0863049   13785.9340095   13798.3330672   13794.6421317   13786.9281380   13803.6633635   13815.0814070   13797.5350785   13805.2715991   13813.5992950   13788.2064415   13785.4634748   13811.1932727   14775.9063048   14764.3798391   14769.8648024   14792.6023212   14775.3723625   14798.0709986   14785.2980301   14765.8018244   14793.8497022   14777.8707974   14761.3756472   14781.8709193   14772.4479363   14777.3111652   14774.3144884   14791.0094900   14790.2498226   14790.8705313   14802.3401305   14778.3956201   12146.4304723   12154.0278189   12160.2857900   12150.0252474   12149.4624739   12148.6508989   12128.0324880   12147.6124150   12143.9552677   12144.4755288   12141.0669123   12152.6949230   12143.5893569   12140.0865517   12149.2778727   12143.5585113   12159.7747522   12148.2292776   12126.8686582   12153.4533787
     34.8507381      33.8592974       0.0000000      40.5955696      37.4380583      32.1792032      21.1394521      31.7709548      45.7839843      46.1532805      32.8957848      45.2984526      48.3310743      38.7966090      43.2380188      35.7538638      42.4272077      56.5458395      40.2730262      44.1015372   10000.4301466   10012.9298229   10010.1471459   10010.7219671   10018.1985185   10010.8092730   10011.7390916   10011.8023254   10020.2592777   10022.2662223    9987.6885119   10002.2656091   10000.1836100   10000.9987731   10005.8132496   10004.3091012   10027.8775296   10004.6496169    9994.2490854   10010.1281539   13799.4143458   13797.2578066   13796.0305312   13810.8519617   13775.4403131   13819.0418092   13783.1142763   13787.3877254   13786.2452822   13798.6582316   13794.9468278   13787.2746539   13803.9530870   13815.3396046   13797.8638964   13805.5549320   13813.8983158   13788.4816989   13785.7666202   13811.4727254   14763.6044326   14752.0737605   14757.6122854   14780.3069087   14763.0938623   14785.8350642   14772.9975671   14753.5545020   14781.5388767   14765.5658390   14749.0613388   14769.5807449   14760.1737214   14765.0463545   14762.0383305   14778.7325694   14777.9644523   14778.6031889   14790.0458392   14766.0858325   12151.6817443   12159.2365205   12165.5143290   12155.2845038   12154.7134670   12153.9333606   12133.2695409   12152.8661121   12149.2294845   12149.7400117   12146.3502966   12157.9972363   12148.8517722   12145.3126595   12154.5161844   12148.8267697   12165.0813862   12153.5130894   12132.1418653   12158.7108283
     40.4516782      43.2034340      40.5955696       0.0000000      42.3517974      48.3569263      46.4009499      42.8672502      44.3355925      57.2267200      41.6687586      40.4296643      40.7764043      21.6084281      34.2270469      42.5104055      43.0697994      70.7456768      46.6088674      54.2376984    9992.5243806   10004.9454459   10002.1973801   10002.7969992   10010.2848891   10002.9003931   10003.8172410   10003.8941772   10012.2784510   10014.3941592    9979.7815015    9994.3283889    9992.2583641    9993.1050775    9997.9133856    9996.4248434   10020.0246662    9996.7760462    9986.2531397   10002.2099109   13789.5487975   13787.4684692   13786.1500655   13800.9773660   13765.5621241   13809.1850999   13773.2836876   13777.5770592   13776.3993126   13788.8229079   13785.1220233   13777.3821992   13794.1218818   13805.5427521   13788.0325407   13795.6725018   13804.0900071   13778.7041537   13775.8690153   13801.5878525   14763.7386899   14752.2323530   14757.6483982   14780.4213584   14763.1979825   14785.9234184   14773.1243159   14753.6147230   14781.6450251   14765.7181612   14749.1605100   14769.6951766   14760.2576295   14765.1838950   14762.0888900   14778.8474495   14778.0568540   14778.7277147   14790.1569196   14766.1962593   12124.5369020   12132.1034197   12138.3542586   12128.0870981   12127.5543832   12126.7321510   12106.0786975   12125.6622998   12122.0411352   12122.5535418   12119.1391029   12130.7717327   12121.6832146   12118.1162745   12127.3384691   12121.6355563   12137.8813658   12126.3401658   12104.9341169   12131.5439039
     34.9577683      23.8182467      37.4380583      42.3517974       0.0000000      27.3273589      32.2901479      36.8384522      33.6455089      48.9586738      31.0577328      32.2888951      33.8259924      43.7986158      41.0356311      25.4631038      24.2145800      37.1354129      46.8860292      53.0892400   10010.7293309   10023.3377646   10020.4986416   10021.1340923   10028.5028959   10021.1684340   10022.0726906   10022.2305412   10030.6067484   10032.6572862    9998.0609610   10012.6482149   10010.5605557   10011.4134054   10016.2034653   10014.7303244   10038.2428792   10015.0146679   10004.5913434   10020.5041460   13810.5329189   13808.4195107   13807.1396203   13821.9702039   13786.5498469   13830.1944846   13794.2709584   13798.5471117   13797.3749860   13809.7927569   13806.0858404   13798.3932571   13815.1113052   13826.5470506   13808.9924000   13816.7106856   13825.0543528   13799.6566478   13796.8984395   13822.6136463   14778.0079972   14766.4820517   14771.9603449   14794.6876212   14777.4738715   14800.1675105   14787.4028243   14767.9132346   14795.9509045   14779.9728298   14763.4349300   14783.9692226   14774.5200639   14779.4050151   14776.3921060   14793.0733946   14792.3233293   14792.9770914   14804.4249306   14780.4916837   12150.2897362   12157.8666022   12164.1610388   12153.8554893   12153.3026277   12152.5093990   12131.8972480   12151.4501070   12147.8245753   12148.3087179   12144.9189863   12156.5291587   12147.4395894   12143.9220926   12153.0994534   12147.4109730   12163.6035319   12152.0640428   12130.7185999   12157.3320146
     29.8882489      28.5983478      32.1792032      48.3569263      27.3273589       0.0000000      24.9250327      36.7497494      35.2549309      43.2541755      32.0992942      32.6545623      37.3435112      45.6141288      43.6442137      21.3654077      34.3184349      42.7495216      31.2259651      36.2353498   10005.0913265   10017.6672007   10014.8852951   10015.4313236   10022.8734793   10015.5078243   10016.3917329   10016.5122767   10024.9414664   10026.9652896    9992.3897199   10006.9675823   10004.9123746   10005.7218289   10010.5134194   10009.0801931   10032.5818332   10009.3328053    9998.9610375   10014.8189698   13812.1724163   13810.0551801   13808.7977026   13823.6113567   13788.1941266   13831.8356550   13795.9345631   13800.1611275   13799.0061859   13811.4100504   13807.7359653   13800.0740604   13816.7213374   13828.1254503   13810.6198068   13818.3649500   13826.6840992   13801.2903030   13798.5510575   13824.2628458   14778.7706830   14767.2325839   14772.7647548   14795.4935660   14778.2522988   14800.9913428   14788.1981232   14768.7160427   14796.7314148   14780.7368752   14764.2269595   14784.7489335   14775.2958056   14780.2204412   14777.1745857   14793.9006437   14793.1160372   14793.7703960   14805.1990939   14781.2737210   12146.4722754   12154.0297015   12160.3645251   12150.0706080   12149.5076485   12148.7406934   12128.1040652   12147.6778486   12144.0282530   12144.5085702   12141.1619902   12152.7909176   12143.6677347   12140.1316648   12149.2957940   12143.6373785   12159.8374466   12148.2899384   12126.9471290   12153.5336269
     34.2152675      37.8638288      21.1394521      46.4009499      32.2901479      24.9250327       0.0000000      29.7690559      36.9012293      48.7935544      30.3380626      42.5879159      43.2950672      41.4109000      39.9663847      32.9447231      38.1954905      49.2331646      39.9958508      38.8167914   10008.7971384   10021.3469080   10018.5941856   10019.1205486   10026.5824270   10019.1999985   10020.1249084   10020.2061865   10028.6189206   10030.6499619    9996.0322779   10010.6691641   10008.5905899   10009.4109489   10014.1978555   10012.7084433   10036.2681598   10013.0292935   10002.6519947   10018.5058635   13808.7063082   13806.5567477   13805.2976955   13820.1433885   13784.7217675   13828.3421833   13792.4046375   13796.6756250   13795.5260642   13807.9548002   13804.2303224   13796.5955146   13813.2314664   13824.6280418   13807.1539257   13814.8454501   13823.1930963   13797.7784933   13795.0678492   13820.7515282   14771.5737428   14760.0429781   14765.5925452   14788.2738373   14771.0782761   14793.8119297   14780.9823194   14761.5356398   14789.5188328   14773.5502350   14757.0069013   14777.5613345   14768.1240087   14773.0141623   14769.9929347   14786.6877735   14785.9294971   14786.5879777   14798.0024021   14774.0710883   12156.3654723   12163.8969003   12170.2183569   12159.9600289   12159.3911724   12158.6228183   12137.9712254   12157.5657009   12153.9108751   12154.4084697   12151.0530175   12162.6771055   12153.5541404   12149.9960256   12159.1616214   12153.5114943   12169.7289236   12158.1942959   12136.8118421   12163.4005100
     39.2307841      42.2605628      31.7709548      42.8672502      36.8384522      36.7497494      29.7690559       0.0000000      35.6539935      32.6288502      31.0965584      38.9294710      32.7251690      39.3886936      29.1551050      32.0585190      37.5784976      45.3436141      38.0611751      34.4606788   10013.9596138   10026.4927338   10023.7389674   10024.3102021   10031.7510483   10024.3673271   10025.3191049   10025.3919863   10033.8121040   10035.8775667   10001.2561295   10015.8545397   10013.7492896   10014.5601253   10019.3892133   10017.9157816   10041.4479837   10018.2195481   10007.8045354   10023.7513208   13807.0918210   13804.9472165   13803.6885501   13818.5160878   13783.0702882   13826.7321104   13790.7298393   13795.0747223   13793.9378848   13806.3189265   13802.5900145   13794.9358658   13811.6327806   13822.9718137   13805.5135943   13813.2024196   13821.5563427   13796.1620709   13793.3896675   13819.1120925   14782.9124523   14771.3786587   14776.8628091   14799.6009825   14782.3733655   14805.1116033   14792.2959123   14772.8394422   14800.8230643   14784.8708107   14768.3199549   14788.8886366   14779.4517453   14784.3357069   14781.3041781   14798.0061461   14797.2396201   14797.9169473   14809.3265210   14785.3830805   12152.6114132   12160.1465262   12166.4277292   12156.1806222   12155.5945136   12154.8510090   12134.1701611   12153.7664720   12150.1491246   12150.6167887   12147.2811262   12158.8808617   12149.7582474   12146.2094750   12155.4488473   12149.7381264   12165.9625665   12154.4155784   12133.0230460   12159.6568531
     31.8000682      49.7884597      45.7839843      44.3355925      33.6455089      35.2549309      36.9012293      35.6539935       0.0000000      56.3778533      28.6654174      36.6510151      41.1093469      40.0521368      34.0395876      35.9295036      35.9912498      48.8753283      37.1143624      50.0471885   10017.6732463   10030.1713693   10027.4504177   10028.0189301   10035.4519850   10028.0942407   10028.9726217   10029.0812951   10037.4660546   10039.5663507   10004.9642773   10019.5514280   10017.4877543   10018.2559267   10023.0785500   10021.6515318   10045.1730228   10021.9324699   10011.5294725   10027.4027514   13824.0493415   13821.9861852   13820.6609142   13835.4966950   13800.0820857   13843.7184871   13807.7813013   13812.0774504   13810.8977300   13823.3044907   13819.6136189   13811.9526342   13828.6220135   13840.0375529   13822.5224124   13830.1971712   13838.5907304   13813.1956367   13810.3815620   13836.0997752   14776.8379634   14765.2999717   14770.7717731   14793.5324408   14776.2935339   14799.0342548   14786.2563835   14766.7621141   14794.7824705   14778.7975465   14762.2392203   14782.7845742   14773.3129719   14778.2749218   14775.1799956   14791.9212611   14791.1298213   14791.8334018   14803.2349376   14779.3102374   12144.5803482   12152.1043976   12158.4593958   12148.1075793   12147.5899119   12146.8319417   12126.1656709   12145.7243368   12142.1212758   12142.5786811   12139.2260213   12150.8531453   12141.7489730   12138.1730757   12147.3480340   12141.7188532   12157.8968371   12146.3593259   12125.0013376   12151.6520723
     55.2606353      43.1018566      46.1532805      57.2267200      48.9586738      43.2541755      48.7935544      32.6288502      56.3778533       0.0000000      52.0650788      40.5991838      40.2327525      59.7671963      44.3649386      38.0715673      47.8390276      51.6271714      45.2324134      35.5513179   10003.7846363   10016.3842366   10013.5720021   10014.1575597   10021.5845636   10014.1942768   10015.1159884   10015.2559496   10023.6765866   10025.7308118    9991.1685537   10005.7126112   10003.6012895   10004.4362428   10009.2034550   10007.8216944   10031.3037609   10008.0900561    9997.6581352   10013.6326388   13794.1116522   13791.9815155   13790.7460251   13805.5471404   13770.1032970   13813.7966538   13777.7861699   13782.1010061   13780.9747041   13793.3238833   13789.6189141   13781.9730912   13798.6583353   13809.9765271   13792.5188077   13800.2881932   13808.5767240   13783.1935763   13780.4209078   13806.1944202   14790.4266103   14778.9075793   14784.3511370   14807.1309610   14789.8655224   14812.6281562   14799.8066281   14780.3440344   14808.3462334   14792.3751131   14775.8396612   14796.4174891   14786.9731829   14791.8525179   14788.8422816   14805.5530375   14804.7701111   14805.4215785   14816.8456990   14792.9041208   12146.1260645   12153.6809648   12159.9483470   12149.7098920   12149.1019968   12148.3724469   12127.7394145   12147.3023224   12143.6741264   12144.1387324   12140.8132996   12152.4215237   12143.2631793   12139.7653835   12149.0391595   12143.2565048   12159.5072997   12147.9268576   12126.5613677   12153.1648456
     33.4372054      37.1671965      32.8957848      41.6687586      31.0577328      32.0992942      30.3380626      31.0965584      28.6654174      52.0650788       0.0000000      38.1900446      35.4934194      34.8966112      42.8672930      29.3496868      39.3952567      46.7980831      42.0267531      51.0805083   10014.6726373   10027.1878031   10024.3624487   10025.0145491   10032.4718095   10025.0737946   10025.9977096   10026.0660050   10034.4805172   10036.5692282   10001.9279526   10016.5263644   10014.4612902   10015.2165807   10020.0748188   10018.6012979   10042.1680093   10018.9255438   10008.5624109   10024.3862544   13815.7015352   13813.5817852   13812.3117306   13827.1402447   13791.6992246   13835.3225750   13799.4024090   13803.6961482   13802.5468342   13814.9211702   13811.2364828   13803.5631346   13820.2789156   13831.6703337   13814.1426336   13821.8034374   13830.2072964   13804.8143649   13802.0430015   13827.7433446   14769.3833093   14757.8287657   14763.3379349   14786.0886039   14768.8489955   14791.5552595   14778.7881429   14759.3017278   14787.3260076   14771.3449744   14754.8290665   14775.3256123   14765.8987992   14770.7911817   14767.7493222   14784.4758574   14783.6928062   14784.3803668   14795.7909446   14771.8639152   12152.9196608   12160.4680455   12166.7565186   12156.4889941   12155.9363856   12155.1738283   12134.4712259   12154.0658658   12150.4370161   12150.9459334   12147.5633959   12159.1917111   12150.0923616   12146.5370438   12155.7149227   12150.0632225   12166.2494360   12154.7400779   12133.3133862   12159.9727799
     35.2930468      33.5612408      45.2984526      40.4296643      32.2888951      32.6545623      42.5879159      38.9294710      36.6510151      40.5991838      38.1900446       0.0000000      28.5649062      49.2937606      40.2457021      35.1932256      39.6782256      45.2486020      45.7706454      43.8861239    9991.8271298   10004.4141706   10001.5968713   10002.2323676   10009.6284754   10002.2598090   10003.1427591   10003.3053013   10011.6650592   10013.7821513    9979.1614163    9993.7530980    9991.6715997    9992.4725390    9997.2602960    9995.8657089   10019.3720631    9996.1506977    9985.7271769   10001.6238881   13806.5396173   13804.4808321   13803.1713614   13818.0079549   13782.5767771   13826.2397629   13790.3170086   13794.5890362   13793.4137627   13805.8028541   13802.1162571   13794.4439558   13811.1292947   13822.5320450   13805.0109520   13812.7416669   13821.0802446   13795.7224048   13792.9103442   13818.6523220   14776.6657432   14765.1415378   14770.5578292   14793.3456519   14776.0997674   14798.8373968   14786.0713395   14766.5294617   14794.5913824   14778.6310030   14762.0911214   14782.6326807   14773.1531250   14778.0943475   14775.0175984   14791.7563469   14790.9931970   14791.6239794   14803.0748991   14779.1481360   12130.9334567   12138.4686428   12144.7834227   12134.4761131   12133.9481786   12133.1645330   12112.5253583   12132.1208381   12128.4478263   12128.9624049   12125.5828175   12137.2097609   12128.0943993   12124.5556898   12133.7320224   12128.0519111   12144.2288618   12132.7058229   12111.3269598   12137.9580171
     45.6023631      36.0924228      48.3310743      40.7764043      33.8259924      37.3435112      43.2950672      32.7251690      41.1093469      40.2327525      35.4934194      28.5649062       0.0000000      41.3717582      37.2544725      28.5073811      37.1171695      47.2545560      47.3764964      41.7056289   10006.5749681   10019.1679640   10016.3485095   10016.9639644   10024.3911953   10017.0028811   10017.9452225   10018.0598534   10026.4130228   10028.5467837    9993.8721040   10008.4837494   10006.4003435   10007.2362762   10012.0393162   10010.5978446   10034.1337751   10010.8763396   10000.4439283   10016.3735546   13801.7881782   13799.6767397   13798.3785214   13813.2100830   13777.7403347   13821.4351038   13785.4871883   13789.7942413   13788.6432850   13801.0137567   13797.3170376   13789.6340618   13806.3591593   13817.7277932   13800.2120223   13807.9135696   13816.2850512   13790.9294516   13788.1166218   13813.8281105   14786.8883362   14775.3585621   14780.7934241   14803.5821263   14786.3410750   14809.0383792   14796.2842868   14776.7629773   14804.8033737   14788.8702310   14772.3033765   14792.8628780   14783.3965729   14788.2958525   14785.2330699   14801.9745921   14801.2030478   14801.8865712   14813.2890131   14789.3761041   12138.2176201   12145.7766606   12152.0416541   12141.7892820   12141.2024850   12140.4362763   12119.7772501   12139.3716556   12135.7175345   12136.2114862   12132.8681918   12144.4435006   12135.3761791   12131.8358675   12141.0402897   12135.3315519   12151.5118782   12140.0252439   12118.5818206   12145.2489198
     42.0008028      47.5668208      38.7966090      21.6084281      43.7986158      45.6141288      41.4109000      39.3886936      40.0521368      59.7671963      34.8966112      49.2937606      41.3717582       0.0000000      33.5852559      37.2249500      42.0351580      71.1964088      39.3562830      51.7017324   10008.3450130   10020.7390660   10018.0197734   10018.5739032   10026.1093562   10018.7075208   10019.6364371   10019.6683827   10028.0778134   10030.1803850    9995.5628208   10010.1129925   10008.0614180   10008.8901838   10013.7147830   10012.2138556   10035.8279999   10012.5533015   10002.0662020   10017.9880001   13795.6835016   13793.5749022   13792.2700856   13807.0881521   13771.6644197   13815.2854128   13779.3801580   13783.6733643   13782.5123875   13794.9254000   13791.2337863   13783.5089090   13800.2360009   13811.6412885   13794.1410514   13801.7614573   13810.2036878   13784.8016003   13781.9833023   13807.6799894   14767.4433733   14755.9225482   14761.3939633   14784.1553977   14766.9254800   14789.6451640   14776.8413262   14757.3648742   14785.3671569   14769.4261446   14752.8671203   14773.3975615   14763.9724016   14768.8921564   14765.7993267   14782.5693715   14781.7524194   14782.4725514   14793.8569861   14769.9091130   12135.1295523   12142.6994868   12148.9572036   12138.7007476   12138.1428250   12137.3486519   12116.6714411   12136.2409630   12132.6449730   12133.1309644   12129.7506511   12141.3726637   12132.2947817   12128.7150585   12137.9383106   12132.2524514   12148.5004648   12136.9673880   12115.5411765   12142.1649111
     47.1369432      50.7689541      43.2380188      34.2270469      41.0356311      43.6442137      39.9663847      29.1551050      34.0395876      44.3649386      42.8672930      40.2457021      37.2544725      33.5852559       0.0000000      36.9694792      29.1728891      63.2188312      38.2189225      41.9322281   10009.2999838   10021.7894906   10019.1006478   10019.6010184   10027.0778401   10019.6999875   10020.6215375   10020.7247401   10029.0678414   10031.1859113    9996.6053731   10011.1736599   10009.0809439   10009.9334458   10014.6745992   10013.2612150   10036.8157755   10013.5595575   10003.0834796   10019.0442255   13794.3009369   13792.2213965   13790.9026107   13805.7368758   13770.3151215   13813.9737150   13777.9925102   13782.3237473   13781.1499929   13793.5570406   13789.8462210   13782.1924961   13798.8573011   13810.2408061   13792.7612624   13800.4450614   13808.8167053   13783.4262830   13780.6072381   13806.3277832   14774.0897231   14762.5878413   14768.0092517   14790.7802827   14773.5494807   14796.3003023   14783.4794287   14764.0159440   14792.0041476   14776.0630058   14759.4468961   14780.0742261   14770.5988667   14775.5329885   14772.4516760   14789.1898934   14788.3943110   14789.1145314   14800.4886064   14776.5556647   12134.3497520   12141.8863984   12148.1797110   12137.9010720   12137.3169069   12136.5806562   12115.9542065   12135.4715219   12131.8931555   12132.3347916   12128.9998194   12140.5995488   12131.4864017   12127.9414155   12137.1839307   12131.4616798   12147.7102523   12136.1524203   12114.7617993   12141.3917337
     39.3292572      26.6614074      35.7538638      42.5104055      25.4631038      21.3654077      32.9447231      32.0585190      35.9295036      38.0715673      29.3496868      35.1932256      28.5073811      37.2249500      36.9694792       0.0000000      27.9599853      46.6592561      30.6637963      40.5251939   10015.2460534   10027.7980903   10024.9864930   10025.5714490   10033.0287705   10025.6488676   10026.5457268   10026.6681902   10035.0777033   10037.1365501   10002.5606200   10017.1050937   10015.0439322   10015.8780045   10020.6583717   10019.2334453   10042.7584293   10019.5051612   10009.0795631   10024.9787026   13803.7122297   13801.5942227   13800.3260966   13815.1289256   13779.7003978   13823.3574133   13787.4331821   13791.6936550   13790.5459143   13802.9296857   13799.2531288   13791.5686368   13808.2694198   13819.6665299   13802.1414807   13809.8608805   13818.2203130   13792.8178981   13790.0450541   13815.7732346   14783.1364529   14771.6082454   14777.0980730   14799.8617868   14782.6086144   14805.3268182   14792.5430012   14773.0732749   14801.0933824   14785.1033560   14768.5695519   14789.1001562   14779.6620983   14784.5587257   14781.5253829   14798.2604146   14797.4529028   14798.1504318   14809.5500996   14785.6249871   12148.4309771   12156.0150785   12162.3001373   12152.0191435   12151.4390943   12150.6756162   12130.0467422   12149.5806850   12145.9708738   12146.4368869   12143.0852235   12154.7002519   12145.5989257   12142.0760426   12151.2887863   12145.5753569   12161.7994901   12150.2510191   12128.8759327   12155.4887324
     46.5819598      37.7457651      42.4272077      43.0697994      24.2145800      34.3184349      38.1954905      37.5784976      35.9912498      47.8390276      39.3952567      39.6782256      37.1171695      42.0351580      29.1728891      27.9599853       0.0000000      51.7982215      44.1221531      52.5519814   10012.3587460   10024.9490139   10022.1649636   10022.7210782   10030.1320032   10022.7911112   10023.7095218   10023.8559430   10032.1978871   10034.2657183    9999.7175643   10014.2712031   10012.1804823   10013.0509602   10017.7890781   10016.3649272   10039.8799664   10016.6167421   10006.1980392   10022.1233833   13799.1845137   13797.0868285   13795.8065173   13810.6261142   13775.2078242   13818.8624469   13782.9190738   13787.2128324   13786.0330255   13798.4339755   13794.7514380   13787.0838252   13803.7718122   13815.1896669   13797.6415265   13805.3781884   13813.7040576   13788.3176004   13785.5453370   13811.2525350   14771.8615198   14760.3461328   14765.8050319   14788.5579278   14771.3229990   14794.0324169   14781.2569290   14761.7903402   14789.7984625   14773.8262640   14757.2460062   14777.8424783   14768.3692315   14773.2714452   14770.2412209   14786.9366286   14786.1599188   14786.8647359   14798.2676557   14774.3435214   12141.1343239   12148.7136136   12154.9988617   12144.7172846   12144.1080681   12143.3754536   12122.7799259   12142.2622265   12138.6959312   12139.1323449   12135.7795558   12147.3702157   12138.2681932   12134.7780153   12143.9891484   12138.2639990   12154.4891786   12142.9304797   12121.5749369   12148.1993735
     47.2437647      45.0736826      56.5458395      70.7456768      37.1354129      42.7495216      49.2331646      45.3436141      48.8753283      51.6271714      46.7980831      45.2486020      47.2545560      71.1964088      63.2188312      46.6592561      51.7982215       0.0000000      62.0594438      59.0673732   10017.7076769   10030.4209791   10027.5482057   10028.2301780   10035.5055175   10028.1941194   10029.1149471   10029.2809241   10037.7121028   10039.7231074   10005.0895907   10019.7202511   10017.6067689   10018.4025740   10023.2786128   10021.7951270   10045.2161811   10022.0223088   10011.6853521   10027.6105083   13835.0255312   13832.8760471   13831.6384712   13846.4662460   13811.0151875   13854.7000889   13818.7200576   13823.0282629   13821.8832649   13834.2623801   13830.5394543   13822.8754862   13839.5976670   13850.9704357   13833.4466270   13841.2131955   13849.4985671   13824.1212289   13821.3851389   13847.1181956   14798.4735647   14786.9106313   14792.4253823   14815.1404803   14797.9152090   14820.6142026   14807.8716171   14788.3668654   14816.4051333   14800.4133362   14783.9248169   14804.4348569   14794.9814638   14799.8543542   14796.8666599   14813.5088701   14812.7999692   14813.4077426   14824.8938164   14800.9631264   12165.3805682   12172.9304884   12179.2588332   12168.9415483   12168.3894548   12167.6203035   12146.9592210   12166.5885761   12162.9251818   12163.3999534   12160.0517080   12171.6414750   12162.5347574   12159.0164756   12168.1863060   12162.5199707   12178.6507659   12167.1208154   12145.8092951   12172.4499791
     36.8022231      48.5598988      40.2730262      46.6088674      46.8860292      31.2259651      39.9958508      38.0611751      37.1143624      45.2324134      42.0267531      45.7706454      47.3764964      39.3562830      38.2189225      30.6637963      44.1221531      62.0594438       0.0000000      33.3375123   10010.9395281   10023.3691816   10020.6951875   10021.1725146   10028.6956294   10021.3128781   10022.1762417   10022.2491385   10030.7288190   10032.7576786    9998.2362876   10012.7343278   10010.6973378   10011.4881781   10016.2985128   10014.8912230   10038.3990057   10015.1395409   10004.7027089   10020.6205317   13809.0505744   13806.9564432   13805.6830827   13820.4662089   13785.0662929   13828.7061152   13792.7848850   13797.0305066   13795.8818012   13808.2759955   13804.6150132   13796.9312845   13813.5797274   13824.9558269   13807.4961085   13815.2103283   13823.5674751   13798.1570095   13795.3586345   13821.1040243   14782.9225678   14771.3917143   14776.9021631   14799.6703627   14782.3946331   14805.1815147   14792.3515188   14772.8923223   14800.8787193   14784.8783949   14768.3623097   14788.8879785   14779.4457680   14784.4148291   14781.3147029   14798.0966069   14797.2499997   14797.9533776   14809.3468453   14785.4005487   12138.8386661   12146.3947061   12152.7319120   12142.4180208   12141.8664008   12141.1117915   12120.4536232   12140.0024901   12136.4108069   12136.8441565   12133.5239008   12145.1704497   12136.0280904   12132.4618298   12141.6922818   12136.0110452   12152.2620199   12140.6651167   12119.3443155   12145.9219783
     45.4671672      51.4286069      44.1015372      54.2376984      53.0892400      36.2353498      38.8167914      34.4606788      50.0471885      35.5513179      51.0805083      43.8861239      41.7056289      51.7017324      41.9322281      40.5251939      52.5519814      59.0673732      33.3375123       0.0000000   10000.3139842   10012.8412112   10010.1702812   10010.6087134   10018.1092019   10010.7105038   10011.6271554   10011.6976885   10020.1430517   10022.1902536    9987.5795205   10002.1797471   10000.1096842   10000.9314340   10005.7211270   10004.2944956   10027.8020611   10004.5479299    9994.1296777   10010.0719282   13803.1091926   13800.9746613   13799.7091654   13814.5269958   13779.0871420   13822.7686433   13786.8015991   13791.0724731   13789.9415408   13802.3384326   13798.6313308   13790.9940811   13807.6062261   13818.9322997   13801.5293927   13809.2634051   13817.5781695   13792.1963704   13789.4280693   13815.1495764   14791.8111743   14780.2854030   14785.7955868   14808.5357714   14791.2946409   14814.0799760   14801.2323653   14781.7609067   14809.7354132   14793.7883505   14777.2416923   14797.8219852   14788.3584968   14793.3035090   14790.2167494   14806.9759164   14806.1823080   14806.8429796   14818.2409765   14794.3091566   12139.2938350   12146.8133399   12153.1467786   12142.8924286   12142.3066999   12141.5581211   12120.8936187   12140.5169688   12136.8453378   12137.3095412   12134.0259460   12145.6316297   12136.4939688   12132.9184581   12142.1343202   12136.4496722   12152.6780884   12141.1295860   12119.7571780   12146.3389079
   9997.6069576    9998.2665600   10000.4301466    9992.5243806   10010.7293309   10005.0913265   10008.7971384   10013.9596138   10017.6732463   10003.7846363   10014.6726373    9991.8271298   10006.5749681   10008.3450130   10009.2999838   10015.2460534   10012.3587460   10017.7076769   10010.9395281   10000.3139842       0.0000000      58.9936017      57.0641576      50.1727810      27.6614143      25.2407560      44.9188238      54.1207607      53.4782837      45.9619454      48.4055419      43.0583853      31.3955216      50.7191456      49.9550365      45.2285467      40.0987204      36.6454726      54.5612819      49.8295654   13729.1327311   13734.3784801   13735.7036006   13747.7291347   13723.7685512   13752.3136100   13740.3239779   13732.4735547   13726.9857402   13738.7877749   13741.6608759   13730.7117711   13737.9165050   13747.1564017   13738.0442805   13753.2336468   13745.2199324   13739.0517096   13736.2044010   13754.0691192   13770.4322936   13763.6848287   13759.6329355   13779.0050794   13765.6278213   13789.8705362   13779.3794662   13747.9093009   13775.5424641   13773.3241371   13769.5644183   13781.7636829   13768.9903973   13782.6085241   13769.5061894   13786.7129921   13793.8625780   13770.6750962   13797.2780778   13773.9676122    8580.9504409    8580.9308362    8582.4234052    8589.5196608    8593.0738586    8581.8697155    8568.6356057    8602.6299559    8576.8134167    8598.4375087    8583.6759185    8598.1382970    8582.8620689    8583.0334640    8578.2760543    8578.5177509    8587.7821014    8582.0749953    8570.7958399    8571.9915496
  10010.0920897   10010.8706203   10012.9298229   10004.9454459   10023.3377646   10017.6672007   10021.3469080   10026.4927338   10030.1713693   10016.3842366   10027.1878031   10004.4141706   10019.1679640   10020.7390660   10021.7894906   10027.7980903   10024.9490139   10030.4209791   10023.3691816   10012.8412112      58.9936017       0.0000000      55.4589742      32.8353662      51.9890458      42.1198843      47.3630244      26.4098879      49.7888784      44.5089104      63.6770087      31.3860225      36.8478937      41.2989427      54.5091266      44.8257004      52.8613150      53.1520219      48.9698761      44.1488489   13729.1593711   13734.4570924   13735.7439213   13747.7280449   13723.8392473   13752.2840539   13740.3799961   13732.5061794   13727.0129643   13738.8309419   13741.7340271   13730.7090532   13737.9176006   13747.1583675   13738.1174531   13753.1881410   13745.2841587   13739.1040657   13736.1692000   13754.0423672   13760.7582841   13754.0306405   13749.9513467   13769.3495096   13755.9537579   13780.2607293   13769.7118156   13738.2448730   13765.8400933   13763.6473944   13759.9395091   13772.0486062   13759.3256516   13773.0390828   13759.8058046   13777.1260977   13784.1844002   13761.0116631   13787.6034680   13764.2487791    8562.5327607    8562.4812774    8563.9551353    8571.0654887    8574.7443592    8563.4396532    8550.1369139    8584.1934143    8558.3823241    8580.0689468    8565.2270505    8579.8026308    8564.4842236    8564.5358909    8559.8117464    8560.1125606    8569.4644848    8563.6998589    8552.4600242    8553.5252765
  10007.3581200   10007.9774931   10010.1471459   10002.1973801   10020.4986416   10014.8852951   10018.5941856   10023.7389674   10027.4504177   10013.5720021   10024.3624487   10001.5968713   10016.3485095   10018.0197734   10019.1006478   10024.9864930   10022.1649636   10027.5482057   10020.6951875   10010.1702812      57.0641576      55.4589742       0.0000000      60.4456446      58.6361910      45.2320194      53.2012788      54.3531489      62.5965186      63.0940439      71.3404269      47.0039453      45.7308890      47.3911721      59.1364102      53.2962811      63.6311437      69.2007912      73.1209716      56.5492554   13721.8390856   13727.1156829   13728.4511259   13740.4353530   13716.5134755   13744.9568724   13733.0786434   13725.1980570   13719.7204376   13731.4754037   13734.3961386   13723.3530580   13730.6714003   13739.9344595   13730.7731775   13745.8720287   13737.9636107   13731.7953563   13728.9008727   13746.7946320   13752.3024889   13745.5595378   13741.4439068   13760.8748929   13747.4650756   13771.6815896   13761.2191317   13729.7171052   13757.4024305   13755.1785106   13751.5300934   13763.5567518   13750.8773557   13764.4642526   13751.3593812   13768.6189513   13775.7178722   13752.4932794   13779.1409310   13755.8013898    8585.5226837    8585.5667478    8586.9154963    8594.0536641    8597.6992332    8586.4022486    8573.1121599    8607.0954917    8581.3052743    8603.0517287    8588.1139499    8602.6843150    8587.4139725    8587.5823290    8582.8736824    8583.0697602    8592.3871360    8586.6771867    8575.3181058    8576.5087451
  10007.9443811   10008.6467763   10010.7219671   10002.7969992   10021.1340923   10015.4313236   10019.1205486   10024.3102021   10028.0189301   10014.1575597   10025.0145491   10002.2323676   10016.9639644   10018.5739032   10019.6010184   10025.5714490   10022.7210782   10028.2301780   10021.1725146   10010.6087134      50.1727810      32.8353662      60.4456446       0.0000000      47.1018664      30.7324686      40.7790805      24.4694483      40.8038955      26.0338359      54.6473981      21.3231282      30.2543005      48.6196475      40.4202544      38.2558937      48.8459684      40.4052433      46.0952174      27.5501872   13715.0714421   13720.3416774   13721.6623362   13733.6451727   13709.7553360   13738.2057376   13726.3287576   13718.3986114   13712.9124818   13724.7302912   13727.6532734   13716.6774513   13723.8129159   13733.0510973   13724.0131672   13739.1498672   13731.1765865   13725.0093507   13722.1437214   13739.9802676   13759.6219310   13752.9043708   13748.8757558   13768.2485159   13754.8571121   13779.1552093   13768.5899352   13737.1602056   13764.7342302   13762.5322930   13758.7943901   13770.9587345   13758.2201291   13771.9021094   13758.7151153   13776.0223518   13783.0760566   13759.9231834   13786.4744727   13763.1527314    8568.1659233    8568.1429324    8569.6173280    8576.7852001    8580.3532691    8569.1156697    8555.8850814    8589.8533798    8564.0466635    8585.7003506    8570.9246457    8585.4623780    8570.1441616    8570.2569119    8565.5174538    8565.7769301    8575.1588798    8569.4054230    8558.1265688    8559.1737829
  10015.3624732   10016.0443185   10018.1985185   10010.2848891   10028.5028959   10022.8734793   10026.5824270   10031.7510483   10035.4519850   10021.5845636   10032.4718095   10009.6284754   10024.3911953   10026.1093562   10027.0778401   10033.0287705   10030.1320032   10035.5055175   10028.6956294   10018.1092019      27.6614143      51.9890458      58.6361910      47.1018664       0.0000000      29.5042020      41.7864057      51.9410297      57.3363361      36.3999699      63.6315241      43.4890534      34.5087578      57.4398405      57.9640585      47.9302890      24.1860528      36.3214026      47.5153833      49.8982964   13736.5941175   13741.8509790   13743.1851089   13755.1793932   13731.2829922   13759.7707442   13747.8406575   13739.9598011   13734.4577768   13746.2844972   13749.1638656   13738.1690972   13745.3721672   13754.6292671   13745.5379710   13760.7349398   13752.6894129   13746.5339857   13743.6835283   13761.5448978   13776.4392784   13769.7127336   13765.6542666   13784.9915674   13771.6315621   13795.8802138   13785.3789987   13753.9169094   13781.5258839   13779.3198640   13775.6081112   13787.7655785   13775.0084543   13788.6502074   13775.5316041   13792.7224805   13799.8744966   13776.6421931   13803.2900680   13779.9590695    8581.1754094    8581.1678176    8582.6541915    8589.7404492    8593.3368673    8582.0696951    8568.8982244    8602.8773677    8577.0715304    8598.6944009    8583.8939140    8598.3750210    8583.0849444    8583.2625576    8578.5010147    8578.7480366    8588.0267595    8582.2658200    8571.1375187    8572.1965646
