      0.0000000       3.5499784       0.8686851       3.1872642       2.5697823       2.7815023       2.0634529       1.8927570       0.8323881       2.7915790       2.3313927       2.5234835       3.6083117       1.0411525       3.3568788       3.5590130       2.1116507       2.0544139       2.5818587       1.8119783       3.1967385       2.2608006       3.4857994       3.1335069       2.2516950       3.9025373       1.9810887       2.2019485       1.6087036       2.2000961       0.9162058       2.5612303       2.0764701       1.9892320       1.8067956       2.0314384       2.1687274       1.9872793       1.5339133       3.7921445       2.4480035       2.1871078       1.1629448       0.8777692       3.3531375       2.5912911       1.1075028       2.6089210       1.4586557       1.7862184       3.0856518       1.2683923       1.9080870       2.7877055       1.7431976       2.5180547       1.4089238       3.2343131       2.4708952       2.3166034       3.2112206       0.6073764       1.5836424       2.6129459       2.1109608       3.5982832       1.8495422       2.6093152       3.3644992       3.5712241       2.6529276       2.6925704       2.1863681       2.8750070       1.0013185       0.8907738       2.4830203       3.0045700       1.9642716       2.8643480       2.2074172       3.2612026       2.5513949       2.9571770       5.1780965       3.9312891       1.3528015       3.4533075       2.4842978       1.6388336       2.6310292       0.8559256       3.5876210       0.2959281       2.2439136       1.6998427       2.8475542       2.0170800       1.9781164       1.4367230
      3.5499784       0.0000000       4.1777014       1.0452934       3.7317321       1.7620141       1.6630387       3.5752021       3.3229976       3.0533273       2.0843762       2.7662475       4.0115257       2.5320299       2.5146954       4.4744610       2.8729860       2.8917591       3.2691321       3.8088607       2.8588190       2.3869242       5.0420925       2.9441519       2.8930981       3.4738408       2.4559685       2.9281915       2.1984068       3.7985367       3.0552682       2.4582340       2.0086192       4.1583888       1.9260774       1.8373055       1.4853809       2.0016742       3.4480707       2.7760868       4.0710245       5.4013164       2.9642018       2.7795721       3.1142888       1.2884132       2.9425464       3.2027623       2.9595108       3.4879842       4.7572670       3.9564080       2.6877058       1.9014387       3.3044270       2.6734050       4.5843942       3.2982095       3.9544146       2.1398352       2.8654597       3.0639223       3.1198720       2.8672469       4.2061493       2.7901543       2.6821110       4.8738034       2.7179067       4.7009482       4.1353802       3.8408148       4.2808586       3.1422559       2.9441565       4.3381614       2.7846259       4.2924632       2.5619797       4.0485602       2.6462464       3.4560659       4.6349464       2.4097772       3.3504893       3.1213417       3.1973090       1.9808123       2.8738651       2.1423502       3.6700824       2.9876233       2.1122523       3.5075732       2.6360374       2.9178036       2.2561819       1.9490818       3.1178810       3.8863852
      0.8686851       4.1777014       0.0000000       3.8184274       2.2537669       3.1419038       2.5924246       1.7772612       0.9558064       2.7337764       2.6611439       2.6127209       3.3137068       1.6690639       3.5074660       3.1228631       2.1306964       2.2337860       2.4298056       1.4416564       3.2156090       2.4271361       3.0104849       3.3184844       2.2787106       3.8283717       2.2153193       2.1660540       2.0361699       1.8182207       1.2944843       2.6726782       2.4273501       1.4192485       2.3735713       2.5213364       2.7455033       2.4528613       1.5413100       3.8530347       2.0106111       1.4468747       1.8781014       1.4019880       3.2855715       3.0648812       1.3406325       2.5006121       1.5307805       1.5454552       2.7462452       1.3481150       2.0105886       3.1639117       1.5763603       2.5979939       1.5557832       3.4430329       2.0506065       2.5719460       3.2083535       1.2264850       1.5500349       2.6457007       1.9095888       3.6388906       2.1565583       1.8877010       3.7875312       3.1230048       2.2936888       2.4436431       1.5965346       2.8809537       1.7777553       0.9005599       2.5091912       2.5639037       2.4404983       2.6268622       2.3101642       3.1630873       1.8958365       3.1275217       5.2799544       3.9700541       1.3412857       3.6876674       2.5397110       2.0932120       2.5160186       1.4701915       3.8014562       0.8317430       2.3703426       1.7254531       3.0251897       2.4117833       1.8897668       1.0151946
      3.1872642       1.0452934       3.8184274       0.0000000       3.6898121       2.1892660       1.3337386       2.9706525       3.1113616       3.1897806       2.3528765       3.0163517       4.0122965       2.2568154       2.1810447       4.3675024       2.5340648       3.1179306       3.0287015       3.3841397       2.6304992       2.2110552       4.4650415       3.4902933       2.4809774       3.8224425       2.0242473       2.7805094       1.9836770       3.5161229       2.5625930       2.4081411       2.0236362       3.9155677       1.4533544       1.3857129       1.5861073       1.4627319       3.4847364       2.8424090       4.0212878       5.1770040       2.3511492       2.4613523       3.1515106       1.3657108       2.5727633       2.8762666       2.6327778       3.1284661       4.9793034       3.2892646       2.6132433       2.4101802       3.1418458       2.3241194       4.3852545       2.3964237       3.7999444       1.9083509       2.9894385       2.6332760       2.7623678       2.4546385       3.4866998       2.9649293       2.0129281       4.6228521       3.4243282       4.8170377       4.2367867       4.0022545       4.0478792       2.5952994       2.4094766       3.8443766       2.8775439       3.9604962       2.8375071       4.2818204       2.7280343       3.7674792       4.4006236       2.7798964       3.5474327       2.8248263       3.0716823       2.2171057       2.3902178       1.8515473       3.0217709       2.8602516       2.1757788       3.2231143       2.2157105       2.7032197       2.4838993       1.6971881       3.0431293       3.7303487
      2.5697823       3.7317321       2.2537669       3.6898121       0.0000000       2.1670021       2.4617646       2.0503400       1.7791557       0.8682189       1.8580453       1.2923227       1.1362529       2.2926137       2.3801471       1.1677519       1.3759643       1.6660669       1.0207846       1.4427566       1.8032095       1.4914692       2.6163472       2.2273722       1.5780586       1.7288253       1.8594989       0.9296078       1.9442717       0.8636561       2.2171393       1.3668328       1.8052854       1.0264153       2.5396319       2.4216002       2.5418994       2.4275748       1.6398667       2.1129715       0.5111224       2.7248567       3.1252533       2.1134954       1.3466735       2.4695779       1.7868218       1.3287283       1.4536023       1.2119530       2.0530169       2.9156404       1.1623556       2.2797708       0.8612117       1.6572931       3.4312783       3.4483243       0.4449511       1.8017940       1.3368076       2.3982546       1.3790185       1.7410977       2.7240747       1.7846784       2.3833318       1.4213649       3.2661399       1.2406808       0.9588261       0.9292721       0.9859209       2.1461787       3.0531175       3.0797390       0.9846660       1.3418242       2.4750677       1.3702794       1.1515074       1.2619135       1.1605625       1.6824335       3.4760478       2.5985167       1.2926620       2.2611421       1.8560550       2.0650093       2.2797943       2.3889617       2.4062010       2.3650348       1.7407769       1.1662682       1.6093625       2.0324420       0.7598960       1.3610581
      2.7815023       1.7620141       3.1419038       2.1892660       2.1670021       0.0000000       1.3872342       2.8455556       2.1987255       1.4209556       0.5033240       1.0306524       2.5701258       1.8420636       2.1129669       3.0356962       1.8707731       1.3339307       2.0778789       2.7281642       2.0211698       1.3127813       4.1506631       1.3581535       2.0276592       1.9438153       1.7526436       1.6112189       1.3465383       2.5097568       2.3801198       1.2166335       0.8274963       2.7799158       1.7011874       1.5653590       0.9911277       1.7436250       2.0266308       1.8962909       2.4797070       4.0885973       2.7934456       1.9822744       1.8250330       0.8821496       2.0353134       2.1752915       1.9142379       2.3561193       3.0685362       3.4329410       1.3162760       0.3653568       1.9286563       1.8411526       3.7219977       3.4198697       2.4883145       1.3032544       1.4742005       2.4080510       2.0681623       2.0943797       3.6106427       1.6011585       2.3150819       3.4464155       1.7814994       2.9952026       2.4365221       2.1147107       2.8742946       2.5726156       2.6953633       3.6328642       1.1900152       3.0851424       1.4754799       2.3116248       1.0716959       1.7242646       3.2021499       0.7005556       2.9777229       2.6625842       1.8698622       1.1707672       2.1825362       1.4416874       3.0610927       2.1062647       1.5742856       2.6103743       1.8725216       1.6933959       0.7364313       1.2525097       1.6504703       2.5115044
      2.0634529       1.6630387       2.5924246       1.3337386       2.4617646       1.3872342       0.0000000       1.9715778       1.8158611       2.0833208       1.2919229       1.8825058       3.0142668       1.0654629       1.7833092       3.2955284       1.4033778       1.9227047       1.9557934       2.1958395       1.9201827       1.0841692       3.5866242       2.5561156       1.4511080       2.9616952       0.9158633       1.5805628       0.6514156       2.3018112       1.4220431       1.3699110       0.8190229       2.6262324       0.3614832       0.2502783       0.6871000       0.4494229       2.1941170       2.3060053       2.7360966       3.8888610       1.6072557       1.2264821       2.2813986       0.6700754       1.3038835       1.8785303       1.3506525       1.9064075       3.7158560       2.3708558       1.3321139       1.6049828       1.8337928       1.3917182       3.3118201       2.2911217       2.5631402       0.8530645       2.0912482       1.5096958       1.5152337       1.5836863       2.6161375       2.2585968       1.1374071       3.3553783       2.7718140       3.6207775       2.9579891       2.7591469       2.7684753       1.9099076       1.5932234       2.8073686       1.7245356       2.8982330       1.8250376       3.0501544       1.5159627       2.7032497       3.1400030       1.8531804       3.4678688       2.4861137       1.7384288       1.7408802       1.5202414       0.5265789       2.2383497       1.7018308       1.8269604       2.0360143       1.2109021       1.4078363       1.5588166       0.4408463       1.7592200       2.4004076
      1.8927570       3.5752021       1.7772612       2.9706525       2.0503400       2.8455556       1.9715778       0.0000000       1.7215726       2.3868198       2.5442707       2.5882472       2.6270291       1.8138839       2.0996914       2.4964821       1.0823790       2.6730016       1.4299339       0.7559848       1.9313642       1.6082627       1.7930803       3.6019575       1.0025819       3.4050138       1.1753281       1.5264776       1.6983667       1.2608294       1.1343331       1.8947403       2.0523186       1.5937002       1.7877368       1.7600359       2.5027578       1.5957197       2.4134712       2.7708162       2.1848800       2.9715009       1.8565654       1.5732635       2.4180795       2.4462141       1.1504039       1.2713060       1.0688393       0.8701423       3.6791257       1.2889112       1.7083372       3.0658364       1.4961596       1.3533540       3.2005851       1.8082107       1.7809184       1.6661202       2.4877800       1.5166910       0.9080838       1.2521044       0.8036708       2.7894811       0.9735976       2.0869285       4.2258714       3.2153574       2.7523876       2.7766072       1.6962560       1.2422668       1.9403948       2.0709492       2.1663280       1.6155975       2.9993812       3.1648913       2.1033278       3.0977298       1.9483909       2.8454250       4.0740699       2.4741765       1.7159195       2.8127255       1.0766416       1.6420210       0.7568815       2.2604340       2.7142622       1.9449609       1.1386658       1.3269394       2.5022606       1.7352533       1.7192311       1.8934183
      0.8323881       3.3229976       0.9558064       3.1113616       1.7791557       2.1987255       1.8158611       1.7215726       0.0000000       1.9931998       1.7137323       1.7495818       2.8449912       0.9230409       2.8969579       2.8411906       1.5750839       1.3535300       1.9417874       1.3987902       2.6257450       1.6774618       3.1996686       2.4498192       1.7816832       3.0969229       1.5968625       1.5016604       1.1991770       1.5783488       0.9526300       1.9069241       1.5249335       1.3829671       1.6803895       1.8038529       1.8542592       1.7961672       0.8396499       3.1424147       1.6779394       2.0887271       1.6525046       0.6968592       2.6273003       2.1948726       0.7397203       2.0441323       0.9235593       1.2521950       2.4253705       1.7089364       1.1893414       2.2099555       0.9782963       2.0147256       1.8462881       3.2145140       1.7490348       1.8194646       2.4718940       0.8527060       1.0638611       2.1428105       2.2000686       2.8881180       1.7526926       2.0827315       2.9119653       2.7786382       1.8631851       1.8750218       1.5751529       2.5060199       1.5050059       1.5564995       1.7112480       2.4422111       1.5707691       2.0817895       1.4529189       2.4384634       1.9686804       2.2350406       4.5558232       3.4302316       0.5296527       2.8527299       2.0761357       1.3046615       2.3961448       0.7697979       3.0285192       0.5980084       1.8052808       1.0276836       2.1583229       1.6159847       1.1882880       0.7679151
      2.7915790       3.0533273       2.7337764       3.1897806       0.8682189       1.4209556       2.0833208       2.3868198       1.9931998       0.0000000       1.2484271       0.6824737       1.2493663       2.1980724       2.0269395       1.6626339       1.3969096       1.3708909       1.1635241       1.9792466       1.5316327       1.1601420       3.1952746       1.6329824       1.5986755       1.1271110       1.7281390       0.8724901       1.6965393       1.4952165       2.3626942       0.8783307       1.3306791       1.7841754       2.2753546       2.1073072       2.0400512       2.1766189       1.7519098       1.5515559       1.2806910       3.3842614       3.1511641       2.1286051       0.9084641       1.8771731       1.9058393       1.4269813       1.5862544       1.6397950       2.3120668       3.2637624       0.9613455       1.5587461       1.1854386       1.5008910       3.7165445       3.4352799       1.2660142       1.4289484       0.6724826       2.5120636       1.6020732       1.6762711       3.1600764       1.1170420       2.3749613       2.2831457       2.6725474       1.6611200       1.3665528       1.0863816       1.7967348       2.1650233       3.0705215       3.4739176       0.3772561       1.9362721       2.1282967       1.4619995       0.6903617       0.7651009       2.0212518       0.8498417       2.8879731       2.3222719       1.4693252       1.5153987       1.8345476       1.8245226       2.5440105       2.3750858       1.7666499       2.5799364       1.6426858       1.2332826       0.8175083       1.6784183       0.8592414       1.8536591
      2.3313927       2.0843762       2.6611439       2.3528765       1.8580453       0.5033240       1.2919229       2.5442707       1.7137323       1.2484271       0.0000000       0.7442334       2.4673555       1.4620820       2.2164128       2.8492275       1.6315654       0.8862809       1.8786287       2.3603218       2.0409394       1.1457126       3.9051646       1.2755934       1.8306676       2.0184669       1.5519179       1.3360924       1.0287433       2.1708068       2.0025436       1.1225364       0.5651462       2.3639597       1.5317857       1.4511742       0.9142637       1.6087960       1.5313107       2.0881098       2.1055596       3.5921345       2.4862275       1.5721192       1.8378171       1.0271996       1.6363814       2.0041188       1.5368820       1.9970740       2.6978565       3.0550944       0.9390515       0.5437826       1.5141068       1.7295814       3.2493761       3.3595421       2.1551394       1.2074814       1.5029708       2.0066439       1.7078286       1.9808279       3.2903923       1.7607619       2.1016311       3.0504236       1.7884958       2.7473887       2.0672964       1.7775902       2.4735735       2.4788194       2.3673667       3.1822545       0.9497739       2.8397699       1.1273616       1.9797188       0.7172088       1.6023468       2.8208725       0.7668095       3.3128130       2.7815487       1.3895104       1.4878609       2.0451439       1.1686553       2.8615821       1.6580411       1.8445782       2.1412778       1.7077920       1.3164125       0.8119333       1.0924928       1.2642696       2.0279804
      2.5234835       2.7662475       2.6127209       3.0163517       1.2923227       1.0306524       1.8825058       2.5882472       1.7495818       0.6824737       0.7442334       0.0000000       1.9213041       1.8747691       2.3665847       2.2915287       1.6400902       0.7605622       1.6469462       2.2083602       1.9966751       1.2838781       3.6797952       1.0691653       1.8742430       1.4917267       1.8040111       1.1531849       1.4650485       1.8516544       2.2457426       1.1176715       1.0635843       1.9905794       2.0809338       1.9768976       1.6375218       2.0895281       1.3569924       1.9962800       1.5293927       3.2980278       2.9226098       1.8732724       1.5131593       1.6583947       1.8050839       1.8727053       1.5975931       1.8553049       2.1218400       3.2310532       0.8989785       1.0340973       1.2629780       1.8023083       3.3346519       3.6529271       1.6717433       1.4938668       1.1910291       2.2919520       1.7029756       2.0240737       3.3450796       1.5560526       2.4160201       2.5825101       2.0265824       2.0195530       1.4107126       1.0845581       2.0565761       2.5398341       2.8010220       3.3022149       0.5523131       2.4756016       1.4862847       1.3190310       0.5003076       0.9014826       2.3491750       0.6050827       3.2777399       2.7945155       1.2818748       1.6564662       2.1346309       1.6261720       2.8855001       1.9408713       2.0090948       2.2875723       1.8511772       1.2747198       0.8182879       1.5561850       0.9504323       1.7595092
      3.6083117       4.0115257       3.3137068       4.0122965       1.1362529       2.5701258       3.0142668       2.6270291       2.8449912       1.2493663       2.4673555       1.9213041       0.0000000       3.1824982       2.2026695       0.6531411       1.8778858       2.5530233       1.2739754       2.1905962       1.5761558       1.9357706       2.6431843       2.7530823       1.9622052       1.3427711       2.3740834       1.5505594       2.6786589       1.5901458       3.0836536       1.6640240       2.4149842       1.9873228       3.1670627       2.9567133       3.1565300       2.9619529       2.7261282       1.6124490       1.5369635       3.7511591       3.9648236       3.0364357       0.9296913       2.8616302       2.6697556       1.5036340       2.2855826       1.9918947       2.8569369       3.7494813       1.9453772       2.7610741       1.8720439       1.8829719       4.5611503       3.6027347       1.2914936       2.1923373       1.1696699       3.3339304       2.1736373       1.9006789       3.3018634       1.3899616       2.9361098       2.1190899       3.8711855       1.4040100       1.8466406       1.7495615       1.8819236       2.1917421       3.9330666       4.0968815       1.5407006       1.3927101       3.3503750       2.1315594       1.8552543       1.4996821       1.8694969       1.9863875       2.7169615       2.1117941       2.3482525       2.1492288       2.0959479       2.7626726       2.5180483       3.4107859       2.1825905       3.4304083       2.1212522       2.0025885       1.8527501       2.5824410       1.7009629       2.4873434
      1.0411525       2.5320299       1.6690639       2.2568154       2.2926137       1.8420636       1.0654629       1.8138839       0.9230409       2.1980724       1.4620820       1.8747691       3.1824982       0.0000000       2.5785532       3.3129595       1.5659348       1.5462952       2.1193094       1.8456407       2.5076030       1.4846559       3.5392253       2.5076623       1.7109091       3.2553692       1.2706459       1.6480398       0.6628399       2.0736371       0.7831685       1.7934142       1.1429030       2.1279645       0.8800337       1.0962033       1.1413459       1.1227008       1.4592334       2.9941479       2.3663523       2.9643391       1.0780334       0.3087451       2.6952124       1.5614822       0.7428984       2.1260972       1.0420548       1.6312005       3.1383634       1.7632061       1.2633821       1.8953870       1.4719110       1.8550126       2.2498782       2.7987520       2.3266413       1.4636299       2.4996800       0.6192492       1.2586391       2.0182196       2.3326843       2.8205958       1.3304349       2.8677189       2.7101786       3.4076244       2.5444588       2.4427391       2.3110590       2.3623147       0.9317426       1.8747434       1.8325799       2.8636434       1.3838489       2.6669250       1.5287141       2.7318489       2.7126577       2.1559670       4.3132063       3.2239316       1.1215030       2.5258335       1.9201712       0.6878645       2.3938413       0.7004571       2.6822428       0.9917149       1.5990448       1.2079425       2.0049802       1.0719661       1.5482794       1.6601847
      3.3568788       2.5146954       3.5074660       2.1810447       2.3801471       2.1129669       1.7833092       2.0996914       2.8969579       2.0269395       2.2164128       2.3665847       2.2026695       2.5785532       0.0000000       2.5430277       1.4037759       2.8901806       1.4607574       2.3434901       0.6378444       1.2911602       2.8490138       3.2508507       1.2487831       2.4948665       1.3767177       1.6417441       1.9723443       2.2125621       2.4981424       1.2738605       1.8252043       2.8361881       1.9606625       1.6598777       2.2391817       1.6350601       3.2002212       1.0994562       2.8472439       4.6236215       3.0061475       2.5557630       1.4448978       1.6783813       2.2726095       1.2586770       2.0119035       2.0964920       4.2663480       3.1933027       1.9119756       2.4739815       2.2684637       0.9234659       4.6901414       1.8725323       2.4386768       1.1720651       1.5433972       2.8035821       1.9688085       0.9159940       2.7821063       1.4490684       1.7468964       3.3433490       3.8937619       3.3993451       3.2434800       3.0475113       2.8713982       0.9888255       3.0721044       3.9102142       1.9061062       2.2353383       3.2360988       3.4554857       2.0195348       2.7079149       3.0858823       2.1313126       2.0845702       0.7093754       2.5836295       1.2618671       1.0352511       1.9076305       1.7406595       3.1797804       0.8865930       3.3121836       1.1421443       1.9346859       1.6702588       1.5658594       2.1290357       3.1055449
      3.5590130       4.4744610       3.1228631       4.3675024       1.1677519       3.0356962       3.2955284       2.4964821       2.8411906       1.6626339       2.8492275       2.2915287       0.6531411       3.3129595       2.5430277       0.0000000       1.9988270       2.8035077       1.3894826       1.9860502       1.9134075       2.2220812       2.2138864       3.1677648       2.0711597       1.9454100       2.5440891       1.7455973       2.8949736       1.4058811       3.0820302       2.0362420       2.7399685       1.7193989       3.3843527       3.2060874       3.4966915       3.1774503       2.7946297       2.1643749       1.4111745       3.4243185       4.0046365       3.1147795       1.4800244       3.2613286       2.7056816       1.6025648       2.3353163       1.8940912       2.8509761       3.5887835       2.1644581       3.2139821       1.8969738       2.0990769       4.4608897       3.6534503       1.1083480       2.4936375       1.7232564       3.3469416       2.1800932       2.0623491       3.0632890       1.9931229       3.0134245       1.6501518       4.2850375       1.3421104       1.8493929       1.8815596       1.5684617       2.2743197       3.9812792       3.9184416       1.9000329       1.0097282       3.6152414       2.2595723       2.1656835       1.9277957       1.4360962       2.4836257       3.2719824       2.4332457       2.3979784       2.6979284       2.2165237       2.9740935       2.4079702       3.5023583       2.6970302       3.3963738       2.2868540       2.1090063       2.3391459       2.8567540       1.8373864       2.3725000
      2.1116507       2.8729860       2.1306964       2.5340648       1.3759643       1.8707731       1.4033778       1.0823790       1.5750839       1.3969096       1.6315654       1.6400902       1.8778858       1.5659348       1.4037759       1.9988270       0.0000000       1.9343362       0.6320844       1.0534651       1.1019013       0.5767811       2.3221835       2.6826685       0.2624742       2.3918539       0.5532268       0.5481915       1.0939925       0.9997107       1.3441075       0.8143031       1.1794265       1.5235284       1.4237590       1.2608851       1.8140901       1.1980480       1.9725178       1.8109423       1.7051418       3.2270455       2.1444801       1.4165830       1.4388263       1.6275826       1.0135378       0.5615188       0.6685005       0.7365056       3.1694954       2.1125642       0.8293817       2.1242309       0.9432394       0.4803208       3.3914771       2.1363637       1.3345129       0.7445446       1.4398209       1.6575362       0.5813809       0.5806511       1.8860343       1.7517833       1.0729384       2.1505112       3.4013192       2.6035320       2.1687718       2.0659914       1.6082666       1.0201019       2.1535334       2.6508005       1.1618955       1.4948639       2.3831429       2.4786380       1.1554908       2.1510278       1.9115384       1.8002590       3.1991605       1.8693355       1.2774948       1.7875975       0.5852199       1.0974211       1.2571979       2.0451043       1.7670373       2.0345237       0.3879433       0.6198472       1.4330974       1.0044792       0.9444774       1.7310448
      2.0544139       2.8917591       2.2337860       3.1179306       1.6660669       1.3339307       1.9227047       2.6730016       1.3535300       1.3708909       0.8862809       0.7605622       2.5530233       1.5462952       2.8901806       2.8035077       1.9343362       0.0000000       2.1029978       2.2826362       2.5774237       1.6547396       3.9643077       1.0979407       2.1862596       2.2077670       1.9956177       1.5382074       1.4134359       2.0780064       2.0419388       1.6481883       1.2166327       2.0158532       2.0349571       2.0453163       1.5609141       2.1588319       0.7869205       2.7012641       1.6960965       2.8991571       2.6142586       1.5707170       2.2229464       1.8631961       1.6650499       2.3060701       1.6120956       1.9742311       1.8970697       3.0030759       1.1084032       1.1845648       1.3379235       2.2091559       2.6689739       3.8803470       1.9548068       1.8239839       1.9219520       1.9607640       1.7741336       2.4285368       3.3450099       2.2940981       2.4775974       2.6513501       1.7422791       2.3675493       1.4775720       1.2509411       2.1305161       2.9278675       2.4447981       2.8684179       1.1634601       2.8540816       0.8693568       1.3266941       0.9129487       1.4894534       2.4691269       1.2486862       3.9945658       3.3990049       1.0514252       2.2653138       2.4770103       1.5933893       3.1390888       1.3673685       2.6141349       1.7909894       2.1514075       1.3921251       1.4516690       1.6940512       1.1720576       1.4840882
      2.5818587       3.2691321       2.4298056       3.0287015       1.0207846       2.0778789       1.9557934       1.4299339       1.9417874       1.1635241       1.8786287       1.6469462       1.2739754       2.1193094       1.4607574       1.3894826       0.6320844       2.1029978       0.0000000       1.1799766       0.9207430       0.9241169       2.1168760       2.7090861       0.7027380       2.0212233       1.1618324       0.5865988       1.6320234       0.8027231       1.9019880       0.8896464       1.5626025       1.4282111       2.0285502       1.8386149       2.2811404       1.7963552       2.1654422       1.5653378       1.4413338       3.2967870       2.7548456       1.9546848       1.0228442       2.0272797       1.5378706       0.3146397       1.1515528       0.9133790       3.0297539       2.5774587       1.0854554       2.3287169       1.0525295       0.7430517       3.7591436       2.4871808       0.9834560       1.1651883       1.1483524       2.2052696       1.0133156       0.7536627       2.1850658       1.4791296       1.6694133       1.9058174       3.6013553       2.1499090       1.9524012       1.8625330       1.4351072       1.1352853       2.7551519       3.0701398       1.1051220       1.0405631       2.7212034       2.3065599       1.2635176       1.8799489       1.6398281       1.7931708       2.9540459       1.7051292       1.5392372       1.8027062       0.8964053       1.6704324       1.4190088       2.5004976       1.7690741       2.4678653       0.9002034       0.9692257       1.4598632       1.5301590       0.9872774       1.8518448
      1.8119783       3.8088607       1.4416564       3.3841397       1.4427566       2.7281642       2.1958395       0.7559848       1.3987902       1.9792466       2.3603218       2.2083602       2.1905962       1.8456407       2.3434901       1.9860502       1.0534651       2.2826362       1.1799766       0.0000000       1.9786571       1.5732356       1.8040684       3.2156785       1.1259064       3.0125546       1.3945893       1.2315127       1.7277940       0.6268392       1.2924727       1.7708571       1.9873409       0.8404546       2.0721586       2.0417034       2.5685216       1.9332502       1.9348670       2.7224965       1.4797326       2.4065330       2.1983380       1.5618980       2.1792975       2.5672753       1.1056212       1.1938025       0.9137549       0.3763727       2.9941536       1.6038404       1.4339977       2.8986479       0.9780453       1.4713630       2.9486752       2.5132052       1.1174876       1.7584159       2.2366925       1.5954601       0.7092799       1.4281213       1.2962752       2.6196454       1.4980462       1.3692074       3.9672731       2.5374267       2.0701097       2.1496746       0.9416943       1.6006125       2.2035417       2.0423775       1.8203481       1.2228930       2.7724817       2.5286981       1.7848442       2.6034517       1.2186629       2.5780694       4.1070236       2.6665219       1.2864687       2.8074629       1.3548725       1.7511181       1.2676727       2.1040807       2.7965172       1.7631439       1.3350273       1.0449682       2.3201339       1.8629370       1.2610183       1.2849374
      3.1967385       2.8588190       3.2156090       2.6304992       1.8032095       2.0211698       1.9201827       1.9313642       2.6257450       1.5316327       2.0409394       1.9966751       1.5761558       2.5076030       0.6378444       1.9134075       1.1019013       2.5774237       0.9207430       1.9786571       0.0000000       1.0671360       2.5349761       2.9531502       1.0084736       2.0340316       1.3231669       1.2058653       1.8958271       1.7148596       2.3967429       0.9439165       1.7071659       2.3464622       2.0881872       1.8074397       2.2988066       1.7868887       2.8469623       0.8775347       2.2856818       4.1960715       3.0729041       2.4331456       0.8932257       1.8165697       2.0895941       0.7935959       1.7553409       1.7188525       3.7514165       3.1122522       1.5841646       2.3553942       1.8459950       0.7047863       4.4650295       2.2245735       1.8694594       1.1134238       1.0728040       2.7072036       1.6772788       0.7023429       2.6668415       1.0927017       1.8245016       2.8045370       3.7545277       2.7798425       2.6984609       2.5216261       2.3552713       0.9556310       3.1081479       3.7424388       1.4821125       1.7032561       3.0750411       2.9449902       1.6662257       2.2154907       2.5387570       1.8466994       2.1555733       0.8525212       2.2419167       1.2617124       0.9186868       1.8815763       1.6353044       3.0217948       1.0296283       3.1119802       1.0180882       1.6042116       1.4120392       1.5778837       1.6914817       2.6927543
      2.2608006       2.3869242       2.4271361       2.2110552       1.4914692       1.3127813       1.0841692       1.6082627       1.6774618       1.1601420       1.1457126       1.2838781       1.9357706       1.4846559       1.2911602       2.2220812       0.5767811       1.6547396       0.9241169       1.5732356       1.0671360       0.0000000       2.8671360       2.2639582       0.7163789       2.1025054       0.6126320       0.5800707       0.8585311       1.4293836       1.5565659       0.3790040       0.7045936       1.8862412       1.2418989       1.0262391       1.3756775       1.0576176       1.9144133       1.5399852       1.8687859       3.5153690       2.2346888       1.4409160       1.2753380       1.1176789       1.1906047       0.9303120       0.9118412       1.2166436       3.1285833       2.4856414       0.6355468       1.5934836       1.1141630       0.5887520       3.4940194       2.3727109       1.6147807       0.3105746       1.1468032       1.7845423       0.9640382       0.8366846       2.4040252       1.4233697       1.2825192       2.5467747       2.9340912       2.6576497       2.1840491       1.9913015       1.9752229       1.3380202       2.2138047       2.9382818       0.8613189       1.9411582       2.0543807       2.3714109       0.8274553       1.8951889       2.2947023       1.3168773       2.9188862       1.8537472       1.3276427       1.3000921       0.9086864       0.8898028       1.7592761       1.9729438       1.3751349       2.1512740       0.6007246       0.7388944       0.9209746       0.6514436       0.9519193       1.9222707
      3.4857994       5.0420925       3.0104849       4.4650415       2.6163472       4.1506631       3.5866242       1.7930803       3.1996686       3.1952746       3.9051646       3.6797952       2.6431843       3.5392253       2.8490138       2.2138864       2.3221835       3.9643077       2.1168760       1.8040684       2.5349761       2.8671360       0.0000000       4.7341975       2.2033955       3.8889689       2.6804913       2.5894615       3.3153373       1.9074422       2.8885726       2.9632335       3.4967891       2.2317105       3.4856418       3.3746437       4.1024436       3.2238203       3.6848696       3.2959842       2.7267648       3.6067880       3.6193737       3.2780743       2.9080706       3.8945365       2.8118115       2.0011547       2.5914230       2.0444325       4.3626783       2.7388662       2.9991422       4.3996471       2.6336741       2.4248825       4.5623362       2.6448885       2.2275883       2.9992452       3.1726399       3.2465878       2.3639669       2.2087971       1.7592440       3.4015462       2.6492560       2.1173301       5.6167713       3.3325462       3.3863634       3.5023836       2.1644431       1.9612315       3.7105189       3.4188492       3.1781546       1.3254566       4.5264900       3.9093976       3.2853059       3.7874202       2.0633085       3.9060545       4.3459766       2.7528151       3.0561413       3.7603573       2.1700888       3.2895211       1.4572646       3.8897268       3.5570891       3.5000664       2.4385742       2.6722329       3.5709202       3.2685697       2.8121023       2.9675010
      3.1335069       2.9441519       3.3184844       3.4902933       2.2273722       1.3581535       2.5561156       3.6019575       2.4498192       1.6329824       1.2755934       1.0691653       2.7530823       2.5076623       3.2508507       3.1677648       2.6826685       1.0979407       2.7090861       3.2156785       2.9531502       2.2639582       4.7341975       0.0000000       2.9118849       1.8605760       2.7554288       2.2192868       2.2392739       2.8756276       3.0671459       2.0977768       1.8261128       2.8931606       2.7822245       2.7251738       2.0525131       2.8811774       1.8128646       2.7320820       2.3434212       3.8098387       3.5782939       2.5908364       2.3852153       2.2061106       2.6750632       2.9327573       2.5593994       2.8774560       2.1315487       4.0693729       1.9015433       1.0850434       2.2412151       2.8134293       3.6183968       4.5963520       2.6320572       2.4034467       2.0298016       3.0043332       2.7007115       3.0493147       4.3336232       2.2575167       3.3281327       3.4287881       1.1909186       2.5329589       1.9431558       1.6137700       2.9587147       3.5653925       3.4145052       3.9611993       1.6069063       3.5015310       1.4602256       1.5344315       1.5308409       1.3153373       3.2282319       1.1363052       3.7608850       3.6782129       2.0995382       2.2466293       3.1571560       2.4010461       3.9376275       2.3786784       2.6884107       2.8744589       2.8532773       2.2765259       1.5827876       2.3612733       1.9712963       2.4870992
      2.2516950       2.8930981       2.2787106       2.4809774       1.5780586       2.0276592       1.4511080       1.0025819       1.7816832       1.5986755       1.8306676       1.8742430       1.9622052       1.7109091       1.2487831       2.0711597       0.2624742       2.1862596       0.7027380       1.1259064       1.0084736       0.7163789       2.2033955       2.9118849       0.0000000       2.5342971       0.5543865       0.7839937       1.2440008       1.1307999       1.4262335       0.9485400       1.3499987       1.6931050       1.4590304       1.2765934       1.9352421       1.1857247       2.2251219       1.7950890       1.9180682       3.4041794       2.1767945       1.5676934       1.5053550       1.6946845       1.1629215       0.5075570       0.8592830       0.8712192       3.4215221       2.1143398       1.0804207       2.3038947       1.1897940       0.3668954       3.5688959       1.8967789       1.5036307       0.8014686       1.5504994       1.7686185       0.7531156       0.3714995       1.7935470       1.8113567       0.9825461       2.2797326       3.6118699       2.7885410       2.4079012       2.3099881       1.7680433       0.7646709       2.2140175       2.7436551       1.3824364       1.4927011       2.6022389       2.7286948       1.3940772       2.3602910       2.0458764       1.9845203       3.1384686       1.7043107       1.5219274       1.8233015       0.3283764       1.2125595       1.0480817       2.2361832       1.7362049       2.2030838       0.2668170       0.8722161       1.5855910       1.0894935       1.2030432       1.9539903
