      0.0000000      15.1486116      13.2934213      21.0135186       6.9862710      19.2078543      21.6915547      34.2476988      15.1919800       8.4750482      18.7584189      23.9146273      24.6357963      24.3343466      25.2935789      30.3034773      15.0565281      19.4076927      34.9719452      16.9855174      32.5615704      21.3061280      15.0141093      29.1655729      23.7352335      19.1948813      21.9995407      32.0975817      13.1605766      14.3121252    5891.8518195    5905.0266031    5924.3885450    5903.2787485    5922.6572641    5906.9246486    5903.5873903    5913.5869535    5906.3792414    5908.3503922    5912.6847900    5901.7634128    5900.8002977    5917.7623149    5907.0499377    5912.7234514    5910.0664641    5905.1300862    5903.5471266    5917.1614392    5912.0939466    5912.2508230    5918.1082263    5910.6812530    5917.3872319    5922.2854321    5899.7676230    5916.2436679    5887.6891467    5915.0695838    6827.1079162    6833.5374899    6842.9318830    6836.5278531    6839.2445376    6845.1051972    6833.0575627    6838.3472848    6826.3315862    6833.3028400    6830.6887132    6829.4843821    6860.2468854    6812.4740082    6835.8356493    6838.3065653    6846.8975564    6847.8759441    6838.4038830    6836.3059022    6830.7929315    6845.4090693    6830.9813055    6828.9358410    6838.5740739    6834.0228590    6836.9037179    6838.8701215    6822.8047995    6842.7749198    4398.8162800    4402.9705398    4394.5735132    4384.3509273    4414.1951041    4397.0821653    4390.6791405    4398.9558857    4390.2231641    4425.8161871    4420.1187905    4393.1715309    4416.9593641    4402.9460806    4402.9484891    4404.2399102    4395.3172857    4391.0380039    4394.6897367    4389.5304997    4408.4021739    4409.2584693    4400.8353871    4385.1220966    4414.9424601    4415.7316309    4405.7021706    4409.1028010    4415.7077039    4402.6613410    1824.4685526    1831.6828437    1823.5154393    1805.1961504    1830.7377314    1812.6189869    1826.3178092    1835.8233998    1823.5798955    1808.7099748    1817.8566657    1827.7529504    1804.4852837    1811.1148853    1830.4946960    1810.3819361    1807.2205491    1826.1065051    1811.5421349    1818.6352714    1819.0255537    1821.3843359    1821.5948024    1826.9754056    1823.8584208    1812.5128248    1816.1712011    1833.0477466    1830.5627855    1805.0382274
     15.1486116       0.0000000      21.4137703       6.5544333      11.7778238       7.9783290       8.7702060      19.8970549       9.5113981       7.2606974       8.1636095       9.7593847      10.2138924      11.6939379      10.1818194      15.1563475      16.6749765       8.1753711      22.1527901       4.7138244      23.5311617       8.8910231       1.0459549      14.6497242       9.8873598      12.8990593      11.3500461      18.4634441       1.9991871       2.4275322    5885.3754847    5898.6155145    5917.9032689    5896.7970585    5916.2256298    5900.4361156    5897.1087242    5907.1166767    5899.9056423    5901.8817628    5906.1976902    5895.2769331    5894.3470121    5911.2967113    5900.5856856    5906.2471775    5903.5749323    5898.6327321    5897.0740705    5910.6708217    5905.6518062    5905.7760002    5911.6106763    5904.2393049    5910.9445582    5915.8413374    5893.3093884    5909.7860445    5881.2077808    5908.5490138    6826.1778225    6832.5453460    6841.9732987    6835.5378432    6838.3058853    6844.1655723    6832.1132291    6837.3841808    6825.3824440    6832.3521733    6829.7246517    6828.5228992    6859.3016975    6811.5156974    6834.8852783    6837.3446303    6845.9475314    6846.9139903    6837.4513243    6835.3572780    6829.8508846    6844.5099001    6830.0000348    6828.0292010    6837.6167352    6833.0922102    6835.9601186    6837.8813385    6821.8434508    6841.8178827    4395.6723374    4399.8240754    4391.4444339    4381.2301060    4411.0869122    4393.9361740    4387.5280565    4395.7739959    4387.0165002    4422.6535189    4416.9316700    4389.9489225    4413.8179810    4399.8325880    4399.7417934    4401.1096633    4392.1995623    4387.9196859    4391.5767083    4386.2961891    4405.2343017    4406.0862623    4397.6829631    4381.9534044    4411.8050284    4412.5538689    4402.4839077    4405.9382744    4412.5765441    4399.4689462    1827.9403849    1835.2576908    1826.9079394    1808.3686424    1834.1948751    1816.1969459    1829.7759874    1839.2642090    1827.0652633    1812.1274105    1821.2951413    1831.2000331    1807.9564004    1814.5858273    1833.8506782    1813.6715650    1810.6046338    1829.4659315    1814.9591171    1822.0561921    1822.4432352    1824.7117729    1824.9983680    1830.4392941    1827.2724721    1815.9571048    1819.5065857    1836.6443621    1833.9226626    1808.4181197
     13.2934213      21.4137703       0.0000000      24.4822292      10.1483258      20.1730013      30.0021925      41.0350170      26.2321900      14.8644412      19.4330387      31.1505323      27.2131889      24.6890147      29.5691698      34.5230181      28.0914988      20.2739065      43.5463303      20.0427295      43.5026710      29.9482838      20.6566944      31.1623283      31.3011300      30.5545702      31.7157470      39.8609158      20.0143744      22.1051831    5880.6880077    5893.8285296    5913.2293797    5892.1177362    5911.4698970    5895.7672408    5892.4247823    5902.4199021    5895.2139560    5897.1824845    5901.5266128    5890.6049318    5889.6243354    5906.5927938    5895.8797285    5901.5595622    5898.9106337    5893.9773443    5892.3815613    5906.0051104    5900.9121088    5901.0861698    5906.9555598    5899.4993173    5906.2056626    5911.1045977    5888.5942642    5905.0699521    5876.5279973    5903.9291187    6814.0615405    6820.5017002    6829.8903339    6823.4916939    6826.1996033    6832.0604247    6820.0135944    6825.3065092    6813.2884378    6820.2599474    6817.6481048    6816.4433341    6847.2030489    6799.4324274    6822.7927052    6825.2655901    6833.8545480    6834.8349675    6825.3613097    6823.2626610    6817.7485765    6832.3574905    6817.9436453    6815.8855198    6825.5323146    6820.9765736    6823.8596232    6825.8337498    6809.7637318    6829.7331071    4386.2909986    4390.4460081    4382.0437764    4371.8187385    4401.6590728    4384.5575042    4378.1560272    4386.4420644    4377.7168922    4413.2964900    4407.6065086    4380.6701185    4404.4332728    4390.4116578    4390.4421983    4391.7105023    4382.7841453    4378.5050509    4382.1551934    4377.0326770    4395.8840877    4396.7416923    4388.3126549    4372.6043104    4402.4151856    4403.2165212    4393.1994022    4396.5837022    4403.1785446    4390.1506996    1811.2378739    1818.4615729    1810.2779832    1791.9419233    1817.5057846    1799.3979570    1813.0859411    1822.5900536    1810.3504098    1795.4745679    1804.6230732    1814.5201241    1791.2544893    1797.8840932    1817.2542706    1797.1362506    1793.9823567    1812.8663472    1798.3066969    1805.4001846    1805.7901939    1808.1416124    1808.3582628    1813.7440371    1810.6227669    1799.2797174    1802.9290936    1819.8285493    1817.3226749    1791.7996849
     21.0135186       6.5544333      24.4822292       0.0000000      16.2262196       5.1608057      10.3334045      17.1544766      15.1134509      12.5944488       5.8668607       9.1603425       3.6946186       5.8796861       5.0952132      10.0715456      22.7975690       5.2022971      21.1950335       4.5086158      25.3679012      10.9471008       6.2339935       8.2083527       9.7729339      17.5456201      14.0731190      16.9296269       8.3975832       8.6762762    5879.8889864    5893.1461497    5912.4143989    5891.3091466    5910.7508410    5894.9464080    5891.6216044    5901.6317474    5894.4198483    5896.3972702    5900.7083529    5889.7877679    5888.8665528    5905.8130039    5895.1023423    5900.7606765    5898.0844367    5893.1407169    5891.5884214    5905.1805592    5900.1742647    5900.2898801    5906.1185984    5898.7618151    5905.4668717    5910.3632732    5887.8276308    5904.3044326    5875.7199678    5903.0509200    6822.4146475    6828.7601616    6838.1999957    6831.7534110    6834.5396578    6840.3989929    6828.3449928    6833.6092806    6821.6125096    6828.5816898    6825.9494211    6824.7485842    6855.5331263    6807.7425273    6831.1148967    6833.5701446    6842.1772597    6843.1394867    6833.6801638    6831.5875155    6826.0834624    6840.7576903    6826.2187047    6824.2743551    6833.8438790    6829.3288299    6832.1921383    6834.0973381    6818.0691912    6838.0451286    4391.1642046    4395.3151222    4386.9410894    4376.7294425    4406.5902408    4389.4273871    4383.0176489    4391.2536799    4382.4882640    4418.1393069    4412.4096259    4385.4155734    4409.3106272    4395.3342377    4395.2135164    4396.6059200    4387.6998688    4383.4198116    4387.0785273    4381.7591040    4400.7184607    4401.5690280    4393.1721005    4377.4373563    4407.2989493    4408.0348369    4397.9519197    4401.4235057    4408.0724797    4394.9452528    1825.9119632    1833.2727365    1824.8460684    1806.2148378    1832.1601269    1814.2136867    1827.7417622    1837.2224667    1825.0425793    1810.0763409    1819.2527652    1829.1610954    1805.9280723    1812.5572930    1831.7732988    1811.5667026    1808.5395405    1827.3900865    1812.9077999    1820.0063954    1820.3920649    1822.6225698    1822.9411969    1828.4074677    1825.2196763    1813.9172840    1817.4208253    1834.6686180    1831.8469205    1806.3513045
      6.9862710      11.7778238      10.1483258      16.2262196       0.0000000      13.2493430      20.0574050      31.6714207      16.1911908       4.7690741      12.6733164      21.4996470      19.5616923      18.3866665      21.0716469      26.1681778      19.1557734      13.4249167      33.6676174      11.7774291      33.3615206      19.9394567      11.1975676      23.9683302      21.5570795      20.5227503      21.5864927      30.1672885      10.1406241      12.1061133    5885.1323806    5898.3163460    5917.6678692    5896.5585659    5915.9441086    5900.2035134    5896.8676297    5906.8683682    5899.6601894    5901.6320356    5905.9638564    5895.0425620    5894.0840887    5911.0443848    5900.3321933    5906.0040278    5903.3449125    5898.4077232    5896.8281496    5910.4400171    5905.3793076    5905.5316019    5911.3858402    5903.9666406    5910.6725196    5915.5705215    5893.0507194    5909.5268554    5880.9690042    5908.3440054    6821.5793508    6827.9914380    6837.3952839    6830.9824026    6833.7135606    6839.5739485    6827.5249787    6832.8094095    6820.7976419    6827.7684690    6825.1505642    6823.9469593    6854.7140737    6806.9374711    6830.3013630    6832.7690194    6841.3633732    6842.3383977    6832.8689809    6830.7721090    6825.2609918    6839.8892627    6825.4383106    6823.4139104    6833.0378238    6828.4941402    6831.3713430    6833.3250172    6817.2674112    6837.2387569    4392.7178962    4396.8715800    4388.4785476    4378.2578553    4408.1049772    4390.9833084    4384.5791059    4392.8487884    4384.1103884    4419.7135259    4414.0105160    4387.0551172    4410.8615875    4396.8547184    4396.8357189    4398.1446853    4389.2249395    4384.9455162    4388.5984734    4383.4114142    4402.2983007    4403.1536024    4394.7350547    4379.0180119    4408.8455910    4409.6254965    4399.5867612    4402.9996965    4409.6122802    4396.5518415    1820.3978046    1827.6520326    1819.4141520    1801.0108663    1826.6613667    1808.5892373    1822.2418093    1831.7407806    1819.5143656    1804.6181519    1813.7730095    1823.6726857    1800.4141035    1807.0436898    1826.3794610    1806.2411888    1803.1159050    1821.9925554    1807.4501598    1814.5448662    1814.9339059    1817.2581090    1817.4977495    1822.9016125    1819.7654148    1808.4313622    1812.0479723    1829.0254076    1826.4490428    1800.9319579
     19.2078543       7.9783290      20.1730013       5.1608057      13.2493430       0.0000000      14.7635992      22.2539366      17.4896838      10.9069957       0.7620825      14.1144569       7.0785899       5.1577912       9.9868897      14.5943687      24.4563950       0.2172806      26.3378505       3.2840397      30.0019649      15.2342253       7.0683360      11.0471871      14.6493555      20.7250852      18.2152292      22.0877443       8.9768801      10.3947777    5877.4561356    5890.6916437    5909.9845604    5888.8780912    5908.3031661    5892.5176361    5889.1895424    5899.1969034    5891.9861023    5893.9618725    5898.2791096    5887.3583063    5886.4260446    5903.3766096    5892.6654870    5898.3278278    5895.6566675    5890.7148833    5889.1544916    5902.7524928    5897.7300660    5897.8565477    5903.6928440    5896.3175511    5903.0228558    5907.9197344    5885.3887666    5901.8653828    5873.2887877    5900.6328445    6818.4652277    6824.8244276    6834.2568614    6827.8172077    6830.5921306    6836.4516843    6824.3987112    6829.6671390    6817.6672814    6824.6368031    6822.0074845    6820.8060781    6851.5870544    6803.7993082    6827.1699469    6829.6277453    6838.2322424    6839.1970992    6829.7356979    6827.6421813    6822.1366754    6836.8014933    6822.2805662    6820.3197840    6829.9004667    6825.3795378    6828.2456981    6830.1608655    6814.1266502    6834.1016531    4387.7437515    4391.8953365    4383.5167468    4373.3029245    4403.1604918    4386.0074657    4379.5990452    4387.8431547    4379.0842171    4414.7238042    4409.0005145    4382.0157200    4405.8895425    4391.9058471    4391.8095040    4393.1819019    4384.2725656    4379.9926546    4383.6499988    4378.3623195    4397.3042843    4398.1559880    4389.7538680    4374.0233467    4403.8768287    4404.6232646    4394.5509503    4398.0084552    4404.6487232    4391.5374884    1821.1613887    1828.5082141    1820.1064127    1801.5059833    1827.4116137    1809.4486011    1822.9930735    1832.4762366    1820.2901463    1805.3331227    1814.5067188    1824.4139413    1801.1774417    1807.8067379    1827.0387682    1806.8412959    1803.8009239    1822.6550426    1808.1646664    1815.2627735    1815.6488930    1817.8919509    1818.1999948    1823.6580007    1820.4770428    1809.1703979    1812.6890553    1829.9011737    1827.1118482    1801.6132523
     21.6915547       8.7702060      30.0021925      10.3334045      20.0574050      14.7635992       0.0000000      12.7350236       8.6312237      15.3016267      15.2753352       3.1450782      12.2397986      16.0351119       9.2931222      12.1073463      16.2540647      14.8895438      13.6176642      12.1984113      15.2470854       0.8519379       9.6999395      15.0748406       2.5113685       8.6956635       3.8811297      10.4094242       9.9878557       7.9539988    5889.3088978    5902.5861638    5921.8314825    5900.7273773    5920.1845196    5904.3625053    5901.0407740    5911.0535047    5903.8405863    5905.8195462    5910.1248873    5899.2045120    5898.2935887    5915.2362031    5904.5259764    5910.1805748    5907.4995959    5902.5540699    5901.0093322    5914.5959921    5909.6047234    5909.7102294    5915.5318705    5908.1923353    5914.8971580    5919.7931138    5897.2531383    5913.7301041    5885.1383231    5912.4570051    6832.7382600    6839.0818407    6848.5227405    6842.0751591    6844.8630127    6850.7223176    6838.6681766    6843.9318852    6831.9355476    6838.9046802    6836.2719968    6835.0712406    6865.8562805    6818.0652846    6841.4378958    6843.8927858    6852.5002679    6853.4621260    6844.0030953    6841.9105680    6836.4067157    6851.0821988    6836.5407354    6834.5986525    6844.1666630    6839.6524251    6842.5153439    6844.4191256    6828.3918527    6848.3679213    4401.3114630    4405.4620426    4397.0903070    4386.8797543    4416.7421600    4399.5743777    4393.1639758    4401.3959024    4392.6271733    4428.2840532    4422.5511205    4395.5523231    4419.4581988    4405.4854814    4405.3524041    4406.7549717    4397.8505708    4393.5704415    4397.2298424    4391.8942688    4410.8625389    4411.7125283    4403.3182367    4387.5813566    4417.4470435    4418.1775881    4408.0892410    4411.5680274    4418.2213965    4405.0860640    1835.9139522    1843.2564489    1834.8618265    1816.2670547    1842.1647493    1824.1966498    1837.7461618    1847.2299870    1835.0421785    1820.0876601    1829.2605216    1839.1674466    1815.9299937    1822.5593097    1841.7953618    1821.5997535    1818.5565882    1837.4115230    1822.9192247    1830.0172062    1830.4034400    1832.6493812    1832.9550333    1838.4108738    1835.2317248    1823.9239783    1827.4462466    1844.6484011    1841.8683216    1816.3690496
     34.2476988      19.8970549      41.0350170      17.1544766      31.6714207      22.2539366      12.7350236       0.0000000      21.0268948      27.1092933      22.9878351      10.3483787      15.9480377      20.3242634      12.3446706       9.1046102      27.8963741      22.2628504       6.5187708      21.2139290      16.0658087      13.2987865      20.5015635      14.9465382      10.5197413      19.5133093      14.1030194       3.6271802      21.6454613      20.0361632    5885.2314029    5898.5660486    5917.7458752    5896.6450813    5916.1461837    5900.2741526    5896.9611404    5906.9811917    5899.7653976    5901.7487224    5906.0377564    5895.1180059    5894.2363375    5911.1679778    5900.4590186    5906.1029836    5903.4085778    5898.4579558    5896.9346422    5910.5057290    5905.5572092    5905.6339203    5911.4354909    5904.1450006    5910.8491360    5915.7438052    5893.1915345    5909.6689205    5881.0564249    5908.3403559    6833.4226066    6839.7140025    6849.1830603    6842.7090988    6845.5401025    6851.3985589    6839.3405255    6844.5884310    6832.6038917    6839.5717057    6836.9277791    6835.7291965    6866.5277662    6818.7259982    6842.1051562    6844.5503144    6853.1677599    6854.1195875    6844.6685035    6842.5792939    6837.0809984    6851.7924284    6837.1820513    6835.3026944    6844.8280530    6840.3362681    6843.1882892    6845.0540841    6829.0499574    6849.0295423    4400.1402650    4404.2886326    4395.9318742    4385.7285189    4415.6013206    4398.4014513    4391.9867807    4400.1922507    4391.4024469    4427.0964829    4421.3427123    4394.3139156    4418.2889471    4404.3402611    4404.1274796    4405.5954110    4396.7018360    4392.4212560    4396.0851296    4390.6458972    4409.6707497    4410.5170203    4402.1397595    4386.3891786    4416.2811971    4416.9772429    4406.8543835    4410.3790901    4417.0609023    4403.8733772    1840.3146179    1847.7395855    1839.1986525    1820.4275697    1846.5532105    1828.6834337    1842.1357218    1851.6049886    1839.4537952    1824.4454806    1833.6347277    1843.5479850    1820.3313026    1826.9600705    1846.1023353    1825.8544615    1822.8876329    1841.7215386    1827.2765056    1834.3772255    1834.7608263    1836.9338975    1837.3008915    1842.8049924    1839.5858929    1828.3031854    1831.7374899    1849.1489651    1846.1784304    1820.6968514
     15.1919800       9.5113981      26.2321900      15.1134509      16.1911908      17.4896838       8.6312237      21.0268948       0.0000000      11.8622243      17.6583235      11.6981063      18.2950730      20.8337813      16.5505423      20.3662164       7.9515327      17.6862201      20.3331718      14.2206508      17.4868489       7.8980612      10.4512876      22.1449941      11.1366714       4.3315617       7.2517500      18.1806472       8.8994220       7.1048527    5894.8115379    5908.0571425    5927.3385318    5906.2326410    5925.6655213    5909.8710970    5906.5445710    5916.5532519    5909.3419303    5911.3184825    5915.6327961    5904.7120962    5903.7850594    5920.7336909    5910.0227850    5915.6832307    5913.0096491    5908.0669367    5906.5104065    5920.1056171    5915.0908060    5915.2121801    5921.0448603    5913.6783214    5920.3835110    5925.2801676    5902.7470098    5919.2237144    5890.6433956    5917.9811503    6835.3839847    6841.7612373    6851.1839511    6844.7534034    6847.5134021    6853.3732444    6841.3216390    6846.5955403    6834.5916082    6841.5615794    6838.9361588    6837.7340018    6868.5102507    6820.7262971    6844.0946388    6846.5558066    6855.1568411    6856.1251727    6846.6610294    6844.5663640    6839.0589336    6853.7111636    6839.2142318    6837.2316475    6846.8271908    6842.2984623    6845.1684141    6847.0967085    6831.0545302    6851.0282923    4405.1292979    4409.2812100    4400.9003698    4390.6854656    4420.5414018    4403.3932742    4396.9855024    4405.2335265    4396.4776728    4432.1117648    4426.3915575    4399.4111414    4423.2747726    4409.2874441    4409.2029726    4410.5656834    4401.6547104    4397.3748739    4401.0315289    4395.7591670    4414.6928933    4415.5451465    4407.1405040    4391.4120431    4421.2615477    4422.0131288    4411.9458471    4415.3966402    4422.0326314    4408.9291788    1836.0567755    1843.3393743    1835.0507849    1816.5833522    1842.3162307    1824.2774331    1837.8969649    1847.3910612    1835.1771060    1820.2618589    1829.4226426    1839.3247315    1816.0728841    1822.7024186    1842.0056654    1821.8482325    1818.7501514    1837.6197491    1823.0937373    1830.1895528    1830.5776774    1832.8761067    1833.1375245    1838.5583646    1835.4081578    1824.0826285    1827.6682644    1844.7186526    1842.0763634    1816.5650107
      8.4750482       7.2606974      14.8644412      12.5944488       4.7690741      10.9069957      15.3016267      27.1092933      11.8622243       0.0000000      10.5431551      16.8521836      16.1816677      15.9621742      17.0933638      22.1720157      16.1518582      11.1155314      28.9174584       8.5133180      28.7307793      15.1720440       6.8607645      20.7055339      16.8681275      16.1601484      16.8520191      25.4760075       5.4699274       7.3476279    5886.4214632    5899.6272806    5918.9539631    5897.8458558    5917.2481781    5901.4885081    5898.1559344    5908.1594902    5900.9501947    5902.9237082    5907.2493341    5896.3282440    5895.3809013    5912.3370751    5901.6253330    5907.2931381    5904.6289015    5899.6897554    5898.1183360    5911.7243155    5906.6798569    5906.8211988    5912.6678112    5905.2672538    5911.9728922    5916.8704199    5894.3458734    5910.8222199    5882.2563975    5909.6182395    6824.4816752    6830.8781984    6840.2904701    6833.8696996    6836.6137426    6842.4738875    6830.4237365    6835.7034615    6823.6951937    6830.6656395    6828.0443751    6826.8414169    6857.6126205    6809.8327224    6833.1986079    6835.6633646    6844.2607060    6845.2327393    6835.7656775    6833.6697918    6828.1603224    6842.7993264    6828.3278021    6826.3221043    6835.9333219    6831.3963263    6834.2702853    6836.2126227    6820.1619017    6840.1343311    4395.0310764    4399.1840516    4390.7959108    4380.5775378    4410.4282236    4393.2959108    4386.8902710    4395.1512703    4386.4058709    4422.0214406    4416.3115303    4389.3460937    4413.1754960    4399.1764699    4399.1311977    4400.4617238    4391.5454979    4387.2659056    4390.9203520    4385.6990787    4404.6047409    4405.4588204    4397.0458464    4381.3242112    4411.1606113    4411.9291501    4401.8789716    4405.3070804    4411.9290664    4398.8513596    1824.2686525    1831.5423067    1823.2699333    1804.8243725    1830.5294336    1812.4800915    1826.1100713    1835.6057507    1823.3877746    1808.4786750    1817.6375322    1827.5388441    1804.2848110    1810.9143660    1830.2282775    1810.0772907    1806.9700783    1825.8420286    1811.3105975    1818.4060545    1818.7944785    1821.1014636    1821.3556373    1826.7709566    1823.6252983    1812.2969851    1815.8928467    1832.9197664    1830.2986033    1804.7853312
     18.7584189       8.1636095      19.4330387       5.8668607      12.6733164       0.7620825      15.2753352      22.9878351      17.6583235      10.5431551       0.0000000      14.7327750       7.8360581       5.7150373      10.7369304      15.3564469      24.4807080       0.8408902      27.0134637       3.4559625      30.5219908      15.7187678       7.2074637      11.7623870      15.2481999      21.0009765      18.6616433      22.7792372       9.0049907      10.5534843    5877.3969869    5890.6288745    5909.9259127    5888.8192416    5908.2415387    5892.4591674    5889.1305247    5899.1374206    5891.9268033    5893.9022975    5898.2205619    5887.2997229    5886.3656164    5903.3168677    5892.6056687    5898.2686782    5895.5983660    5890.6569051    5889.0951621    5902.6941413    5897.6690203    5897.7973174    5903.6348782    5896.2564946    5902.9618404    5907.8587985    5885.3286131    5901.8051974    5873.2299182    5900.5761597    6818.1279774    6824.4899894    6833.9209033    6827.4826732    6830.2552694    6836.1148679    6824.0621063    6829.3313851    6817.3308934    6824.3004850    6821.6717729    6820.4702495    6851.2504920    6803.4633336    6826.8336158    6829.2919384    6837.8958972    6838.8612944    6829.3994662    6827.3057712    6821.7999668    6836.4628469    6821.9456347    6819.9814732    6829.5644515    6825.0423136    6827.9090605    6829.8262757    6813.7908146    6833.7656249    4387.5103630    4391.6620730    4383.2826281    4373.0683978    4402.9253551    4385.7741773    4379.3660048    4387.6116293    4378.8539069    4414.4913428    4408.7692524    4381.7861949    4405.6560339    4391.6709667    4391.5791992    4392.9478433    4384.0378904    4379.7580072    4383.4150933    4378.1333692    4397.0720733    4397.9239901    4389.5208963    4373.7911690    4403.6431256    4404.3915415    4394.3212152    4397.7760801    4404.4147128    4391.3064804    1820.6386233    1827.9815868    1819.5866431    1800.9945517    1826.8894142    1808.9218211    1822.4708266    1831.9546633    1819.7668689    1804.8123814    1813.9851999    1823.8921160    1800.6546651    1807.2839806    1826.5203956    1806.3254054    1803.2814419    1822.1365311    1807.6439477    1814.7419194    1815.1281621    1817.3746443    1817.6798028    1823.1355396    1819.9564584    1808.6486495    1812.1714370    1829.3737325    1826.5933280    1801.0939248
     23.9146273       9.7593847      31.1505323       9.1603425      21.4996470      14.1144569       3.1450782      10.3483787      11.6981063      16.8521836      14.7327750       0.0000000      10.1936959      14.3804310       6.7643810       8.9949905      19.3927869      14.2002248      12.5704985      12.1007258      16.3556892       3.9764684      10.4961063      12.4050262       0.8152503      11.7718408       6.5742522       8.7104330      11.3842136       9.6917394    5886.7481913    5900.0341663    5919.2695576    5898.1659475    5917.6297578    5901.8001606    5898.4797471    5908.4935885    5901.2802328    5903.2598541    5907.5627288    5896.6424451    5895.7359510    5912.6769070    5901.9668695    5907.6198594    5904.9368491    5899.9905516    5898.4490534    5912.0333613    5907.0485655    5907.1497079    5912.9683156    5905.6362043    5912.3409245    5917.2366864    5894.6948406    5911.1718744    5882.5769493    5909.8903898    6831.0370357    6837.3697766    6846.8165252    6840.3634647    6843.1602823    6849.0194125    6836.9644586    6842.2248845    6830.2309951    6837.1998556    6834.5648353    6833.3645303    6864.1523908    6816.3591424    6839.7331208    6842.1859892    6850.7955442    6851.7553183    6842.2979361    6840.2060978    6834.7033992    6849.3863685    6834.8305701    6832.9015286    6842.4606688    6837.9510980    6840.8117510    6842.7076432    6826.6851714    6846.6619763    4399.2428039    4403.3929729    4395.0240312    4384.8148181    4414.6791880    4397.5053947    4391.0941913    4399.3211861    4390.5485243    4426.2123537    4420.4755306    4393.4711295    4417.3899148    4403.4216824    4403.2737263    4404.6884911    4395.7861093    4391.5058930    4395.1661331    4389.8112195    4408.7900411    4409.6393372    4401.2482192    4385.5087717    4415.3793947    4416.1034989    4406.0087158    4409.4960624    4416.1547486    4403.0096658    1835.0624913    1842.4259882    1833.9941928    1815.3549816    1841.3102180    1823.3670424    1836.8918915    1846.3720644    1834.1934933    1819.2252776    1828.4023257    1838.3108950    1815.0786152    1821.7078191    1840.9202143    1820.7113505    1817.6874270    1836.5371260    1822.0567172    1829.1554206    1829.5409895    1831.7685320    1832.0896761    1837.5577622    1834.3684792    1823.0670280    1826.5670726    1843.8223894    1840.9939659    1815.4990598
     24.6357963      10.2138924      27.2131889       3.6946186      19.5616923       7.0785899      12.2397986      15.9480377      18.2950730      16.1816677       7.8360581      10.1936959       0.0000000       4.4847457       3.8463107       7.6128324      26.1270704       7.0055972      20.8994511       7.8036899      26.4839443      12.9890696       9.9282901       4.5334338      10.9548769      20.2634451      16.1191433      16.5081424      12.0862417      12.2310261    5877.1907096    5890.4599236    5909.7144442    5888.6098716    5908.0607979    5892.2458671    5888.9228873    5898.9345706    5891.7220642    5893.7004021    5898.0080716    5887.0876103    5886.1725255    5903.1166866    5892.4062837    5898.0623932    5895.3833399    5890.4385502    5888.8907399    5902.4796251    5897.4822878    5897.5918651    5903.4163847    5896.0698750    5902.7747918    5907.6709264    5885.1326900    5901.6095907    5873.0207658    5900.3444653    6820.8465261    6827.1783062    6836.6255520    6830.1720242    6832.9696290    6838.8287426    6826.7737129    6832.0338417    6820.0401725    6827.0090081    6824.3737785    6823.1735133    6853.9616290    6806.1681760    6829.5422778    6831.9949645    6840.6047058    6841.5642925    6832.1070580    6830.0152827    6824.5126909    6839.1963997    6824.6392558    6822.7114264    6832.2697155    6827.7605784    6830.6210169    6832.5162201    6816.4941570    6836.4710273    4389.1241016    4393.2744851    4384.9040910    4374.6941868    4404.5575515    4387.3868614    4380.9760771    4389.2056807    4380.4351337    4416.0952478    4410.3604931    4383.3591242    4407.2710176    4393.3004682    4393.1603518    4394.5686572    4385.6652345    4381.3850628    4385.0448727    4379.7002326    4398.6733566    4399.5230202    4391.1302275    4375.3921324    4405.2601669    4405.9876597    4395.8963459    4399.3790961    4406.0350017    4392.8950613    1825.3987826    1832.7850340    1824.3132339    1805.6279685    1831.6431955    1813.7270826    1827.2251620    1836.7013984    1824.5327737    1809.5499378    1818.7314216    1828.6417186    1805.4150562    1812.0441192    1831.2313053    1811.0086432    1808.0049002    1826.8490192    1812.3812357    1819.4806860    1819.8655460    1822.0736683    1822.4111362    1827.8922732    1824.6921756    1813.3974712    1816.8739782    1834.1863106    1831.3058897    1805.8156637
     24.3343466      11.6939379      24.6890147       5.8796861      18.3866665       5.1577912      16.0351119      20.3242634      20.8337813      15.9621742       5.7150373      14.3804310       4.4847457       0.0000000       8.3269337      11.6215345      28.3331132       4.9715051      25.3836912       7.6678977      30.7356114      16.7045615      11.0356316       6.7321583      15.0959733      23.4188420      19.8503454      20.9915052      13.1893081      14.0519940    5874.0484642    5887.3024657    5906.5743276    5885.4688926    5904.9081417    5889.1064959    5885.7812002    5895.7909297    5888.5791934    5890.5563702    5894.8683704    5883.9477523    5883.0248985    5899.9719567    5889.2612266    5894.9201554    5892.2446753    5887.3012466    5885.7477391    5899.3407534    5894.3320706    5894.4492870    5900.2791405    5892.9196115    5899.6247045    5904.5211758    5881.9862183    5898.4629934    5869.8796945    5897.2126276    6816.7403895    6823.0796188    6832.5228346    6826.0730814    6828.8645223    6834.7237557    6822.6692822    6827.9316639    6815.9363135    6822.9053358    6820.2717109    6819.0711356    6849.8573166    6802.0654076    6825.4385716    6827.8926463    6836.5009647    6837.4619822    6828.0036155    6825.9113675    6820.4079852    6835.0865899    6820.5392571    6818.6024952    6828.1668460    6823.6545122    6826.5165006    6828.4171308    6812.3917592    6832.3681242    4385.3256386    4389.4764360    4381.1032259    4370.8919754    4400.7533625    4383.5887258    4377.1787520    4385.4133514    4376.6468089    4412.2998546    4406.5690482    4379.5733980    4403.4721733    4389.4971111    4389.3720543    4390.7679969    4381.8625441    4377.5824605    4381.2414267    4375.9164066    4394.8787747    4395.7291411    4387.3331364    4371.5976427    4401.4606823    4402.1946910    4392.1099342    4395.5839745    4402.2345082    4389.1044415    1820.9432067    1828.3260088    1819.8604702    1801.1836096    1827.1881477    1809.2679092    1822.7700665    1832.2469382    1820.0767278    1805.0962356    1814.2769962    1824.1870160    1800.9594524    1807.5885391    1826.7798988    1806.5596781    1803.5523973    1822.3974733    1807.9275575    1815.0268864    1815.4118632    1817.6233007    1817.9579671    1823.4369801    1820.2386358    1808.9428268    1812.4232979    1829.7265831    1826.8543394    1801.3633076
     25.2935789      10.1818194      29.5691698       5.0952132      21.0716469       9.9868897       9.2931222      12.3446706      16.5505423      17.0933638      10.7369304       6.7643810       3.8463107       8.3269337       0.0000000       5.0992348      24.5017786       9.9769592      17.0680817       9.5454234      22.8205006      10.1146198      10.2906174       5.7918004       7.5691158      17.8086744      13.1209201      12.6826156      12.1808947      11.6146911    5880.0546065    5893.3360138    5912.5766268    5891.4727505    5910.9330357    5895.1074557    5891.7863340    5901.7995820    5894.5864595    5896.5657281    5900.8699236    5889.9495904    5889.0407360    5905.9825704    5895.2724323    5900.9262796    5898.2443611    5893.2984808    5891.7552402    5905.3408108    5900.3525726    5900.4560245    5906.2762648    5898.9401973    5905.6449712    5910.5408349    5887.9999743    5904.4769723    5875.8837221    5903.2000088    6824.4589658    6830.7852883    6840.2354874    6833.7791936    6836.5813142    6842.4403400    6830.3849036    6835.6433821    6823.6509448    6830.6196433    6827.9832383    6826.7832004    6857.5727317    6809.7781502    6833.1529377    6835.6046076    6844.2153907    6845.1739293    6835.7175248    6833.6260956    6828.1240830    6842.8115258    6828.2471995    6826.3259107    6835.8797624    6831.3729663    6834.2322701    6836.1234967    6820.1038591    6840.0810987    4392.5051834    4396.6552480    4388.2870193    4378.0781515    4407.9430291    4390.7676920    4384.3562861    4392.5820474    4383.8084225    4419.4739648    4413.7361755    4386.7304131    4410.6523888    4396.6853091    4396.5336169    4397.9514263    4389.0495649    4384.7693263    4388.4297835    4383.0700599    4402.0514534    4402.9005766    4394.5102546    4378.7701632    4408.6420305    4409.3645148    4399.2681596    4402.7576078    4409.4176404    4396.2701127    1829.2401285    1836.6276449    1828.1534757    1809.4646010    1835.4843386    1817.5697456    1831.0663236    1840.5423132    1828.3742981    1813.3905550    1822.5723232    1832.4827280    1809.2564131    1815.8854670    1835.0709934    1814.8473060    1811.8450370    1830.6887650    1816.2218434    1823.3213417    1823.7061554    1825.9129247    1826.2515409    1831.7335109    1828.5327281    1817.2384584    1820.7133656    1838.0291654    1835.1456371    1809.6557411
     30.3034773      15.1563475      34.5230181      10.0715456      26.1681778      14.5943687      12.1073463       9.1046102      20.3662164      22.1720157      15.3564469       8.9949905       7.6128324      11.6215345       5.0992348       0.0000000      28.2312604      14.5447166      15.0429053      14.5734609      22.7877415      12.9532099      15.3408862       5.8430243       9.7430486      20.7664566      15.4646872      10.8118029      17.1500681      16.3547466    5878.6576093    5891.9623744    5911.1763400    5890.0738033    5909.5519880    5893.7060446    5890.3884707    5900.4047023    5893.1904066    5895.1714525    5899.4690121    5888.5489291    5887.6519817    5904.5893561    5893.8797297    5899.5292512    5896.8418663    5891.8939097    5890.3593891    5903.9386260    5898.9677855    5899.0595177    5904.8715905    5897.5554827    5904.2599795    5909.1553214    5886.6094481    5903.0866235    5874.4849308    5901.7870819    6824.9817084    6831.2871878    6840.7486335    6834.2818031    6837.1011582    6842.9598448    6830.9028544    6836.1550209    6824.1672965    6831.1354680    6828.4945725    6827.2954029    6858.0903366    6810.2914548    6833.6688561    6836.1166390    6844.7314011    6845.6859335    6836.2327033    6834.1425992    6828.6428062    6843.3446039    6828.7527555    6826.8565185    6836.3933361    6831.8955075    6834.7504589    6836.6265131    6820.6161213    6840.5947645    4392.2838921    4396.4330672    4388.0708649    4377.8648917    4407.7339595    4390.5457046    4384.1325791    4392.3476927    4383.5655819    4419.2460893    4413.4999107    4386.4820653    4410.4318847    4396.4744741    4396.2906994    4397.7348200    4388.8373138    4384.5568929    4388.2191510    4382.8176996    4401.8218759    4402.6695023    4394.2860338    4378.5404241    4408.4228966    4409.1314948    4399.0212438    4402.5291783    4409.2006607    4396.0321217    1831.2411701    1838.6611561    1830.1293546    1811.3710035    1837.4805448    1819.6047715    1833.0629805    1842.5331938    1830.3796595    1815.3747705    1824.5629615    1834.4758230    1811.2577890    1817.8865999    1837.0350739    1816.7908522    1813.8187014    1832.6540622    1818.2058347    1825.3063841    1825.6901583    1827.8681846    1828.2309885    1833.7319619    1830.5154430    1819.2310896    1822.6712990    1840.0695367    1837.1109537    1811.6281356
