      0.0000000  319998.5709267  319398.9835432  364802.1988470 4097544.2830005  347113.4847412 1260785.0835627 19791671.4257505 6968976.6162473 4430970.4371297 16656837.8866456  121264.1358104 1831600.2526449 27568464.7233724  687734.0184367 7014609.9191449  320004.5193262  357022.3923322  321283.8287454  363624.8630721  379986.3974498  320358.0331025 13353575.2422187 6407597.9747073 1042076.6337854 9726596.8817397 4844915.2069601  221426.8832831 5616846.4869540 18694223.5523477 14161830.1611493  319479.6991439 6729309.2754326  324587.8322559 8893135.5029624 10379293.4556240 31773422.2977916 10615986.7804560  614255.4214418 9322502.3993645  320020.2588395 2949598.2150043 2103693.1039446 20236294.7121685 1258770.6677694 1035608.9969559 3469057.9280324  320017.8271519  320011.3963168  409647.4071845 19148412.8624103  571106.0421598 20379622.3749428 2642396.5628944 1631696.0163022  320083.4626192  297834.7092924 27764900.6031787  215094.4342470  320017.7115696  639041.0286696 1342303.6047753  236987.5002986 9608512.2278993 7264762.6674407 10823665.4445201 20296073.7313490 7922415.5476692  316950.7993874 12874985.6262718 17890905.9297050  320130.8559977 13929419.6684342  319986.2464229 1090486.6936803 13172260.7222236 7101157.4236697  856965.7476733  277457.7020869 1398361.4685168 5328147.1498643  667446.3096905  356348.4282011 24387106.3203044 21374217.4566370 1967194.7918969  597047.1814602 3193117.3498800 3536094.3725252  318873.5130615  325631.7988283 21381440.0142120  317603.5889512 8076126.5220685  341848.4122659 3263984.7344035   80940.9563643  796391.5359195  320015.6564817 24892044.4666115
 319998.5709267       0.0000000    1603.0780715  179122.8466229 4417537.5629871  141022.0148878 1219500.3102136 19790844.2600206 7224872.1312878 4419393.7734276 16653798.4245427  199827.3617634 2150419.1207494 27888380.4763787 1007725.3018416 7334604.2146519      66.3079436  160176.4725685   28915.7449638  230144.6618149  207910.5480291   14967.3798774 13350000.6386290 6727596.5200821 1362068.1698709 10046590.4340527 4857742.4038283  536357.7934482 5936839.9019832 18695365.2001483 14481823.7658560   29926.8487719 6724778.4731340   58627.3775287 8888390.2325475 10374362.2441718 32093420.8066304 10935915.6361669  801465.5630983 9328251.2368944     303.6309804 3269587.2573097 2423690.4951686 20234296.3631846 1217436.6800373 1355600.7231029 3501993.8201727     286.9387082     311.1701934  283809.7491007 19468406.2288217  473102.2168512 20377600.1995758 2624714.2049485 1951572.6424686    6525.1203993   54227.2578543 27765166.5266423  504376.9496366     945.1277750  553390.9431919 1303626.6238274   84245.6308534 9604941.3445275 7291155.4506929 10820688.0546784 20518863.2683274 8242394.3135634   46901.4627200 13113050.2659164 18210899.7141585    8996.5019080 14246515.9369777     578.0749192 1410478.5288902 13170799.5442304 7401581.1081023 1176945.2785812   43097.1652398 1361930.8278399 5648135.8506592  986758.1617886  161111.4719110 24385622.9442446 21694210.4366576 1947418.2405982  525615.8577055 3235717.8247676 3523375.5582261    3957.8239927   62267.0898218 21701425.2544237    2482.6917689 8248782.4158248  122436.9730122 3251155.3360472  397135.5046131  742234.1953775    1105.2935890 25212038.1450505
 319398.9835432    1603.0780715       0.0000000  177683.3745185 4416933.2835617  141055.2750504 1218038.8699617 19791090.8384998 7224541.2907660 4417932.2613958 16652336.8119338  199245.3848114 2149839.4185680 27887754.4792991 1007121.8529090 7333999.9094981    1601.7895512  160444.0454798   27570.4950366  228606.4018206  206444.0742495   13564.6870647 13348541.1437590 6726993.5044425 1361462.8155228 10045985.9268214 4856278.3392459  535788.9705358 5936234.9581552 18695617.7661190 14481218.9618348   30189.5356403 6725037.5228618   58579.7155076 8887333.3756249 10372902.3510241 32092817.9295102 10935282.4047624  800012.9460440 9328494.7135200    1595.4766012 3268976.0865713 2423088.5437660 20232833.8142468 1215980.3666995 1354995.6220028 3502157.8969479    1583.3170824    1516.5037865  284027.7337994 19467799.8568023  471640.8572515 20376137.7268698 2624971.9247443 1950976.9951982    5094.6900855   54183.8447352 27765427.2125824  503410.5462571     823.7333044  551975.1371959 1302165.1286037   83444.2102309 9605202.8375182 7289655.9504146 10820949.5302104 20517397.3066200 8241775.3152227   45379.1909119 13111629.9417302 18210295.2721418    7554.9082165 14245722.8295690    1135.7116002 1409874.1088830 13170547.9530806 7401101.9894510 1176345.3558717   42567.0848217 1360476.2295805 5647523.8018811  986077.2910687  159642.7933295 24384349.6003435 21693602.8312689 1947619.5031631  524117.8592767 3235768.4922843 3523578.7850995    3632.6939179   60811.3079581 21700810.2086215    1990.8282382 8247284.3314170  122706.2925146 3250833.3370568  396511.8561534  742467.0405249     921.6421816 25211433.6673778
 364802.1988470  179122.8466229  177683.3745185       0.0000000 4419056.9673668  199840.7625216 1041165.2832226 19774518.2639998 7216286.9004772 4240969.0339849 16475351.6579362  265734.0534415 2154474.0220496 27883300.5097515 1021439.6055676 7334665.7066107  179135.0557826  229734.1122039  150608.2247614   61543.5384496   33331.4002452  164162.1412151 13171416.9756529 6727789.8385814 1371509.2977177 10046063.2695971 4679015.9419683  561538.9301620 5937355.2549637 18680291.9349782 14480775.0620040  178953.4604897 6711823.4799448  170836.1931575 8733054.8958975 10195827.9924504 32091714.0628626 10931737.8060348  687336.8698155 9314585.3367748  179155.3102333 3271528.6463284 2428069.4401203 20055845.0425966 1038803.9891046 1365125.1473558 3490026.7369235  179142.0309566  179073.1528601  322292.8495783 19466884.4100821  295065.8257445 20199149.1942243 2614987.1045336 1957200.5588182  172657.3943759  182531.0083070 27750411.2947167  484806.0715501  178204.4885166  374522.5748196 1125282.7170131  185563.7270814 9591282.2412659 7112893.7328752 10806840.6445498 20390323.4676194 8240320.0998098  132856.1334033 12993975.2842142 18209666.4141614  170192.6884874 14221838.9579972  178658.7643973 1419635.6143877 13096824.4272840 7396413.9071111 1188149.5198354  183195.9350998 1183157.1971899 5647918.1411673  991348.9602730   23351.0359538 24213416.2102676 21692451.7259583 1933950.3572650  347887.3011313 3212994.8216830 3505466.1169133  177015.8450332  117058.7403992 21698752.7325465  178539.0347665 8099445.1749537  208037.4122078 3172450.1412929  428124.8435541  747335.9179624  178036.3695189 25210561.3795941
4097544.2830005 4417537.5629871 4416933.2835617 4419056.9673668       0.0000000 4417749.3959916 4582745.9040514 20278038.2872153 4513071.4475360 6248650.9392479 17229177.7458618 4218219.5900939 2282123.0169770 23472652.3287993 3409812.2620442 2917067.9564617 4417543.1411546 4420404.8503521 4417650.7343159 4387261.3849762 4420491.5009612 4417581.4178891 14058622.4107845 2310229.4965291 3055470.5881699 5629052.8910120 6324998.0367660 3885515.9381731 1519303.8498681 19181844.8403517 10064286.4001562 4415886.1959053 8030830.3554058 4417494.6894422 9925429.3750233 11275742.4883807 27675980.3607944 6519829.7383026 3883861.2200838 10202614.7370962 4417557.4407623 1148093.9579778 1994021.8265342 20703632.7371372 4582247.8114187 3061937.6954056 5231152.3622182 4417555.1147245 4417548.5770066 4404551.8274556 15050873.5531438 4442690.2908750 20844220.4900062 5138511.5081547 2467620.5435796 4417558.9406946 4392069.9442309 28109788.7713878 3934850.0835237 4417554.6053525 4452026.6237621 4605752.5734255 4334218.4929152 10572277.3529323 8122627.3444312 11687917.9574038 17708565.4828215 3825410.3415497 4411316.2791008 10229500.3627742 13793362.1911813 4417550.7768293 9885476.3120073 4417523.0647953 3007059.2517749 13881920.6482165 3586113.0061930 3240769.0734709 4374963.5751683 4620142.8788466 1230882.6588727 3432599.8854251 4418326.8563319 24782614.1984091 17276685.7965170 4801813.3649121 4414097.3013659 4994546.7540406 5650394.6101843 4416409.9240934 4417606.8572856 17284034.3314023 4415140.5193352 6876621.7910812 4419084.6712939 5474629.8471224 4021592.1039196 4454050.4826179 4417554.4758715 20794500.5872181
 347113.4847412  141022.0148878  141055.2750504  199840.7625216 4417749.3959916       0.0000000 1205872.3957710 19651319.9396869 7141352.9374830 4399872.0455782 16632646.1566406  234750.8137128 2141192.2809366 27883670.1317119 1015528.4463228 7333852.6588158  141088.0590535   30078.2849681  132675.4758865  250804.7201551  232700.2998055  137848.6314328 13327687.1949294 6726317.9229183 1367317.0605281 10045535.6651897 4822732.1184195  536266.0762164 5936461.8641802 18555974.0835888 14480460.9293811  111566.2822506 6585485.7745797   82615.4685380 8792203.6497031 10352708.1000596 32090833.5348397 10934351.7287005  797280.0345909 9188956.2218048  141322.5141521 3270485.5751258 2424629.8367417 20213035.7558800 1201209.1927715 1360880.0850210 3363791.5304615  141304.2809242  141308.3573823  146640.8258041 19466843.7970135  472453.7546682 20356337.5386585 2485424.6339495 1950341.1471552  140466.7061962   96981.2860479 27625850.6110840  510987.6706807  141021.3435361  531600.3251679 1289471.1240884  161796.6668609 9465645.0303730 7262856.9766008 10681388.7182578 20502002.9210374 8240975.9836242  140571.2208638 13097677.7579964 18209390.1998412  140206.4706439 14242301.9918351  141246.4480538 1415491.6039486 13032393.6351804 7353117.0041722 1181274.8922790  140409.2282715 1343435.6515007 5647732.5913112  993641.0152811  197269.4841868 24316118.9040552 21692570.2129397 1807477.2670175  522719.7639831 3097171.1493365 3383337.6897325  137458.8340340  143869.0247221 21699664.0390524  141165.4740630 8211357.4556202   27492.6038021 3114342.1489687  409824.3930851  603160.4739522  140572.5998582 25210387.2309887
1260785.0835627 1219500.3102136 1218038.8699617 1041165.2832226 4582745.9040514 1205872.3957710       0.0000000 19816309.7968884 7327212.7906005 3199893.4867042 15434298.1523595 1235395.3936872 2472138.8181638 27892781.0180364 1581968.4720400 7435221.8980168 1219506.8293909 1229856.5556228 1191420.2046040  992873.3174604 1011600.7672441 1204626.7364596 12130562.1856520 6837200.6652251 1827212.8220238 10120225.8976036 3652312.9111030 1331641.4169171 6060269.2067742 18731343.7883379 14532750.6284017 1219780.5619138 6834740.3676812 1208029.0315156 7913428.2196688 9154889.8084967 32116551.7838729 10979657.0380134  874987.6815997 9407908.0845614 1219506.3677361 3484118.5839335 2713171.8662516 19014797.8740091   22703.7636771 1822547.5245668 3701646.3085326 1219494.5146069 1219424.1193070 1252160.3587484 19504943.1261425  746398.1420257 19158101.4384028 2891333.8499886 2301235.8511566 1212982.2160310 1220332.9366995 27792171.2271593 1186571.8381516 1218565.9858741  674362.6036288   84126.3648241 1210031.7629089 9682332.5061445 6081915.9619917 10889463.7841864 19666798.3801037 8319447.5389784 1173075.9811544 12339497.3299251 18251653.4953781 1210508.4301549 14136379.4348921 1219008.2712498 1864150.2360003 12808628.0909146 7500757.9482169 1694631.3003573 1220268.7726907  147110.6140980 5771943.3273357 1527092.1402468 1058405.5343231 23249806.8534510 21725804.0558502 2261086.9085059  695896.3521488 3379341.2387609 3682527.6886094 1217657.4590014 1157248.6611948 21726780.2665939 1218907.0682202 7280177.3259429 1225536.4308737 3002268.8803522 1271809.0300796 1423812.5168347 1218434.6629803 25241481.8783482
19791671.4257505 19790844.2600206 19791090.8384998 19774518.2639998 20278038.2872153 19651319.9396869 19816309.7968884       0.0000000 16552772.5439153 20234755.6787146 25736137.3126653 19777924.7631634 19725535.1660869 33888447.7125086 19816559.3422670 21103189.4361092 19790910.0719202 19630674.5842609 19783764.5327446 19790157.9997205 19790121.2238295 19789039.6869774 23655955.3251017 20870485.7957104 19837905.8310529 22194935.7510804 19807050.7427924 19734220.0540771 20662128.2290238 1110667.3492172 24523476.3512003 19760969.6430657 13066677.2024567 19733518.2970983 16388945.8194609 22195176.4593579 37601755.0093284 22609480.7092318 19801684.5838939 10471236.8234596 19791147.2245577 20059076.0571121 19919375.3748968 28159908.9367059 19793632.9654941 19837389.2599561 16332365.3784593 19791130.5301123 19791144.9772304 19507923.1905438 27761206.0729084 19791944.7794318 28262146.7466549 17166211.5238979 19827046.9390132 19791082.1510638 19743126.2277122 7977883.1414511 19777057.2508468 19790976.4369092 19722315.5781773 19820826.9815754 19791152.6306876 10186863.8964297 20633844.9492881 8971383.4468395 28364718.9268199 21418549.0826001 19789419.7257007 23651812.6030621 26893447.3191041 19791044.3833767 24369722.8129770 19791142.3917044 19841299.0725144 8544222.8948947 18604491.2285939 19808405.7210763 19784229.5967106 19785403.0000112 20580577.0098614 19815138.8149526 19790165.9556901 25185545.4571978 29364145.4403225 17844344.5739204 19792575.4056297 16622267.7010042 16269359.1248099 19787513.4738897 19789025.3779639 29367695.7048092 19791089.6128505 20277313.8169476 19668412.5267611 16820677.7294987 19767642.5443172 19049079.0886632 19790540.9699221 32051814.1981515
6968976.6162473 7224872.1312878 7224541.2907660 7216286.9004772 4513071.4475360 7141352.9374830 7327212.7906005 16552772.5439153       0.0000000 8469491.9770868 18152823.1232972 7057065.1421800 5509520.1032547 22391955.9971814 6442180.3683222 4551234.1947748 7224915.6803914 7130844.5181418 7220895.0568810 7199567.4619968 7226479.6542549 7223916.6395808 15140329.8089480 4355143.7323866 6182582.3628800 6029719.3711349 8194489.3695003 6763775.4174148 4294003.2749732 15485256.2511864 9674374.1044061 7205749.9034269 6274678.0314721 7190697.1317957 9381032.2445429 12620682.3823648 26598328.4582958 6686226.1941698 6794855.7062132 7480812.4661367 7225068.0836257 4988648.5499754 5453002.8970030 21476268.4738740 7313665.1445907 6187185.7086221 5375921.5612959 7225056.3656500 7225060.1141605 7042272.0637341 14315282.7047305 7240403.5503850 21612017.1012452 6046169.8263450 5728799.9178629 7225068.3913653 7175855.4583888 24174483.3601037 6830294.6602463 7224969.9711284 7204071.6353064 7341613.9534958 7158170.0053956 7874149.2603112 9645660.7145195 8740728.9930125 17484927.7793487 4915000.0405192 7219221.5753074 10476904.3357641 13120584.3829810 7225052.8844292 9541177.4983474 7225040.5544451 6147833.4648179 10906364.8387055 2095827.2672487 6305213.8421545 7186691.6398474 7327477.2253575 4295207.6225728 6459216.4667760 7225118.6882313 23926884.1731351 16451954.3311928 6241546.6120897 7216109.6609732 5363062.0196391 5864060.6635888 7221996.3699294 7224079.6075675 16458708.8652524 7223093.3781923 7571183.2398501 7152687.7459020 6070432.9449294 6893525.4523980 6788454.8525164 7224711.9181736 19869409.5805583
4430970.4371297 4419393.7734276 4417932.2613958 4240969.0339849 6248650.9392479 4399872.0455782 3199893.4867042 20234755.6787146 8469491.9770868       0.0000000 12234404.7085441 4423538.6222866 4914821.0242612 28156665.4762857 4532826.2235917 8563004.6936427 4419400.3020605 4422150.0858294 4391298.3025662 4192264.8915108 4211492.8973326 4404519.0896455 8930901.0961523 8049309.3110082 4623107.7364672 10975387.6052788  750467.6347211 4451175.9424579 7399673.8402926 19196635.3961796 15140097.7659626 4419403.2772570 8047223.7351135 4406929.0363100 5811496.5300585 5955115.7785723 32396263.6705236 11713754.0666179 3902656.3830594 10322445.3664631 4419399.8532453 5484807.3556750 5040359.0345273 15814910.6048595 3202241.2313476 4621421.5848495 5622510.1990630 4419388.0003531 4419317.6051211 4428523.4565429 19958074.7894697 3946291.6250905 15958213.2360099 5133863.4776308 4831098.5811187 4412875.7016460 4419346.4155604 28114809.2473979 4310043.4237046 4418459.4660819 3871171.2749832 3115767.1823414 4407841.8876173 10573162.6136023 2949321.2039338 11688630.1229266 17637507.2113935 9311549.9506647 4372956.0653111 10711877.2125513 18739457.8798186 4410401.9162780 14345008.5528079 4418901.7576016 4638434.2043892 12389341.4163867 8618512.6196894 4573211.0480249 4419610.9606461 3058256.7515778 7153183.1954080 4476376.2911857 4258297.4387953 20315364.3749410 22130433.0080525 4766032.1093777 3895079.7673446 5296220.4340896 5541360.4514190 4417546.7564281 4357141.3368833 22115339.8033965 4418798.9025502 5260610.3776172 4420974.0324142 4366571.0734380 4426003.2879889 4476779.1925996 4418328.0518232 25596427.2091443
16656837.8866456 16653798.4245427 16652336.8119338 16475351.6579362 17229177.7458618 16632646.1566406 15434298.1523595 25736137.3126653 18152823.1232972 12234404.7085441       0.0000000 16654600.0170529 16791792.0465467 32218810.9928104 16684125.7761867 18196288.5178271 16653804.9568561 16654415.0521689 16625698.7176096 16426548.6402465 16445896.9740423 16638923.4291226 3306755.5177282 17960508.6586629 16707748.5049112 19447821.6014015 11855074.4520047 16661710.9321161 17677301.2182434 24996207.6810824 22065600.7567997 16653731.7532925 17960393.6159603 16641057.7650513 10597270.0121419 6279954.2607515 36155163.6481473 19740481.4677458 16104758.2693825 19088461.4136011 16653804.5145754 16955962.8551676 16828918.4451177 3580611.5786613 15436582.6481036 16707447.6029592 16997579.5222410 16653792.6613650 16653722.2653343 16656225.5062122 25601485.8924055 16180696.2720578 3723894.1656221 16852121.3653787 16767485.3651370 16647280.3626163 16653500.9358160 32376425.0986745 16524088.4491012 16652864.1248549 16105082.8946664 15350171.8332624 16641656.6162297 19225235.6229725 9452855.8177529 19860506.2450767 14505576.6260472 18503376.5876897 16607356.2239835 12652299.1501130 24676010.6783229 16644806.5756635 20427038.6772510 16653306.4145272 16712629.6487332 17376094.9404506 18219875.9551576 16694959.2017350 16653855.4308342 15292463.2640458 17556472.0363427 16630076.8088033 16492701.4179591 10619014.8640459 27319145.7514510 16698662.0912923 16129362.5186847 16746915.7248125 16884608.2819395 16651950.0762841 16591545.7232328 27257153.3343765 16653202.7752188 10938384.1642582 16654126.7975271 15695017.5502412 16647250.7589287 16665722.5821254 16652732.6831664 30213983.2529879
 121264.1358104  199827.3617634  199245.3848114  265734.0534415 4218219.5900939  234750.8137128 1235395.3936872 19777924.7631634 7057065.1421800 4423538.6222866 16654600.0170529       0.0000000 1950617.0319680 27688840.3859565  808505.0302803 7135269.9232288  199837.5317031  247206.4569915  201404.4593151  279851.9354484  286773.2828331  200262.5587279 13350838.4888749 6528199.2167960 1162812.8465813 9847258.8796852 4845516.1952059  336920.7736940 5737515.2005828 18681185.0111189 14282488.9895516  198231.2073289 6712993.0845030  203943.3689084 8882433.5375726 10375830.5272499 31894000.3626914 10736615.5559976  673029.6329459 9310556.4175788  199868.5330780 3070278.4379190 2224277.7717020 20234575.8850079 1233112.3878107 1156344.9981709 3465278.3607770  199865.0124457  199859.4521285  322168.3578975 19269069.3956963  513194.1895098 20377898.8089346 2618388.2749029 1751914.7465882  199959.3675344  176874.6074218 27751743.3159113  316694.9460937  199854.6304876  586330.1699201 1318469.5699115  117478.9643840 9593092.2862448 7271990.2689217 10808609.2279431 20379470.0783542 8043036.6169330  198721.5662049 12964069.9819611 18011562.4691452  200037.2569283 14048920.2603170  199833.9116022 1211219.9374804 13158607.5666263 7209738.5415522  977481.0286899  156930.6887703 1375365.2875983 5448812.5482411  787877.0983568  254793.8702350 24381150.2211686 21494872.3617414 1940835.2059129  549524.7035267 3192763.4193969 3515088.1010077  198501.3164535  208755.2689357 21502089.1286625  197453.8311040 8138052.8576532  226828.9759561 3243499.4586766  197448.9451899  748286.4626810  199824.7807336 25012700.4246224
1831600.2526449 2150419.1207494 2149839.4185680 2154474.0220496 2282123.0169770 2141192.2809366 2472138.8181638 19725535.1660869 5509520.1032547 4914821.0242612 16791792.0465467 1950617.0319680       0.0000000 25743405.0943734 1149492.9424547 5194980.3814320 2150430.2477570 2142769.8307566 2150054.8637358 2126589.1263379 2158549.0892249 2150349.1383775 13518755.3759132 4587185.6058739  801638.1399439 7905988.6817479 5149918.0069482 1614486.8571587 3798505.7946976 18622666.2239383 12340467.0693305 2146347.1904660 6876017.7627605 2145938.7488768 9043962.6520817 10593810.2701346 29950123.2149014 8795623.6065478 1675207.8324640 9330700.9432308 2150464.5923365 1141586.6797554  324566.6890676 20344661.3369884 2469501.5857128  807919.6937885 3672185.5481500 2150460.8697924 2150455.6415702 2123005.3045197 17326664.0695630 2201761.2225877 20487446.5130345 3249254.6013051  227551.0745255 2150471.1896251 2121227.4148429 27663873.8453560 1671212.2241955 2150448.2062705 2214650.1032775 2514620.8968478 2067452.9178079 9663454.9956164 7374779.7868601 10852321.8311475 19080183.4412863 6101955.7761111 2144394.1178181 11595525.5799786 16069214.4812575 2150466.4975913 12127480.5693886 2150430.3882668  754575.1484698 13169943.7278922 5355773.9341096  979811.0546011 2107430.9603182 2540397.0911759 3510198.7817905 1172813.1974257 2154335.7470605 24415773.8646992 19552352.8515118 2754419.5954578 2179877.0203408 3390088.0876814 3969285.8300872 2149016.5699239 2150843.6255193 19559610.5787991 2148052.0447168 7260352.3946242 2143374.9733309 3747810.2867304 1753544.9940798 2189732.8801855 2150411.3472162 23070055.1437619
27568464.7233724 27888380.4763787 27887754.4792991 27883300.5097515 23472652.3287993 27883670.1317119 27892781.0180364 33888447.7125086 22391955.9971814 28156665.4762857 32218810.9928104 27688840.3859565 25743405.0943734       0.0000000 26881016.2588528 20557110.4762416 27888387.4132924 27885776.1533850 27887772.8221328 27849007.9446125 27883432.3608262 27888100.3853684 30687009.3825624 21163095.0331983 26526782.5051230 17847175.7544292 27862078.6460593 27354854.7981695 21954078.9887670 33176068.2174598 13416783.1712842 27886078.5764182 28537089.6995630 27886695.6281052 29051445.5899022 29576555.7014069 4257358.3079989 16955686.1297764 27309755.6883762 28975350.4301969 27888406.1715534 24619789.6147094 25465286.6636392 34127825.4477320 27892358.0549223 26533250.0561853 27540850.6118483 27888403.3180115 27888395.7838536 27862392.0024483 8440646.9260321 27883660.9506894 34212819.2706669 27962142.7937484 25937304.6159786 27888284.6550611 27861793.6945243 38958674.5566283 27400887.1454399 27888383.0659245 27882489.8278725 27894954.4994207 27804854.4493318 29324378.8970925 27943769.1799405 29723444.1936844 19562315.8240920 19647897.1618921 27881089.3401829 19822280.9549484 9695437.0589167 27888227.4727826 13837619.4441687 27888362.7053778 26478406.6581994 30526786.4251402 21027125.6538355 26711645.3500889 27845690.9913428 27893392.5053704 22242092.2356439 26902446.2534734 27883765.6199240 36607893.7964729 6223989.9569936 27890108.8404663 27849046.4313677 27438265.6638528 28041259.5466711 27887155.5726830 27886921.0444118 6209956.5170186 27885978.1036828 24156893.6759969 27886184.8374148 27985452.0720175 27491755.7619221 27858463.2119928 27888372.3070976 2765204.2901259
 687734.0184367 1007725.3018416 1007121.8529090 1021439.6055676 3409812.2620442 1015528.4463228 1581968.4720400 19816559.3422670 6442180.3683222 4532826.2235917 16684125.7761867  808505.0302803 1149492.9424547 26881016.2588528       0.0000000 6326879.0715852 1007730.8792717 1020346.3765602 1008158.7615993  997788.3664386 1027049.3422188 1007854.9585573 13387191.5127636 5719887.1569083  354345.1857741 9038865.1367524 4889221.0012258  479452.4078871 4929114.7071141 18715911.8248753 13474098.4989345 1006417.5034990 6795823.2018907 1009000.0684035 8945301.1507162 10423191.3002333 31085715.4665031 9928407.7065273  707597.6239901 9352883.0493630 1007745.2035951 2261878.5664736 1416021.8460396 20257676.7959154 1580412.2363401  347877.1156331 3503268.7637479 1007742.8743899 1007736.3415070 1025461.4347240 18460681.8337805 1113154.2368013 20400935.3436719 2811574.8438883  944836.2787642 1007762.9529941  983159.6295927 27782422.3969225  540546.3466846 1007742.6779500 1149641.8028425 1647630.9751829  924470.9968345 9657739.1378004 7255920.5019604 10867606.0205219 19826259.1198653 7234735.8521144 1002336.3403035 12375835.6097018 17203174.4249767 1007769.4724910 13248382.9356092 1007710.9187625  402753.5759146 13206937.7109986 6464050.5918474  169994.3792517  965169.4939493 1692612.3910922 4640427.7369342   57354.5070184 1018398.6333648 24406468.2257193 20686487.5937500 2179710.8475229 1105361.9144015 3214983.6904842 3664631.4961003 1006603.2979037 1009278.1404047 20693727.8743401 1005328.4074077 7737687.1514932 1014992.2121574 3399991.4343868  612376.5375531 1230730.5535178 1007742.6898675 24204312.8466319
7014609.9191449 7334604.2146519 7333999.9094981 7334665.7066107 2917067.9564617 7333852.6588158 7435221.8980168 21103189.4361092 4551234.1947748 8563004.6936427 18196288.5178271 7135269.9232288 5194980.3814320 20557110.4762416 6326879.0715852       0.0000000 7334609.8246389 7336239.8888571 7334675.4384133 7301966.7888253 7335605.8297467 7334636.6451441 15226875.3813854  607891.8937231 5972537.3148013 2711989.0440531 8498799.2950575 6802324.5115932 1397769.7145605 20034316.0624380 7147221.3710838 7332898.1977927 9928133.8773977 7334378.4992383 11521881.0957363 12705054.8192488 24758969.6559062 3605658.1991222 6783526.4540871 11691851.9529462 7334624.2349306 4065083.9923705 4911017.8373350 21510757.8880081 7434924.8167035 5979004.4377619 7662092.0014553 7334621.9008925 7334615.3672967 7317855.7952307 12133812.6764668 7349720.4138387 21646426.9673202 7788955.1403561 5384251.8772409 7334623.5864180 7309009.8965681 28706692.3419692 6850870.0543428 7334621.2514842 7355359.0410181 7449382.9233547 7251277.7564177 12082592.6400283 9789220.4957620 13069663.8758305 16249316.3051898  911555.1739477 7328283.3988028 9032526.8343476 10876296.3300325 7334613.5996852 7044350.1070140 7334589.8301522 5924126.1723804 15057106.4145707 2560137.1345130 6157803.5110049 7292024.9635070 7457265.3992052 1686810.2586494 6349477.9343522 7334219.4303627 25463490.4564051 14359631.9922034 7560456.0139814 7318692.6524702 7475104.2769190 8135261.4390323 7333474.2597140 7334496.1029943 14367111.4768726 7332207.2523535 7413952.2893426 7335417.5487929 8009790.0642990 6938599.6313818 7346100.9057241 7334620.8926097 17877434.9355080
 320004.5193262      66.3079436    1601.7895512  179135.0557826 4417543.1411546  141088.0590535 1219506.8293909 19790910.0719202 7224915.6803914 4419400.3020605 16653804.9568561  199837.5317031 2150430.2477570 27888387.4132924 1007730.8792717 7334609.8246389       0.0000000  160242.2295919   28937.6532699  230151.9190407  207917.0496498   14981.2946954 13350007.7894093 6727602.4365694 1362073.7461494 10046596.0142309 4857756.4730726  536371.1677420 5936845.4849939 18695431.0059815 14481829.3476212   29992.8326473 6724844.2446024   58693.0012617 8888432.8363536 10374369.1790941 32093426.7891398 10935921.3441808  801474.0974558 9328317.1223093     237.6003855 3269592.8667305 2423696.6040408 20234302.9049877 1217444.4178569 1355606.3019670 3502059.7303866     221.2609083     249.8967275  283875.7328842 19468411.8177893  473108.7210629 20377606.7401515 2624779.9721349 1951580.2422519    6528.9146996   54287.8336618 27765232.2819570  504386.5461109     943.9571859  553405.8124176 1303633.1435542   84251.9350704 9605007.0935016 7291166.2033110 10820753.8036183 20518872.0225256 8242400.1285187   46910.1610033 13113058.8661728 18210905.2996695    9001.1571774 14246522.3348132     552.5360815 1410484.1011741 13170863.6206903 7401608.8729168 1176951.8347015   43112.8873616 1361939.2285482 5648141.4677481  986764.0694255  161117.9691355 24385652.4074515 21694216.0344239 1947484.2539284  525622.7394681 3235783.8178392 3523441.5158221    4017.5971823   62275.0457950 21701430.8900491    2483.8777044 8248800.0955918  122502.7358390 3251218.5735930  397145.7397565  742300.1376772    1130.6075636 25212043.7257071
 357022.3923322  160176.4725685  160444.0454798  229734.1122039 4420404.8503521   30078.2849681 1229856.5556228 19630674.5842609 7130844.5181418 4422150.0858294 16654415.0521689  247206.4569915 2142769.8307566 27885776.1533850 1020346.3765602 7336239.8888571  160242.2295919       0.0000000  155886.8209433  280426.9610609  262511.8564974  159198.9794583 13349309.4295411 6728642.7770622 1371442.8884434 10047826.9703845 4842688.8727102  541156.5356413 5938959.0550641 18535192.4426683 14482668.1238321  130312.3667852 6564603.3063593  103752.8908420 8798580.9966824 10374462.3926866 32092798.4900526 10937045.0904962  817235.1571631 9168145.0686292  160479.4032049 3273472.1702467 2427652.1190653 20234774.5551552 1224860.0365209 1365011.1624658 3343530.2947721  160462.8157512  160477.9249006  124736.9712960 19469022.7736223  499412.8661297 20378075.1625898 2464538.0242248 1953179.7963565  160605.4196364  115339.9689623 27604990.1806233  523392.2515973  160319.9316637  555981.6065153 1313311.4101276  181175.2165694 9444764.9554439 7283773.6573047 10660511.6647891 20518901.6858722 8243501.7459520  165885.4994849 13113667.0451748 18211549.6537362  160708.7979950 14247354.7602190  160479.8777192 1419532.4463614 13020191.9638551 7348224.2952857 1185401.1483321  159299.9414190 1366658.6495163 5650359.1156975  999663.9177221  227286.5143702 24329036.0729604 21694751.2808809 1787363.1203252  549349.7191180 3078560.1962782 3363325.8498035  156876.9748392  170594.5518860 21701953.9168345  160445.5338507 8227675.0453179   37739.7580789 3103809.8789278  417932.6117512  582181.3494077  159886.4684870 25212504.2210396
 321283.8287454   28915.7449638   27570.4950366  150608.2247614 4417650.7343159  132675.4758865 1191420.2046040 19783764.5327446 7220895.0568810 4391298.3025662 16625698.7176096  201404.4593151 2150054.8637358 27887772.8221328 1008158.7615993 7334675.4384133   28937.6532699  155886.8209433       0.0000000  202568.2264236  179951.2149199   14195.3920283 13321838.6398628 6727642.0251900 1362363.9983260 10046648.5556306 4829141.9155939  536310.3563376 5936916.9048755 18688478.6129778 14481863.9983888   36322.7120871 6718022.6470418   52650.0481664 8861373.0263953 10346221.9848672 32093410.3444199 10935415.9887610  782163.4436421 9321482.3438848   28994.5284780 3269599.3773456 2423826.4214189 20206196.3885161 1189231.9943494 1355902.1561884 3495196.8275337   28978.9723186   28914.4572750  278439.9944482 19468409.2282979  445056.9567744 20349500.2606595 2617971.1133420 1951595.3519084   22726.5326732   55727.2967610 27758364.8918741  497298.7484565   28043.4222804  524659.6538122 1275545.2048185   85126.0219843 9598167.7280378 7262873.4116335 10813909.5711411 20498806.3937604 8242151.7182924   20301.7822403 13094467.4462929 18210940.3285658   20387.1764485 14242832.7945614   28512.0090989 1410782.2556558 13154873.5105128 7399304.4880383 1177212.4797231   51035.5846028 1333661.9075230 5648079.1080183  985697.2600005  133203.4731694 24356934.0055342 21694187.0251112 1939813.3604731  497628.3764567 3227228.4255205 3515556.6726809   26510.0596455   34598.4546834 21701257.6751100   28501.3530506 8224764.5019405  118958.9088604 3234155.3925928  396947.3489542  735784.5416382   27811.0884401 25212072.8902378
 363624.8630721  230144.6618149  228606.4018206   61543.5384496 4387261.3849762  250804.7201551  992873.3174604 19790157.9997205 7199567.4619968 4192264.8915108 16426548.6402465  279851.9354484 2126589.1263379 27849007.9446125  997788.3664386 7301966.7888253  230151.9190407  280426.9610609  202568.2264236       0.0000000   39336.9741323  215478.7305129 13122749.6624820 6695289.2597161 1344989.1042895 10012988.0027376 4629943.2772547  549420.4005686 5904952.8832117 18696070.1912517 14447388.0497610  231753.1574626 6728848.4167380  224873.2119870 8702211.8371656 10147148.0985284 32058060.9760579 10897611.3095305  632129.0251145 9330300.7817877  230153.6290048 3240302.8278193 2398319.6050240 20006982.9507395  990866.2411306 1338652.0948499 3503319.9518253  230141.5569731  230071.0100972  363426.8598788 19433270.3005663  248447.8306056 20150291.2649084 2634429.0220776 1928866.6984420  223712.4426525  232161.0838117 27766353.8310839  458374.0120652  229224.5625799  331277.2468433 1076944.9548768  220059.9154914 9607980.4180863 7061739.8723561 10823416.1041204 20331717.9351413 8206986.0383960  183269.5851668 12936290.8526381 18176152.7419486  221269.5461716 14182212.5907388  229656.3238387 1392878.7688741 13095629.7574848 7371083.7504938 1163163.6925088  227487.8872830 1135255.5280347 5615358.9314685  965078.9498334   74418.6399425 24173425.9843541 21658744.6709546 1952716.6224808  297187.4147539 3222255.4945791 3522115.4341141  228171.1496236  168877.2977387 21664795.9213724  229190.9566143 8042744.2717390  260689.5055581 3171146.6584140  420648.1226796  774813.1767924  229095.4089650 25176896.0259530
 379986.3974498  207910.5480291  206444.0742495   33331.4002452 4420491.5009612  232700.2998055 1011600.7672441 19790121.2238295 7226479.6542549 4211492.8973326 16445896.9740423  286773.2828331 2158549.0892249 27883432.3608262 1027049.3422188 7335605.8297467  207917.0496498  262511.8564974  179951.2149199   39336.9741323       0.0000000  193045.9999496 13142110.0006208 6728872.2701992 1375703.4451413 10046790.4809682 4651603.6736384  573243.4007818 5938455.8453102 18696113.4046081 14481327.2376091  209986.1808718 6728278.4685364  203364.4933778 8717968.6860765 10166466.9402140 32092157.9195845 10931839.0175560  671439.8916040 9330804.8971795  207916.6153524 3273264.4430523 2430661.9112850 20026392.1497767 1009585.9087479 1369343.7286764 3506938.2536666  207904.7410918  207834.2875607  351935.7021223 19467306.8944302  265207.1366332 20169696.1937943 2632647.1921637 1960696.2631118  201392.7301877  214327.8917626 27766229.2340541  488754.0135413  206976.2958828  348263.6524971 1095726.7695678  211825.7480810 9607486.0165198 7084562.3251446 10822978.2407831 20369598.2851095 8240901.9483475  161527.3874713 12974868.9544994 18210148.2673049  198918.9401935 14218488.1279278  207418.2200655 1423711.9958013 13101968.2531488 7402663.4912425 1193223.9491151  211957.1616405 1154134.9608229 5648923.6997683  995560.6765686   46804.9207899 24191500.2984620 21692820.6138596 1951416.0893633  318259.0940517 3228140.2772139 3521521.1433266  206085.8346279  145665.5867327 21698972.0535881  207306.3144433 8077795.5005002  241324.8394430 3177388.0346313  441310.2631616  769775.4724619  206845.6256139 25210957.1399570
 320358.0331025   14967.3798774   13564.6870647  164162.1412151 4417581.4178891  137848.6314328 1204626.7364596 19789039.6869774 7223916.6395808 4404519.0896455 16638923.4291226  200262.5587279 2150349.1383775 27888100.3853684 1007854.9585573 7334636.6451441   14981.2946954  159198.9794583   14195.3920283  215478.7305129  193045.9999496       0.0000000 13335110.7895909 6727623.0810374 1362152.9308799 10046619.0646044 4842815.7753615  536369.3791518 5936871.0086038 18693662.6510831 14481846.2723363   31902.4745083 6723135.7524661   55582.2532662 8875191.2936448 10359477.3801487 32093432.5456118 10935649.9050350  791174.3541010 9326605.0795119   15010.0084644 3269568.9330239 2423741.7609423 20219421.3812628 1202534.4654280 1355688.1760965 3500297.1006272   14996.0978269   14928.2861932  282549.1642034 19468410.9686075  458231.0120316 20362725.2243321 2623055.2773259 1951597.3032837    8584.3306012   54733.5140430 27763510.6574065  500506.0602594   14056.6540932  538425.7478284 1288752.9700808   83415.5732557 9603293.5874609 7276293.6270605 10819038.8747337 20508255.0349091 8242266.3314720   32233.2233073 13103217.9024908 18210924.1271220    6197.5914391 14244567.4254846   14516.3998195 1410570.2349657 13164196.8162403 7401036.8129990 1177031.4796580   45398.8008693 1347015.4025390 5648095.2862333  986094.1745068  146250.9451770 24371128.9018130 21694201.8688288 1945289.9958368  510778.3474734 3233109.5707463 3521156.0838124   13181.0185139   47380.6871136 21701340.5104790   14607.9395527 8236342.9357258  121675.1472624 3243937.1613771  396902.1526728  740633.1446078   13876.8309828 25212060.9748319
13353575.2422187 13350000.6386290 13348541.1437590 13171416.9756529 14058622.4107845 13327687.1949294 12130562.1856520 23655955.3251017 15140329.8089480 8930901.0961523 3306755.5177282 13350838.4888749 13518755.3759132 30687009.3825624 13387191.5127636 15226875.3813854 13350007.7894093 13349309.4295411 13321838.6398628 13122749.6624820 13142110.0006208 13335110.7895909       0.0000000 14944342.0016851 13416768.3209459 16701168.4748672 8550101.8307681 13359104.6366225 14604054.4284945 22834623.3112615 19686231.2962439 13349659.9953716 14891886.4222033 13336748.9696020 7768041.1697073 2975894.0104911 34748935.8849959 17082426.4714507 12803239.1308596 16214446.9667619 13350009.5758396 13726880.9284998 13566171.9216036 6886023.6759752 12132618.4620113 13416341.4855821 13749716.7222944 13349997.5665017 13349927.3112098 13350364.9711097 23582937.1692109 12876922.3340766 7029302.8305028 13574253.5557449 13489806.3967861 13343485.7101551 13349261.6497469 30694867.4902802 13221581.3487050 13349067.7163277 12800661.5361904 12046440.4707747 13337858.9538929 16373239.2921315 6161449.5010540 17105841.0090432 14416649.8484572 15610160.8265757 13303547.0946989 10870335.2288970 22571597.1995395 13341011.8965656 18176935.3687848 13349511.4773044 13422601.1574705 15140985.1132676 15235366.2410087 13400477.2030424 13349981.3203081 11988342.5306361 14463996.9466408 13332880.4682437 13188912.2514475 12732619.4399548 25439308.1010993 13404770.1354981 12825575.3950682 13490344.8191301 13638599.0222732 13348120.7339697 13287738.3751372 25387162.3457836 13349405.8433540 8058794.3685669 13349294.8959479 12438179.4620951 13344113.4450674 13359063.4273529 13348932.2189158 28519126.8651690
6407597.9747073 6727596.5200821 6726993.5044425 6727789.8385814 2310229.4965291 6726317.9229183 6837200.6652251 20870485.7957104 4355143.7323866 8049309.3110082 17960508.6586629 6528199.2167960 4587185.6058739 21163095.0331983 5719887.1569083  607891.8937231 6727602.4365694 6728642.7770622 6727642.0251900 6695289.2597161 6728872.2701992 6727623.0810374 14944342.0016851       0.0000000 5365553.3743084 3319260.9403751 8005623.5588365 6195030.1527166  791421.3831154 19794566.9954337 7754391.8910705 6725756.5963101 9468218.6627810 6727125.4774720 11131447.3196003 12364613.0465020 25365828.6162022 4211970.2984389 6178817.0177267 11310112.8185188 6727617.9537785 3458166.1596911 4303922.1638916 21312628.8460377 6836770.1092579 5372019.9032251 7110752.4688306 6727615.5427716 6727609.0824334 6710019.8337024 12740952.6052572 6744101.6231354 21449484.8347638 7208928.8838536 4776926.8618411 6727617.7837626 6701793.0988857 28528006.6863899 6243914.5894804 6727614.2541030 6749916.2389770 6852609.3756328 6644273.7314271 11698519.5669894 9391042.5481072 12712456.4086026 16521316.9250565 1516925.0938005 6721285.9189502 9218778.2393031 11483438.2657901 6727608.0517550 7631044.3448552 6727583.5685057 5317143.1994609 14746198.2209425 2510794.6019744 5550718.3101989 6684986.8231890 6861230.6017613 1080407.6788036 5742511.7892120 6727378.1825462 25284882.5888219 14966761.3254787 6966918.5005397 6713404.7539135 6916381.1995009 7578125.8313924 6726451.2729752 6727508.3345715 14974207.5227371 6725200.7839283 7203906.0490254 6727930.8517086 7446498.5771169 6331469.4984358 6739020.6497633 6727611.8759687 18484561.2066731
