      0.0000000      16.8511349      26.8140865      16.3908672      35.3524293      29.8082192      25.6106773      33.4024046      37.9966794      15.1585759      31.7245227      25.5934878      36.5986523      18.1450465      24.5627988      18.8057091      24.8991057      28.0564723      18.2258564      27.7818911    5927.7710891    5955.7760367    5937.2550440    5939.7382075    5933.3156212    5931.8517340    5935.1651566    5919.9655632    5953.2505405    5930.2832412    5940.3930402    5937.4510633    5921.0643375    5942.9155013    5934.8771779    5943.9378391    5934.9038985    5913.7970933    5935.6686079    5926.2471629    5928.0888617    5922.1034232    5941.7891041    5947.8099955    5923.5179288    5936.9725380    5942.2131077    5940.8618999    5951.4357544    5937.0905860    5933.3266936    5942.8510626    5936.1822069    5944.1971609    5932.7650116    5948.8447354    5929.0720035    5941.3377230    5938.0198927    5923.1030719    7600.1903835    7611.0568331    7608.4846622    7605.0250516    7610.6965077    7599.1348955    7613.0943933    7595.9613553    7579.6376481    7600.0735063    7589.9772761    7609.3298994    7597.0293843    7615.2382516    7597.4281504    7593.2787665    7587.4627318    7605.2945854    7611.8612358    7604.4911482    2647.1848824    2640.4480268    2652.4194748    2639.6562491    2655.1801709    2622.6476688    2657.4202319    2650.9744229    2641.8088114    2637.0355228    2632.5497032    2658.1887237    2643.5409728    2621.2878831    2636.6679688    2633.4190731    2643.3154721    2655.5941469    2648.6637843    2642.0688512
     16.8511349       0.0000000      12.4437167      16.4343425      19.6795013      13.2083306      10.7614783      23.5495515      24.1073846      10.0133517      24.0678394      15.4350813      22.4466358       8.2098323      20.2990767      13.1008739      13.9421251      19.4819100       4.7088850      13.5743713    5917.2618299    5945.2187647    5926.6792920    5929.1929964    5922.7651322    5921.2950725    5924.6081255    5909.4204760    5942.6818065    5919.7292663    5929.8185870    5926.8685843    5910.5088953    5932.3582993    5924.3425184    5933.3807980    5924.3053808    5903.2501124    5925.1584723    5915.7093704    5920.8339804    5914.8733797    5934.5126387    5940.5546013    5916.2855323    5929.7157826    5934.9574780    5933.6505529    5944.2293733    5929.8558967    5926.0888342    5935.5889944    5928.9560765    5936.9287860    5925.4847487    5941.6311880    5921.8771900    5934.0653073    5930.7493587    5915.8712527    7588.7985394    7599.6682039    7597.1235588    7593.6316108    7599.3041107    7587.7260939    7601.7093966    7584.5867400    7568.2480063    7588.6924079    7578.5797367    7597.9524532    7585.6446171    7603.8364625    7586.0506595    7581.8921601    7576.0629317    7593.8727979    7600.4501768    7593.0987436    2662.0230062    2655.3477808    2667.3546831    2654.5729142    2670.0391920    2637.5254344    2672.2728714    2665.8731540    2656.6824715    2651.8909132    2647.3946313    2673.0983776    2658.3919208    2636.2101135    2651.5273250    2648.3451017    2658.2216015    2670.5104489    2663.5857616    2656.9236727
     26.8140865      12.4437167       0.0000000      17.5811296      20.8388289       7.3669705      16.5103253      22.5592163      22.9619675      21.1550324      17.7226618      18.7335429      13.2265260       9.2567858      16.1035333      15.1472997      19.5659513      17.1140935      15.6310791       6.4009464    5914.7733960    5942.7039520    5924.1565967    5926.6957312    5920.2702589    5918.7783878    5922.0956107    5906.8927326    5940.1762200    5917.2350918    5927.3026388    5924.3590982    5908.0016344    5929.8684357    5921.8425686    5930.8700309    5921.7876619    5900.7509358    5922.6760264    5913.2453349    5914.3891772    5908.4540108    5928.0756652    5934.1210100    5909.8422618    5923.2819451    5928.5152991    5927.2327128    5937.7806938    5923.4247642    5919.6616196    5929.1644773    5922.5263306    5930.4783669    5919.0342083    5935.2244594    5915.4639499    5927.6091245    5924.3188680    5909.4400653    7577.2179919    7588.0847881    7585.5464039    7582.0472760    7587.7182466    7576.1603308    7590.1424247    7573.0126391    7556.6721884    7577.1154443    7566.9966640    7586.3754499    7574.0582832    7592.2458547    7574.4824728    7570.3139165    7564.4793765    7582.2994916    7588.8725587    7581.5205140    2666.3419852    2659.7766690    2671.8055058    2659.0033862    2674.4082786    2641.8879563    2676.6068733    2670.2585357    2661.0097649    2656.2456282    2651.7378889    2677.5047630    2662.7182777    2640.6252925    2655.8674903    2652.7887397    2662.6421839    2674.9436502    2668.0485438    2661.2781687
     16.3908672      16.4343425      17.5811296       0.0000000      34.8988997      23.8332388      26.2814436      31.2745925      36.5968001      22.3260772      21.6898521      26.1694378      26.1310490      10.7291036      11.7790824      14.8338646      25.0970290      22.8996858      20.8279403      20.4020021    5928.3817059    5956.3530464    5937.8221503    5940.3387609    5933.9197734    5932.4260320    5935.7452646    5920.5238086    5953.8409882    5930.8885533    5940.9694269    5938.0368512    5921.6515813    5943.5270124    5935.4733745    5944.5203991    5935.4792000    5914.3950131    5936.2876007    5926.8932363    5922.3054875    5916.3552169    5936.0229012    5942.0446604    5917.7321289    5931.2070740    5936.4341179    5935.1121430    5945.6357714    5931.3246729    5927.5677001    5937.1016140    5930.4166525    5938.4077878    5926.9779759    5943.1131860    5923.3259700    5935.5400231    5932.2627341    5917.3364125    7586.5058530    7597.3659590    7594.8005968    7591.3333332    7597.0015417    7585.4830642    7599.4353505    7582.2860991    7565.9620498    7586.3938967    7576.2888969    7595.6494653    7583.3319409    7601.5357721    7583.7651851    7579.5977416    7573.7738544    7591.6304478    7598.1863950    7590.8113239    2650.9048858    2644.3155195    2656.2989743    2643.5137397    2658.9730650    2626.4143569    2661.1559999    2654.7660240    2645.5165012    2640.8055236    2636.3072720    2662.0092545    2647.2642952    2625.1138488    2640.4092605    2637.2926059    2647.1635447    2659.4569532    2652.5743463    2645.8389657
     35.3524293      19.6795013      20.8388289      34.8988997       0.0000000      13.7188926      10.6967258      26.2730981      16.5234201      22.6784532      34.0477825      21.0224860      23.7673672      25.0377705      35.3458989      28.2706293      18.7016800      28.3043626      17.2389918      20.1442776    5903.2271288    5931.1393490    5912.5806397    5915.1139368    5908.6759330    5907.2186372    5910.5269350    5895.3723312    5928.5762323    5905.6342436    5915.7150617    5912.7467525    5896.4249032    5918.2540824    5910.2817785    5919.2977661    5910.1681382    5889.1705750    5911.1164046    5901.6080733    5915.7956922    5909.8458766    5929.4329319    5935.5033300    5911.2799376    5924.6628279    5929.9150802    5928.6496953    5939.2688820    5924.8336886    5921.0576569    5930.5179251    5923.9454464    5931.8757332    5920.4138409    5936.6150227    5916.8967676    5929.0122818    5925.6718186    5910.8536451    7583.1163031    7593.9942153    7591.4839706    7587.9514355    7593.6273149    7582.0004841    7596.0213325    7578.9230370    7562.5635927    7583.0222369    7572.8919072    7592.2878324    7579.9800529    7598.1510232    7580.3755353    7576.2151775    7570.3722546    7588.1363996    7594.7351828    7587.4128706    2680.0283112    2673.3341100    2685.3757525    2672.5858293    2688.0235191    2655.5492003    2690.2855213    2683.9059594    2674.7381923    2669.8855663    2665.3846279    2691.1259424    2676.4105677    2654.2498046    2669.5448301    2666.3591999    2676.2277840    2688.5193623    2681.5714372    2674.9175028
     29.8082192      13.2083306       7.3669705      23.8332388      13.7188926       0.0000000      12.0441815      21.9928734      18.3422730      20.7555367      22.5673901      17.6761358      13.7355155      14.2661981      22.8845684      19.0731962      17.4981542      19.6236894      14.3300953       8.4241495    5910.1038946    5938.0239748    5919.4712458    5922.0116207    5915.5817317    5914.0999697    5917.4143879    5902.2276744    5935.4841200    5912.5441921    5922.6138137    5919.6617868    5903.3180670    5925.1730279    5917.1660266    5926.1876963    5917.0865211    5896.0670854    5918.0022968    5908.5447543    5914.0733382    5908.1360809    5927.7423272    5933.7975883    5909.5383784    5922.9579335    5928.1972940    5926.9244891    5937.4951692    5923.1116966    5919.3442162    5928.8313864    5922.2172938    5930.1583380    5918.7074584    5934.9077848    5915.1623064    5927.2904960    5923.9847745    5909.1287277    7577.8964857    7588.7670852    7586.2401967    7582.7274511    7588.4000651    7576.8189400    7590.8155048    7573.6965940    7557.3487202    7577.7976411    7567.6736378    7587.0597586    7574.7448191    7592.9255408    7575.1607130    7570.9938405    7565.1553880    7582.9558252    7589.5380013    7582.1970881    2672.0774811    2665.4780232    2677.5145293    2664.7143079    2680.1236335    2647.6195765    2682.3414680    2675.9880321    2666.7620847    2661.9683146    2657.4616289    2683.2271619    2668.4569457    2646.3499325    2661.6023118    2658.4968449    2668.3530278    2680.6524627    2673.7413550    2667.0006196
     25.6106773      10.7614783      16.5103253      26.2814436      10.6967258      12.0441815       0.0000000      27.0418266      21.9687945      15.4528233      31.3483676      19.2589032      21.5437263      17.7618533      29.5698023      22.5121162       9.6141082      26.0578442       8.7708830      17.7117133    5912.8382458    5940.7678588    5922.2160142    5924.7393436    5918.3038418    5916.8466047    5920.1555590    5904.9940320    5938.2106761    5915.2637038    5925.3506847    5922.3865172    5906.0534328    5927.8854432    5919.9023736    5928.9266228    5919.8137166    5898.7964412    5920.7286219    5911.2341532    5922.4257318    5916.4705581    5936.0810009    5942.1388347    5917.8955566    5931.2990649    5936.5468821    5935.2626428    5945.8648036    5931.4563448    5927.6841582    5937.1619023    5930.5629757    5938.5124136    5927.0583546    5943.2344401    5923.5005940    5935.6490803    5932.3187761    5917.4742619    7589.2740563    7600.1468798    7597.6253920    7594.1062243    7599.7798221    7588.1847979    7602.1890161    7585.0764224    7568.7248566    7589.1768165    7579.0506417    7598.4400300    7586.1270722    7604.3045854    7586.5370257    7582.3719531    7576.5319333    7594.3211820    7600.9085054    7593.5734533    2672.0727872    2665.3616740    2677.3650416    2664.5889481    2680.0714160    2647.5637570    2682.3187572    2675.9051508    2666.7346202    2661.9286911    2657.4354675    2683.1232984    2668.4407949    2646.2335558    2661.5718744    2658.3571310    2668.2400662    2680.5251784    2673.5889019    2666.9614159
     33.4024046      23.5495515      22.5592163      31.2745925      26.2730981      21.9928734      27.0418266       0.0000000      12.9060866      22.3198405      17.5905218       9.4059060      34.0291113      22.2665716      24.5577847      16.9418980      35.2727205       9.4293385      22.8127522      16.2326522    5897.3016913    5925.2853920    5906.7592106    5909.2671957    5902.8492354    5901.3583713    5904.6773886    5889.4544702    5922.7753042    5899.8187611    5909.9057309    5906.9745998    5890.5829807    5912.4576963    5904.3996639    5913.4524047    5904.4212396    5883.3239661    5905.2073411    5895.8179680    5897.7552311    5891.7840343    5911.4284151    5917.4702613    5893.2077932    5906.6314761    5911.8773553    5910.5619052    5921.1564534    5906.7719479    5903.0027169    5912.4997324    5905.8721195    5913.8517688    5902.4069248    5918.5369159    5898.7876399    5910.9908458    5907.6624012    5892.7875752    7573.2311558    7584.1117318    7581.5418589    7578.0789286    7583.7572893    7572.1028054    7586.0895072    7568.9938073    7552.6623616    7573.1107391    7563.0224078    7582.3707591    7570.0993389    7588.3084801    7570.4351491    7566.3156798    7560.5075848    7578.2790712    7584.8724000    7577.5224282    2660.8202429    2654.2323342    2666.3669708    2653.5352121    2668.8406067    2636.4308753    2671.1097775    2664.8335294    2655.6343891    2650.7034091    2646.1794813    2672.0708879    2657.2364037    2635.2295161    2650.3861634    2647.3281817    2657.1516845    2669.4646698    2662.5128752    2655.7334903
     37.9966794      24.1073846      22.9619675      36.5968001      16.5234201      18.3422730      21.9687945      12.9060866       0.0000000      24.0740976      26.4686561      13.6244333      30.8950216      25.9854771      32.2005264      24.4076951      31.3182539      19.3685635      22.0376744      17.8242236    5893.4435771    5921.3910718    5902.8486341    5905.3704946    5898.9429984    5897.4669195    5900.7810377    5885.5901114    5918.8559804    5895.9071496    5905.9897588    5903.0411073    5886.6832555    5908.5371842    5900.5198636    5909.5541674    5900.4750373    5879.4270133    5901.3417230    5891.8960976    5900.8588234    5894.8969578    5914.5056549    5920.5664083    5896.3328696    5909.7264872    5914.9785180    5913.6923873    5924.3104900    5909.8872925    5906.1125509    5915.5837434    5908.9951482    5916.9452209    5905.4886781    5921.6584021    5901.9318531    5914.0837855    5910.7416377    5895.9059022    7574.0130233    7584.8962194    7582.3559392    7578.8582856    7584.5373533    7572.8705503    7586.8813872    7569.7947779    7553.4475890    7573.9044247    7563.7978796    7583.1681581    7570.8871333    7589.0778050    7571.2344801    7567.1034479    7561.2806324    7579.0318150    7585.6351965    7578.3042383    2673.0055229    2666.3777453    2678.4997561    2665.6769195    2681.0092768    2648.5974619    2683.2885911    2676.9903297    2667.8105010    2662.8763605    2658.3572732    2684.2202348    2669.4173734    2647.3738361    2662.5620292    2659.4645845    2669.2980482    2681.6058319    2674.6451444    2667.9066291
     15.1585759      10.0133517      21.1550324      22.3260772      22.6784532      20.7555367      15.4528233      22.3198405      24.0740976       0.0000000      27.8269483      13.0759771      32.0500798      15.4215063      25.4212084      14.7739854      20.3805894      20.6846021       7.3425173      19.7194468    5913.7179539    5941.7045266    5923.1756053    5925.6668820    5919.2401502    5917.7813805    5921.0928824    5905.9067342    5939.1683838    5916.2053896    5926.3116459    5923.3622317    5906.9909074    5928.8339518    5920.8133246    5929.8648397    5920.8087605    5899.7255030    5921.6124988    5912.1669222    5919.4125693    5913.4283199    5933.0840245    5939.1227401    5914.8626409    5928.2841864    5933.5335948    5932.2039653    5942.8113780    5928.4217107    5924.6510382    5934.1487743    5927.5205813    5935.5125911    5924.0687513    5940.1742920    5920.4263339    5932.6544856    5929.3147232    5914.4371490    7593.6795443    7604.5545272    7601.9969753    7598.5198734    7604.1952386    7592.5797942    7606.5644127    7589.4548652    7573.1199705    7593.5661989    7583.4657728    7602.8261739    7590.5363623    7608.7369945    7590.9076996    7586.7685956    7580.9499770    7598.7412874    7605.3263780    7597.9753654    2657.9046360    2651.1665457    2663.1922769    2650.4125480    2665.8819917    2633.4031626    2668.1537740    2661.7482049    2652.6015103    2647.7483821    2643.2533892    2668.9601008    2654.2811170    2632.0782568    2647.4096006    2644.1801584    2654.0599491    2666.3455675    2659.3895714    2652.7805420
     31.7245227      24.0678394      17.7226618      21.6898521      34.0477825      22.5673901      31.3483676      17.5905218      26.4686561      27.8269483       0.0000000      20.1382005      28.4078244      17.2559547      10.6054451      13.8210167      35.9779390       9.3838121      26.6444722      14.3488710    5909.6960763    5937.6691430    5919.1419101    5921.6682975    5915.2562680    5913.7393200    5917.0641227    5901.8145851    5935.1773276    5912.2285253    5922.2968118    5919.3784588    5902.9759628    5924.8748782    5916.7917248    5925.8414802    5916.8222733    5895.7234442    5917.6102130    5908.2597740    5901.0015783    5895.0559183    5914.7114298    5920.7392375    5896.4349995    5909.9012629    5915.1296571    5913.8184604    5924.3474738    5910.0253427    5906.2669188    5915.7930779    5909.1198093    5917.1004090    5905.6669671    5921.8175052    5902.0368960    5914.2321105    5910.9523106    5896.0379792    7568.6456261    7579.5142618    7576.9379086    7573.4831063    7579.1557274    7567.5791793    7581.5397873    7564.4120942    7548.0894251    7568.5262458    7558.4343365    7577.7827246    7565.4890761    7583.7009540    7565.8745351    7561.7323724    7555.9201282    7573.7442288    7580.3141012    7572.9446609    2654.8053754    2648.3269637    2660.4239372    2647.5900891    2662.8947664    2630.4195861    2665.0947348    2658.8250172    2649.5478951    2644.7311791    2640.2059488    2666.0857460    2651.2064788    2629.2319051    2644.3681476    2641.3907194    2651.2097912    2663.5277140    2656.6329774    2649.7623704
     25.5934878      15.4350813      18.7335429      26.1694378      21.0224860      17.6761358      19.2589032       9.4059060      13.6244333      13.0759771      20.1382005       0.0000000      30.7767697      16.5800104      23.0415886      12.5549954      27.2787106      11.1278884      13.9030028      13.6444321    5903.6358300    5931.6168056    5913.0877442    5915.5904747    5909.1679320    5907.6916408    5911.0070930    5895.8024844    5929.0934795    5906.1351414    5916.2294470    5913.2890278    5896.9092487    5918.7689317    5910.7304147    5919.7806761    5910.7342469    5889.6479437    5911.5361860    5902.1180027    5906.9340669    5900.9586499    5920.6038968    5926.6464254    5902.3878215    5915.8076129    5921.0555146    5919.7374276    5930.3394576    5915.9489817    5912.1786199    5921.6733028    5915.0494177    5923.0309594    5911.5853216    5927.7096743    5907.9632186    5920.1710981    5916.8367834    5901.9648321    7581.6318369    7592.5103568    7589.9486554    7586.4762540    7592.1534419    7580.5139430    7594.5022619    7577.4017260    7561.0672212    7581.5155792    7571.4203372    7590.7759649    7578.4958969    7596.6996023    7578.8476848    7574.7188504    7568.9048593    7586.6825178    7593.2734514    7585.9249984    2660.8878737    2654.2349384    2666.3237723    2653.5140578    2668.8893097    2636.4506384    2671.1603360    2664.8290114    2655.6528834    2650.7537666    2646.2421054    2672.0553596    2657.2873061    2635.1966027    2650.4278474    2647.2961100    2657.1436759    2669.4450737    2662.4908170    2655.7847609
     36.5986523      22.4466358      13.2265260      26.1310490      23.7673672      13.7355155      21.5437263      34.0291113      30.8950216      32.0500798      28.4078244      30.7767697       0.0000000      21.1996620      26.4681636      28.2336722      20.9933308      29.6403234      25.1839620      18.3908316    5917.8764392    5945.7591448    5927.1930858    5929.7607543    5923.3289781    5921.8348422    5925.1507605    5909.9643655    5943.2167785    5920.2898191    5930.3391312    5927.3853253    5911.0575643    5932.9185593    5924.9198775    5933.9247328    5924.7977944    5903.8146123    5925.7767929    5916.3116360    5918.9894475    5913.0822591    5932.6706716    5938.7280884    5914.4541075    5927.8882895    5933.1168115    5931.8706062    5942.4010668    5928.0432251    5924.2811159    5933.7742199    5927.1497042    5935.0685876    5923.6188103    5939.8683589    5920.1126002    5932.1937651    5928.9208338    5914.0599242    7574.0784562    7584.9405256    7582.4305713    7578.8984347    7584.5665249    7573.0445738    7587.0365985    7569.8965404    7553.5443945    7573.9895599    7563.8485104    7583.2513764    7570.9095732    7589.0785307    7571.3779631    7567.1822966    7561.3289547    7579.1601048    7585.7293135    7578.3858315    2676.2585729    2669.7278045    2681.7231000    2668.9272445    2684.3533866    2651.7920058    2686.5179325    2680.1557858    2670.8752197    2666.1784354    2661.6739038    2687.4100811    2672.6222447    2650.5195415    2665.7747165    2662.7130472    2672.5717559    2684.8717653    2678.0043345    2671.2117144
     18.1450465       8.2098323       9.2567858      10.7291036      25.0377705      14.2661981      17.7618533      22.2665716      25.9854771      15.4215063      17.2559547      16.5800104      21.1996620       0.0000000      12.1651342       8.4151569      20.0436768      15.3126785      12.3769507      10.6010073    5918.6083969    5946.5694169    5928.0335881    5930.5528702    5924.1304121    5922.6435369    5925.9607424    5910.7515641    5944.0480221    5921.0972913    5931.1784582    5928.2393569    5911.8654643    5933.7323547    5925.6935170    5934.7350872    5925.6780487    5904.6091850    5926.5112170    5917.0960340    5917.0418806    5911.0892190    5930.7371649    5936.7715939    5912.4837484    5925.9332180    5931.1678301    5929.8585882    5940.4108291    5926.0647779    5922.3023176    5931.8163354    5925.1619041    5933.1388425    5921.7004413    5937.8490315    5918.0808182    5930.2727898    5926.9760965    5912.0786728    7583.4369465    7594.3036102    7591.7484581    7588.2689407    7593.9401733    7582.3802258    7596.3511509    7579.2198175    7562.8876545    7583.3272737    7573.2197102    7592.5854984    7580.2766707    7598.4748389    7580.6880926    7576.5291128    7570.7037846    7588.5296180    7595.0995469    7587.7385752    2658.2038701    2651.5973654    2663.6163673    2650.8222889    2666.2519203    2633.7322539    2668.4626667    2662.0937682    2652.8662461    2648.0942577    2643.5911249    2669.3322292    2654.5767117    2632.4488358    2647.7206587    2644.6025836    2654.4651473    2666.7617221    2659.8564226    2653.1269304
     24.5627988      20.2990767      16.1035333      11.7790824      35.3458989      22.8845684      29.5698023      24.5577847      32.2005264      25.4212084      10.6054451      23.0415886      26.4681636      12.1651342       0.0000000      11.6926504      31.5636909      15.1765088      24.1291596      16.1484370    5919.8975844    5947.8719123    5929.3443695    5931.8672127    5925.4535850    5923.9427747    5927.2661713    5912.0233585    5945.3753184    5922.4250717    5932.4972813    5929.5755597    5913.1765414    5935.0695188    5926.9931241    5936.0429655    5927.0195328    5905.9226929    5927.8096552    5918.4489443    5910.7025044    5904.7568729    5924.4223664    5930.4441077    5906.1287199    5919.6065172    5924.8317224    5923.5135021    5934.0303817    5919.7239420    5915.9679226    5925.5032680    5918.8159341    5926.8040637    5915.3746469    5931.5170258    5911.7277876    5923.9352049    5920.6633935    5905.7355753    7576.0965288    7586.9596934    7584.3848740    7580.9285322    7586.5984322    7575.0582133    7589.0098600    7571.8679282    7555.5470833    7575.9795487    7565.8829724    7585.2348670    7572.9287518    7591.1389775    7573.3404655    7569.1853216    7563.3686794    7581.2153498    7587.7753154    7580.3993678    2651.2372607    2644.7252152    2656.7678678    2643.9548052    2659.3266837    2626.8062904    2661.5100058    2655.1888473    2645.9132754    2641.1577683    2636.6440787    2662.4451268    2647.6182026    2625.5713962    2640.7741663    2637.7469775    2647.5880374    2659.8960216    2653.0141724    2646.1901092
     18.8057091      13.1008739      15.1472997      14.8338646      28.2706293      19.0731962      22.5121162      16.9418980      24.4076951      14.7739854      13.8210167      12.5549954      28.2336722       8.4151569      11.6926504       0.0000000      26.8441853       9.5044798      15.2908852      12.5951615    5914.2185715    5942.2053066    5923.6801730    5926.1860770    5919.7682897    5918.2783053    5921.5972322    5906.3740948    5939.6954776    5916.7379504    5926.8264510    5923.8954692    5907.5026104    5929.3768942    5921.3181151    5930.3722023    5921.3430071    5900.2429830    5922.1241142    5912.7354838    5911.2183083    5905.2519075    5924.9159805    5930.9445464    5906.6546213    5920.1065590    5925.3435835    5924.0165782    5934.5776268    5920.2322694    5916.4692717    5925.9879119    5919.3270255    5927.3201204    5915.8844554    5932.0039724    5912.2336335    5924.4568333    5921.1514988    5906.2455377    7582.1524365    7593.0227253    7590.4503876    7586.9908028    7592.6641540    7581.0772837    7595.0436028    7577.9205884    7561.5951626    7582.0342558    7571.9407095    7591.2915552    7578.9993446    7597.2088323    7579.3804205    7575.2395854    7569.4261562    7587.2419563    7593.8156662    7586.4505838    2653.3762067    2646.7713300    2658.8259403    2646.0206396    2661.4137035    2628.9284925    2663.6441155    2657.3022842    2648.0858684    2643.2628556    2638.7536248    2664.5396753    2649.7623032    2627.6689026    2642.9074767    2639.8044038    2649.6555959    2661.9569638    2655.0359999    2648.2947638
     24.8991057      13.9421251      19.5659513      25.0970290      18.7016800      17.4981542       9.6141082      35.2727205      31.3182539      20.3805894      35.9779390      27.2787106      20.9933308      20.0436768      31.5636909      26.8441853       0.0000000      32.3916594      14.2240988      23.3020990    5921.8141486    5949.7322375    5931.1754481    5933.7040674    5927.2660544    5925.8117113    5929.1195352    5913.9660244    5947.1686102    5924.2244615    5934.3089917    5931.3402904    5915.0167882    5936.8439330    5928.8716441    5937.8901593    5928.7634580    5907.7610297    5929.7027706    5920.1936847    5931.0034943    5925.0564322    5944.6665604    5950.7222913    5926.4699863    5939.8826264    5945.1261090    5943.8459053    5954.4318045    5940.0372542    5936.2675807    5945.7510429    5939.1430150    5947.0898500    5935.6378521    5951.8236200    5932.0830936    5944.2243728    5940.9064738    5926.0545982    7593.8965313    7604.7635711    7602.2500906    7598.7218286    7604.3924255    7592.8369327    7606.8358334    7589.7086316    7573.3558596    7593.8045588    7583.6691427    7603.0672128    7590.7377861    7608.9095170    7591.1806000    7586.9980376    7581.1498263    7598.9609885    7605.5389334    7598.2003268    2671.6853663    2664.9623333    2676.9148336    2664.1560042    2679.6938970    2647.1398643    2681.9173336    2675.4620791    2666.2816628    2661.5432863    2657.0595320    2682.6797671    2668.0345350    2645.7724048    2661.1627550    2657.9183738    2667.8187725    2680.0960829    2673.1788672    2666.5770253
     28.0564723      19.4819100      17.1140935      22.8996858      28.3043626      19.6236894      26.0578442       9.4293385      19.3685635      20.6846021       9.3838121      11.1278884      29.6403234      15.3126785      15.1765088       9.5044798      32.3916594       0.0000000      20.6146232      11.6650556    5905.8450625    5933.8274500    5915.3017523    5917.8145025    5911.3987672    5909.8994488    5913.2204244    5897.9880111    5931.3240049    5908.3693650    5918.4510225    5915.5245289    5899.1280293    5921.0109349    5912.9434499    5921.9962303    5912.9709432    5891.8707968    5913.7536037    5904.3785332    5902.2679594    5896.3057504    5915.9601042    5921.9933590    5897.7094394    5911.1550723    5916.3928881    5915.0747001    5925.6389195    5911.2857654    5907.5217785    5917.0346048    5910.3824383    5918.3669790    5906.9285560    5923.0608798    5903.2953521    5915.5031220    5912.1965964    5897.2997126    7574.1475141    7585.0215062    7582.4479517    7578.9896242    7584.6648214    7573.0533046    7587.0255617    7569.9121971    7553.5856351    7574.0276272    7563.9373795    7583.2856879    7571.0020399    7589.2127570    7571.3651664    7567.2332384    7561.4229013    7579.2234494    7585.8038319    7578.4430672    2656.5195190    2649.9627466    2662.0646739    2649.2389582    2664.5667255    2632.1161818    2666.8034941    2660.5124809    2651.2835526    2646.4173563    2641.8967586    2667.7574723    2652.9230477    2630.9043011    2646.0754540    2643.0320173    2652.8612453    2665.1729181    2658.2475290    2651.4482952
     18.2258564       4.7088850      15.6310791      20.8279403      17.2389918      14.3300953       8.7708830      22.8127522      22.0376744       7.3425173      26.6444722      13.9030028      25.1839620      12.3769507      24.1291596      15.2908852      14.2240988      20.6146232       0.0000000      15.5193143    5914.3055992    5942.2654672    5923.7262762    5926.2346586    5919.8050431    5918.3426427    5921.6539864    5906.4742313    5939.7230986    5916.7683672    5926.8631034    5923.9093178    5907.5529471    5929.3951841    5921.3868824    5930.4259547    5921.3468963    5900.2922919    5922.1997281    5912.7390951    5920.4247993    5914.4570766    5934.0936607    5940.1392636    5915.8813735    5929.3002455    5934.5466735    5933.2382456    5943.8348033    5929.4446354    5925.6746678    5935.1670980    5928.5462970    5936.5190734    5925.0720447    5941.2123663    5921.4667434    5933.6576309    5930.3284661    5915.4607935    7590.4634882    7601.3362251    7598.7935066    7595.2991630    7600.9731346    7589.3751128    7603.3653009    7586.2508909    7569.9097698    7590.3572017    7580.2452730    7599.6181862    7587.3159307    7605.5069083    7587.7094108    7583.5565956    7577.7282882    7595.5245413    7602.1080011    7594.7617118    2663.5519135    2656.8443503    2668.8590807    2656.0789543    2671.5487489    2639.0511359    2673.8009840    2667.3968899    2658.2281480    2653.4076299    2648.9122947    2674.6153317    2659.9240503    2637.7296378    2653.0558465    2649.8485859    2659.7274033    2672.0143509    2665.0743306    2658.4401268
     27.7818911      13.5743713       6.4009464      20.4020021      20.1442776       8.4241495      17.7117133      16.2326522      17.8242236      19.7194468      14.3488710      13.6444321      18.3908316      10.6010073      16.1484370      12.5951615      23.3020990      11.6650556      15.5193143       0.0000000    5909.4413520    5937.3849230    5918.8428719    5921.3748856    5914.9515557    5913.4588601    5916.7767777    5901.5677267    5934.8624106    5911.9176875    5921.9893833    5919.0495127    5902.6829416    5924.5527624    5916.5177122    5925.5514507    5916.4825372    5895.4304032    5917.3451006    5907.9264695    5909.1849693    5903.2411654    5922.8675724    5928.9125079    5904.6384346    5918.0734777    5923.3100598    5922.0200946    5932.5800963    5918.2162031    5914.4514290    5923.9522457    5917.3176094    5925.2757357    5913.8311245    5930.0075202    5910.2503015    5922.4085252    5919.1085548    5904.2316464    7575.3146900    7586.1853760    7583.6388278    7580.1490656    7585.8221085    7574.2371157    7588.2209764    7571.1008229    7554.7625480    7575.2074117    7565.0967220    7584.4675029    7572.1628454    7590.3560618    7572.5627117    7568.4075578    7562.5800693    7580.3862925    7586.9651903    7579.6140894    2665.2443407    2658.6787155    2670.7395696    2657.9276098    2673.3002312    2640.8114027    2675.5173050    2669.1927768    2659.9550164    2655.1440254    2650.6309045    2676.4376785    2661.6325977    2639.5695204    2654.7827155    2651.7158832    2661.5593909    2673.8649979    2666.9550913    2660.1758725
   5927.7710891    5917.2618299    5914.7733960    5928.3817059    5903.2271288    5910.1038946    5912.8382458    5897.3016913    5893.4435771    5913.7179539    5909.6960763    5903.6358300    5917.8764392    5918.6083969    5919.8975844    5914.2185715    5921.8141486    5905.8450625    5914.3055992    5909.4413520       0.0000000      35.5771653      32.1065500      22.5745903      24.0439007      21.8246891      23.3045206      20.9513950      39.9977086      26.0209917      33.6971819      39.1594561      23.2314089      33.5832641      13.9237978      27.6455561      45.6545354      23.9978522       9.1158045      32.4029869    3802.6697197    3796.9788818    3793.8118972    3802.6019795    3809.6499575    3798.6785614    3805.4481213    3809.8871342    3832.4262815    3806.3490275    3801.6627863    3793.2155484    3808.8320389    3805.3822247    3796.8576168    3805.4236778    3810.4023205    3805.9817656    3791.4647758    3803.0846258    6938.8661888    6950.2109212    6948.8285890    6945.9109824    6951.7039165    6917.2666343    6934.2618222    6933.4290866    6920.4161102    6937.6463823    6933.3256782    6944.8744772    6945.0708196    6957.5790186    6927.0887128    6933.0527543    6931.5819502    6926.3485224    6938.3694670    6939.0237049    7387.1429807    7384.0914700    7402.4641387    7390.4393342    7390.0795801    7377.6629373    7396.8321789    7400.5959548    7396.8882572    7379.5702949    7374.6959273    7405.4102307    7388.4924729    7383.8811791    7384.3129143    7387.2842546    7390.6167447    7400.4357331    7391.5427036    7382.7625899
   5955.7760367    5945.2187647    5942.7039520    5956.3530464    5931.1393490    5938.0239748    5940.7678588    5925.2853920    5921.3910718    5941.7045266    5937.6691430    5931.6168056    5945.7591448    5946.5694169    5947.8719123    5942.2053066    5949.7322375    5933.8274500    5942.2654672    5937.3849230      35.5771653       0.0000000      20.5373329      18.1721831      25.0294227      23.9809945      20.6601103      39.0209385      12.9475409      28.5067656      18.6064012      26.3508247      34.9839955      21.4499698      23.2537217      12.1331681      32.6262812      42.6535739      29.2811238      40.3760015    3817.9746927    3812.3872625    3808.9974692    3817.7947788    3825.0271614    3813.9342283    3820.6680849    3825.2193892    3847.6818766    3821.6489129    3816.9822077    3808.4320331    3824.1550437    3820.5592167    3812.0805909    3820.7116645    3825.8410216    3821.1639641    3806.6896565    3818.4745690    6939.3984497    6950.7229551    6949.4042184    6946.4318211    6952.2127112    6917.7302025    6934.7431648    6934.0042853    6921.0088459    6938.1983919    6933.8809801    6945.4066428    6945.6422007    6958.0600206    6927.6402773    6933.6150095    6932.1405306    6926.7757944    6938.8115631    6939.5364084    7420.4208000    7417.3835386    7435.7589811    7423.7212330    7423.3799688    7410.9143016    7430.1200549    7433.8767190    7430.1434445    7412.8461594    7407.9672008    7438.7031135    7421.7627398    7417.1321022    7417.5782834    7420.5608097    7423.9036566    7433.7360846    7424.8478635    7416.0439847
   5937.2550440    5926.6792920    5924.1565967    5937.8221503    5912.5806397    5919.4712458    5922.2160142    5906.7592106    5902.8486341    5923.1756053    5919.1419101    5913.0877442    5927.1930858    5928.0335881    5929.3443695    5923.6801730    5931.1754481    5915.3017523    5923.7262762    5918.8428719      32.1065500      20.5373329       0.0000000      14.4967669      14.3108388      11.1329315       8.8358550      28.1352520      18.4661412      15.4962927       5.1720783      12.5391573      18.6467714      17.4606177      18.9356764      10.7899505      17.3591105      26.9702027      29.7142482      30.8204763    3815.7753508    3810.1942551    3806.8816268    3815.7064536    3822.8023585    3811.7951196    3818.5394168    3823.1111938    3845.5703412    3819.5082284    3814.8312965    3806.3374913    3822.0098193    3818.4300125    3809.9011316    3818.6598835    3823.6802237    3819.0130556    3804.5650636    3816.2674322    6931.6588255    6942.9934112    6941.6922557    6938.6880139    6944.4740124    6910.0381164    6927.0734239    6926.2795076    6913.2479134    6930.4711485    6926.1139518    6937.6962197    6937.8773875    6950.3129571    6919.9381255    6925.8708441    6924.3671878    6919.0687825    6931.1023418    6931.8124727    7405.7886235    7402.7436142    7421.1184091    7409.0678515    7408.7657355    7396.2362807    7415.4980925    7419.2330620    7415.4798411    7398.2023209    7393.3197967    7424.0706793    7407.1188283    7402.4414578    7402.9243423    7405.8971734    7409.2592222    7419.1068782    7410.2175665    7401.4076827
   5939.7382075    5929.1929964    5926.6957312    5940.3387609    5915.1139368    5922.0116207    5924.7393436    5909.2671957    5905.3704946    5925.6668820    5921.6682975    5915.5904747    5929.7607543    5930.5528702    5931.8672127    5926.1860770    5933.7040674    5917.8145025    5926.2346586    5921.3748856      22.5745903      18.1721831      14.4967669       0.0000000       7.9482940      12.5035573       8.7214200      28.8916310      17.8985161      11.9212609      13.2369139      19.0080894      19.3764360      12.2895378       9.5070520       7.8489705      26.5839179      25.9607549      17.2885634      23.9440591    3818.2040222    3812.5741386    3809.3069840    3818.1107505    3825.2166040    3814.2055843    3820.9584780    3825.4684785    3847.9630734    3821.9007408    3817.2220426    3808.7355821    3824.3953592    3820.8679115    3812.3520489    3820.9991978    3826.0260312    3821.4629217    3806.9792140    3818.6645730    6942.4485762    6953.7845410    6952.4572022    6949.4829349    6955.2701495    6920.8264622    6937.8467286    6937.0502473    6924.0296384    6941.2496917    6936.9092185    6948.4730202    6948.6670626    6961.1208311    6930.7055954    6936.6539461    6935.1643077    6929.8742471    6941.9045526    6942.6008867    7404.7170716    7401.6484919    7420.0189983    7407.9832214    7407.6669343    7395.1882799    7414.4151660    7418.1534830    7414.4311481    7397.1298099    7392.2528237    7422.9769871    7406.0545219    7401.3897289    7401.8638999    7404.8168883    7408.1702386    7418.0031771    7409.1062749    7400.3295492
   5933.3156212    5922.7651322    5920.2702589    5933.9197734    5908.6759330    5915.5817317    5918.3038418    5902.8492354    5898.9429984    5919.2401502    5915.2562680    5909.1679320    5923.3289781    5924.1304121    5925.4535850    5919.7682897    5927.2660544    5911.3987672    5919.8050431    5914.9515557      24.0439007      25.0294227      14.3108388       7.9482940       0.0000000      12.6221910       9.8179219      28.5070186      21.5872478       3.9878900      13.4262963      15.6799936      13.9629530      11.9975994      12.9303868      13.5940487      22.5965278      20.1132727      20.7559731      17.9359485    3820.2082472    3814.5761742    3811.3447870    3820.1576120    3827.2090474    3816.2324838    3822.9904184    3827.5026509    3849.9992690    3823.9252110    3819.2422122    3810.7793617    3826.4172932    3822.9014676    3814.3665348    3823.0544898    3828.0377233    3823.4888407    3809.0123901    3820.6625412    6942.4415443    6953.7814416    6952.4631049    6949.4738261    6955.2629950    6920.8386674    6937.8689954    6937.0505969    6924.0146575    6941.2484689    6936.8907634    6948.4786752    6948.6498953    6961.1094271    6930.7152887    6936.6455894    6935.1431767    6929.8791627    6941.9088073    6942.6002601    7399.9639031    7396.8820542    7415.2506442    7403.2114004    7402.9163815    7390.4125901    7409.6649052    7413.3898971    7409.6648466    7392.3685362    7387.4910719    7418.2160409    7401.2960111    7396.6043092    7397.1000230    7400.0397052    7403.4028997    7413.2409415    7404.3406943    7395.5713740
