      0.0000000 4421805.6839486 21265050.4029419 16803928.4153034 28843726.1729450  268892.4216293 13353970.3208705 12186720.9659469 20205695.0100752 15677570.3786890 34866908.2754057 14399618.8357567 4082181.9637572 20301197.2999617  428136.3261649 28087032.8681361 1976769.4421847 27450094.1702890 9699258.8818509 19400017.3153759 21311796.4210033 22869749.8659491 15169813.7343389 1814043.1922032 10206183.6484410 31297750.0203968 4607557.3220664 21733917.0818036 8554480.2546457 25214143.0596650 4144106.8616406 11342510.3838666  285577.4239882 4874755.4402129 15158967.7512956 28666653.6153827 38048264.4336901 3459133.9621373 28301295.1052742 2692052.2170146 22125193.4347402 3474372.1811814  811037.1034139 7039394.4449883 18408752.8413168 30173006.0069668 25126607.8574965 15341169.9139951 2927879.4973688 20111328.7970630 1630717.3645486 31776527.1032199 23487336.2874032 30901305.5046137 25883231.8699673  987638.0997933 8262986.4126403 3537888.3652675 3547569.1014207  484605.9580894 8796540.0900953 24284747.6598967  775550.0709640 13710819.7020625 6546527.2803894 26492369.6977519 3448692.3788855 29740894.1113101 1385357.8290460 7685770.1789805 1955209.9722948 4473282.0489348 14974620.9383592 14753043.4914594 31514047.0853317 12129625.6897930 18456672.9832932 1347606.8821958 33456107.1489865 3334304.2434866 12219236.7288221 12099000.1333164  491157.0352714 4223832.6428403 2820051.7347661 30535635.1512005 30713062.5304315  422597.8376638 1265022.9029157 24449302.5375832 35032314.6455990 24803657.9876229 5059049.8873527 19058503.5128196 1381974.2805277  228268.6607402 33506966.8362487 7049817.5302075 15913447.4733238 21985359.6121243 5120917.5929001  785887.2804898 15893822.8645964 4301322.4008252 30156794.2016349 12831294.3676045 4968958.5617967 8201654.8712817 5188252.5661015 22904763.0902391 10252383.7454498 1090830.3956913 33786353.1842429 20801454.0907972  508303.3362152 7058628.3501083 1741678.5285354 4346654.7658558 10155286.5542717 8598505.6627808 44827718.1018593 30687993.3961766 7850098.5468935 22491258.8391134 7483369.2701816 10517535.4379052 4989065.2412374  342753.1850510 2563349.8248914 26339881.7172136 16943972.3361299 9780703.5923161 25894937.6683053  370692.4539457 26530244.1258524 1443683.3054936 26053598.8995642 38968033.4172241 9091548.0633345 29692744.8510703 28618439.2701549 26446116.9381300 15530162.4688185 21840264.8323566 13518398.0524324 4096837.3607987 25956482.2695846  345474.6211722 23203429.5652661 30302904.9163331
4421805.6839486       0.0000000 21771758.1473198 17367615.6902362 29028100.8773504 4425759.3410168 14064508.1472951 12486693.6286449 20622813.3549614 16402952.0080708 35152609.0751820 14978115.1100916 6001705.8255747 20912941.9848515 4431170.4991285 28528300.7207929 2478128.3121307 27940766.1065797 10652283.6168614 19660935.0601461 21752996.3927821 23389131.7099177 15287307.2606277 4773516.3033573 11201976.4679412 28517778.9856909 6296063.6592741 22176504.7002510 9678883.0099029 25601939.5161440 6131304.9765368 12260209.6487867 4422758.8051776 6566304.8047580 15072220.5753854 29021348.6564599 38299403.7550672 5205772.4867199 28643157.3646657 5130817.3078954 22429391.8020657 5444407.3910583 4484778.9274047 8303321.4018533 18869389.0214745 26056352.3715285 25517212.7072853 15952873.1474533 5217374.7485485 20570583.5607137 4702837.9364931 32096712.5413497 22660183.3618927 31114834.4567483 26259269.7506959 4516514.3262788 9346100.8221057 5658704.7608814 5662340.1188235 4450882.4424872 9740559.1882452 24607554.7237717 4399712.5973356 14405853.3863292 8009020.1917261 26857274.4740854 5581385.4378042 29852560.3169198 3672372.1225450 8863158.0035051 4824824.0360435 6234907.5087360 15494292.5020184 15396628.8204745 29851266.0105606 10639425.5101716 19115956.6112244 4617870.8060082 30390007.4739663 5325367.6555770 10569068.1734249 12878338.3295103 4439866.7831089 6012840.9282359 2257576.2324330 30730699.1156873 31027905.1327242 4432540.1158253 4588852.1257952 24843540.1401774 33438068.7966299 20465074.3965459 6471682.1136425 19426586.5187302 3325712.7738808 4421416.4862551 32660646.6037572 5700944.0237415 16527807.0643025 22287060.9472741 6441951.7788094 4466760.3308864 15780275.0150429 6166263.5794996 28184416.6119672 13695817.1484689 4754188.0708277 8489567.4125016 6915439.6436758 23429094.2497373 11173588.1112981 4540895.8512761 34026770.8214901 21255180.6407746 4286087.1232853 8335977.4940296 4691003.5370434 6186057.5510388 11052759.1110797 9666588.7112935 45037405.8330298 30983849.7846350 8552474.1390214 18229598.5813504 4742331.8952572 11460933.9436189 6692130.3274307 4408756.5083840 5111389.1730705 26597230.2593970 12537147.7773663 10601666.5678426 26323154.3752276 4426992.0936737 26816985.8724234 4665735.1642882 26489513.9350638 39140801.5389274 5900121.9274081 29973293.7639487 28817600.1922033 24891444.3196103 16009836.3949061 21795920.8189005 11014138.8394442 6018595.3651007 26347223.5478032 4427666.6856161 23362325.0282911 30631034.6719607
21265050.4029419 21771758.1473198       0.0000000 27216413.7259618 34765487.9322136 21367428.2924674 25349930.8722153 24357477.4628967 28094876.2601934 12088514.6004622 36520039.9330770 25795322.7963868 21289018.2009812 8607707.9020990 21562441.3399475 21610695.4219757 21619836.9812938 11458995.3725403 21423214.2241705 22942960.0070582 28389210.9842218 16691605.3068723 22115537.7547181 21327244.9908794 16237668.9956337 22905866.1626164 18184740.2901932 27181267.9876642 14986921.7644226 32736842.8390825 17751518.2339492 16043853.8173875 21484122.4417192 21433693.2344634 10791069.8030021 31888543.4733148 41500807.0450566 21830376.9157504 35558637.8379395 19917830.6082235 26447569.2012341 21618265.3331121 21471870.8341313 22434230.3480858 24388812.8171945 36803773.5222918 32001429.2465781 24026775.7639631 18608554.3368122 20456758.5785974 21610698.2495154 34544123.0383036 31749966.2549034 36726495.5712793 33468539.1525703 21570857.2404036 23006213.3217488 18703548.6297827 21379761.7793522 21203527.6404153 19430757.2760082 20663788.9051448 21111644.6559540 25100948.3776028 15498708.8313683 30652046.2183515 21266386.7386170 31527830.1076416 21320915.3034767 22203264.4864591 21615326.0317775 21145129.3529239 16897065.8279555 26081929.9142083 36776261.8592242 23946379.8530664 8693595.3272319 21329719.0299095 26433038.6274612 20810757.4787476 22193058.2878735 24530289.8783928 21500756.7111869 20726144.4478575 21477779.6826829 32727037.0351083 33496017.4956119 21523113.4392945 21371847.4635115 29286602.7423276 37263721.0440943 32156755.8985074 22138915.0256053 24481351.6493759 21402153.3649295 21451069.2632310 37782493.6838641 16813293.4611045 24220620.7444633 26127584.4316202 16730061.1974123 21553735.6221283 24115449.3236964 20791199.8706084 35411467.3842005 10233656.8227003 22002415.8408237 15132704.2118615 16731348.0195239 16597160.2273265 20859643.0719229 21577121.4281434 38557394.4348449 29847742.6223056 21491683.1177829 21758032.6112711 21167476.1387892 21099945.7737050 22697401.9503036 21789134.8251981 46964446.4642630 37492720.8937952 22600067.6134353 30901261.8440424 21928394.2323736 12010977.0797450 19016782.6938999 20955811.6238006 21082783.7563691 27702115.9339972 27264478.6117751 21139106.7457790 26892458.2024482 21507707.0230471 31982080.9267190 20732836.2007143 21329880.2337815 40736734.8044374 22315287.6983850 34363784.8276145 30836006.7172129 33491119.1596238 22906596.8017671 26218866.7929628 17638993.2928292 21899104.1202143 31689476.9200509 21478257.9668079 29999062.5388780 33018850.7576348
16803928.4153034 17367615.6902362 27216413.7259618       0.0000000 33344795.9930158 16796263.9187011 21295667.0900240 20655984.9262061 24343729.3024183 23117714.2936917 35358277.8440166 9230404.2568644 16945711.5625697 26550893.1149303 16767738.1875742 32860959.3700966 16851827.0789927 32438489.9671960 18650130.0196291 25047100.6498941 21284001.3439134 27500863.6423122 22045709.3229206 15643982.9854382 19486160.9019909 35710296.9816346 16880670.3325747 27251302.3301211 18704127.5652328 30292365.2577879 17197706.8524145 20311986.6847337 16790560.4462316 16986643.0336690 21415281.3798186 32780298.8012182 38646237.1289050 17089020.8880509 11853916.7035228 16967558.8361556 27795255.3164457 15838732.3225890 16730208.3818149 18125777.9911003 24064077.4300114 30915870.4554977 30078013.5262329 22114727.6959942 17090637.2763266 26015989.0537285 16859383.9747683 35488870.3389122 9170044.8102460 22927030.4888951 30855487.4761308 16235556.4670519 16377068.6727882 15168255.2054826 16630033.4471232 16332205.3997454 18919387.6449213 29486959.8719954 16749094.5632137 4395944.2713081 18148659.7395340 30673506.4919897 17153702.8243524 34107735.6149707 16580399.4020781 11033147.3703787 16832404.4402633 17323138.3944050 22258531.0350116 20129365.9356559 35672508.0386055 9584516.7022956 25189729.6591121 16010970.3329227 37581760.4856534 17033017.0981033 20736341.0604144 5133920.9514773 16597337.0435821 17322077.9894356 17016577.8716418 34735120.2294962 33964286.5021371 16796660.0341172 16331701.7446272 29496658.7335594 38763629.7650225 29815979.2001781 17489350.4207040 25375853.1240028 16852648.6805436 16800202.8627791 37398072.5584555 18307550.6209056 19781046.5540527 27635234.5906327 17135489.6713821 16102170.2749801 22746086.2946682 17229431.9496926 34323160.2764008 21110815.6549928 17515724.9953233 18660997.7929590 17571464.7309957 28568853.8827684 19451164.7503601 16508961.2657642 18757750.2261147 26539187.6553063 16773188.7531526 9927682.3163109 16863903.6984930 16931938.6395186 18706117.1028403 14284032.5683555 39943604.4395614 33171958.5981668 17569560.9711032 28025720.9084801 18118840.3526844 19971429.7920067 16968554.0471908 16814195.0153062 16773876.9861165 31320092.1361921 23797190.8127217 19428205.1937017 28934098.1960342 16793826.8457283 29707533.7367512 16817277.5594656 30555514.4804457 42313997.9850032 18959428.9863330 33351261.6434124 33043095.3125043 29350358.3684205 22875049.4660155 25315848.6631056 16978343.2319123 17245428.2499321 9993570.3301486 16799292.6994382 19235319.3418595 34171320.0781474
28843726.1729450 29028100.8773504 34765487.9322136 33344795.9930158       0.0000000 28840994.5222135 31760365.0611693 21342956.8007601 31175017.7722415 31205972.3640296 45264485.0323033 32107686.7771930 29130276.8582319 34856027.7556370 28830799.8678224 40172947.7344980 28847288.5633906 39663612.0047828 30374500.2157112 34747592.2287687 21659302.4057847 36719089.9386407 32544539.2725963 28901346.4142561 30569310.0055321 41940571.2164062 28644063.6494968 36117872.7286219 25465661.8193356 38302485.2222263 27675410.8646201 22087219.8781816 28846961.7750734 29252974.5314098 29044887.9531851 39963705.8568670 42836911.5205407 28165430.4969165 40314385.6881665 28964868.8390527 19181298.9777709 28388785.0975547 28859475.1668378 27941269.4886124 33929854.1906588 39705440.7065549 33099742.7552397 25280127.7909392 28967696.3939308 32567597.7939223 28489710.7363967 42909225.7759853 35802520.7638536 23285497.1322342 38637099.5996045 28861731.0214289 30007032.1875849 29033462.1966856 25587700.8518001 28848959.7808208 29945910.5442315 37657437.1817669 28841524.6333789 31436294.6948085 29537030.5420865 39161229.8620610 28952729.7488287 39147141.7256831 28355352.0637863 29849036.8714110 28421948.4121259 28955512.1464860 31881424.3328178 28967171.2273514 13493085.3474979 31096201.4596899 34079544.1413975 27844398.5796763 42971704.6886782 29031109.1926545 26015995.1595716 31282176.5633152 28669279.2088326 29102400.1306765 28885022.7825870 37080503.8070751 42124813.9344505 28850937.1685849 28871286.2638254 37661910.1120953 39666733.4939807 37320893.3935555 27985542.1871772 34573351.0611715 28840764.0734510 28820851.2224087 16086187.7914472 29496675.0646113 32950290.1162060 35110298.2072652 29241655.4979766 28723063.2732697 31933634.9291803 29166649.7262179 37340398.1338643 31486783.2923724 27682740.9580960 29881524.0225351 29280551.9096395 36706655.2078593 29882922.5094053 28867964.4286632 44423115.1033816 30993150.0945248 28804399.9417339 29098381.2729223 28886834.2939450 29175085.4854354 29522122.2529116 23586449.8678666 52401958.0890104 42111053.7540861 29867135.9131177 34867211.4825204 29598477.2948200 30645095.9960642 29242339.2985843 28840162.6030848 28519476.9563209 10989616.4228036 32699629.8012625 30411881.3337498 33774551.6457003 28844875.5641679 39069606.6638397 28700123.6494246 38749035.1138808 22918697.9353946 29992023.3492400 36568671.2961602 40483844.6175152 35585378.4609623 32759674.1930310 36117890.5601345 31503669.1022596 28088529.5753074 38781784.7611804 28788569.9059359 34728440.7398335 38469906.3390061
 268892.4216293 4425759.3410168 21367428.2924674 16796263.9187011 28840994.5222135       0.0000000 13317560.2095257 12156125.9041585 20205812.1645249 15810819.4233771 34669733.9100792 14397404.1981114 4073872.7578981 20445687.5871488  398872.4875447 28152155.3009270 1968041.5795300 27610420.7314837 9486082.3632849 19239241.9064483 21210258.3748822 22993448.4694510 15066004.1336829 1642133.7544235 10112005.4547142 31413189.4138132 4707845.3455500 21715013.9288456 8669967.0478705 25183644.0640399 4300131.2400053 11393846.3015943  174268.3970778 4870388.8002943 15308014.2274973 28453998.5417294 38021449.5803892 3426149.9741164 28300409.1535341 2755367.6708720 22135513.7016124 3429927.5546935  651375.1498237 7005223.9066904 18400939.6661634 30166104.2961748 25107108.0321139 15335328.6249988 3095334.4762226 20145315.9788302 1590704.2349040 31563628.3654394 23487200.8472875 30901830.3861969 25849719.5993126  951275.1634575 8261873.7826802 3675873.5183631 3491539.3868832  581612.2942079 8764336.5656826 24345877.6468277  814885.7624516 13709499.9315222 6709992.2387127 26483539.3640901 3429146.1252711 29705258.7849595 1333840.5959665 7700961.9884984 1904744.5273957 4457231.2309279 14864822.7168911 14719519.8929721 31504144.6151144 12128527.9512223 18614739.4497753 1365091.1590861 33552271.2615157 3132685.2173521 12218762.6786581 12092687.5815658  323515.1134588 4224347.5405086 2812434.7451455 30522596.4358925 30511326.4728995  283941.8651198 1246623.4663927 24433475.0243140 35042045.2193518 24801734.2638964 5028749.6609838 19048764.2744817 1373473.9576404  226236.6196271 33506394.0288026 7175840.6053404 15704314.8211479 21977389.1229519 5275051.8129800  758880.2160190 15680905.9749200 4166488.3413503 30126223.0413831 12982445.0142828 4938868.8129183 8235672.9471153 5231374.9908211 23009883.9485952 10145876.0231567 1047822.6715062 33785905.4747306 20765123.2773404  473202.6679474 7058270.5350180 1734272.3933582 4168160.2574556 10136611.4703730 8530107.5680100 44687616.1403628 30676343.3557699 7803017.7371977 22485502.8326812 7478157.6320530 10659995.2373622 4860786.7564514  552226.7257583 2345249.0581879 26388463.1834154 16939359.9101574 9776861.8583284 25933925.9402827  157492.0515017 26527897.5358282 1309757.6864530 25935101.4944578 38969310.3868075 8974653.5064063 29615954.1907538 28617268.4612528 26428605.5129358 15528185.0650627 21639620.8710475 13602049.2201971 4065013.4338720 25977149.3185520  322012.1709295 23186188.5161192 30144841.6685349
13353970.3208705 14064508.1472951 25349930.8722153 21295667.0900240 31760365.0611693 13317560.2095257       0.0000000 17606649.4114631 24133155.2447635 20772064.5002560 37217246.4376041 19319579.2245304 13956199.7630266 22589141.2151657 13332368.2807608 20864023.5275143 13444778.7449172 30810270.7695973 16470533.4465272 23493848.3921287 19139366.6368827 25729588.2746207 18435777.0100080 13448098.0257903 16771423.9164562 34235477.6364332 14181469.4605277 25503692.9664377 15961200.7387365 11887814.0236840 14032572.0153599 17646400.7191284 13335008.4908397 11599134.0553681 19606972.6134413 31219992.1495628 40189759.1082580 13565978.6945203 31100658.0749965 13631277.2489439 25848772.9221156 11881404.3389731 13369909.6501188 14324101.4395002 22724230.8961499 32920213.1652749 28351660.2865417 20331337.2233250 13711406.5616352 18630990.3857150 13196343.5676370 34438295.7182175 26839779.6180475 33529623.2705294 12544583.6160687 12622848.7594416 15597320.4132042 13714885.8989534 13790709.2250818 13358633.3689357 15996761.5210576 27803654.1403434 13296611.8213776 18978949.3781276 15004657.7793889 29217213.3745073 10004719.4926882 27631103.9498012 13408084.0864022 15320146.1844207 13470784.4042080 13964382.9854680 20131034.2335946 18183566.6544345 34211585.9436635 17914666.6115561 22389240.3569022 13406194.4536633 36203570.4588013 13745797.2510434 17962136.5846589 17648692.5447522 13280033.3734474 13995510.8292187 13632338.6689269 33261257.4481495 33468570.5247973 13110215.6474807 13309591.5122133 25181232.1860903 37446324.5380914 28160115.6763895 14228543.1632636 23250243.4775434 13418237.4128967 13351149.9690806 31414054.9370414 15217702.8559101 17856939.6217574 25706514.0539693 14407244.4652552 13359999.6852447 19546682.4721954 13270000.1901137 30305136.3742804 18726408.8312819 9752454.4679348 15729041.6912392 14424297.8388439 18329234.3442423 15358588.3152322 12359201.6311338 36125471.5365582 23875215.6735376 13296568.0165812 14973993.9674320 13451563.9839225 14028584.9044660 16738318.5430807 15750856.6570714 46682549.8300584 28982737.3422143 15477860.3088317 26128931.5536273 15293674.4869055 16928512.9128685 14285615.8701646 13367945.7288073 13587349.3920200 29173130.8732593 21561174.4698065 16132152.7427164 29068464.5576010 13351352.9785057 29685083.7364220 13414638.0024760 26532892.3579152 41126312.4191808 16143366.1074812 25504590.8694559 31559809.9356648 29537416.6363558 20461046.1578641 25564712.5459378 19053232.7012416 13857854.7975289 29037855.6428311 13276759.1330778 26620874.3837173 33029038.9167625
12186720.9659469 12486693.6286449 24357477.4628967 20655984.9262061 21342956.8007601 12156125.9041585 17606649.4114631       0.0000000 22173424.4382639 16375574.3960149 36636775.5569437 18535959.1150162 12830061.6465398 23275096.7283331 12174978.6514919 30435672.2240107 12119512.8242927 30279905.8871371 15329867.6125027 22647437.8224753 19700400.8086689 26096147.6210666 19147544.1913863 12275167.7101465 15815564.9019453 32906091.2722251 12693549.2558655 24896664.7181199 12806378.6203049 27525864.0624111 12179904.9894858 12662249.1971889 12180049.5134417 13027703.8258187 18005468.7219219 30289099.2094184 31410357.4508215 9512796.6524203 30638573.9001950 12502317.0990919 20202207.0915654 10297497.1986455 12193187.6802121 7675752.8661090 21535261.7591580 28851010.9621576 16655228.9869744 16591114.8450877 12586834.1735363 17683510.8223559 10908448.5822376 33706086.9821197 25706388.2482339 28268180.5856625 27908963.9403961 12180387.8653172 14712901.6625989 12744790.3366075 9588805.2000332 12199851.3789165 14748141.0009969 27277351.9927918 12163422.9466361 17118771.0514271 13984127.9731404 29129556.8360612 12247897.7755738 31195084.1044755 11495765.1532134 14418973.0764280 10650110.4601948 12221430.6164114 17812318.2917778 8695539.2134239 25657940.6033272 16708135.1444278 22222607.7714966 11668286.9678925 33909766.9990592 12521740.7799747 14497662.6053401 17153778.3100264 12074487.2755823 12865351.2374315 12183368.5111677 27419454.7611205 32726887.4484080 12172895.9387426 12230506.5404875 26918441.3293046 26819134.8254322 26293896.7531192 8472098.3855767 22605686.9849393 12130023.3223591 12099289.7079812 28836252.3525506 13772373.1592052 19671089.5509447 24722870.6441241 13270469.8418922 12125361.0232479 17321105.8074600 12818226.7661227 24000729.5971879 17889503.1009873 11893386.3730965 14541734.5192330 13291463.7509744 25864000.3658937 13721419.1253783 12185152.3848790 35910367.7403174 12744585.5900682 12032473.5984071 13777391.5924347 12267004.4131877 12839757.1152302 13078608.8026221 11661024.8201340 45984023.4039491 32845412.2368469 14368027.2953389 22082811.4534059 13709258.5288052 16270875.9022633 13032026.0941807 12195645.8763090 12129428.3184038 22492005.0267458 19192582.6403889 15478846.0801696 18697645.7295481 12162589.4694579 29138469.2833844 11654162.9021086 28480782.6273848 35018563.6977753 14380664.5252782 23265849.0873335 30846807.6016289 22036598.7059416 19732118.6329202 24592836.7930852 17579556.3586674 9113686.6545925 28707943.2360596 11985848.0866550 21480347.7549426 26138284.6736370
20205695.0100752 20622813.3549614 28094876.2601934 24343729.3024183 31175017.7722415 20205812.1645249 24133155.2447635 22173424.4382639       0.0000000 25695589.2130288 35026113.5798385 15758590.3316274 18275983.1185480 28798282.1859810 19938346.6248250 34567622.9835321 20291329.3038958 34206232.7135186 21942421.7139144 25578032.1042712 26618711.8777858 20296840.6335804 17965425.5588946 20200842.6541356 22663203.8009476 37062905.5924847 20620563.9189786 29637061.2021914 18931808.8785880 32217364.6329017 20324276.5159149 21447168.6516617 20145437.2989211 16735359.5736566 24594062.8165652 34929080.0543015 42978344.8423342 20309611.7048977 34333773.4721432 19151570.7041065 23818643.4355907 20453677.5789936 19685236.2689356 21387379.9595021 18904929.7333901 36144439.4962293 32250919.3988100 19119795.3399394 20433438.6103639 24334011.2373491 20266230.3311715 37610863.7044192 30339832.8792251 33538724.6964342 32738969.9364854 20070254.0084018 12989466.4407010 20467075.0152988 19766667.8149559 20199913.5075521 19571383.6582046 27109952.1932861 19739847.6496033 24123249.5636410 21319454.1332810 33297135.9566626 20299277.9500896 30583949.5765960 19886823.9925182 16793301.2408707 20291980.8317908 20686701.8103888 25195200.0340617 24891968.3714966 33310751.9211110 22388484.8192149 27517699.8593008 19976624.6322436 39197372.8975878 20047669.9280806 19910973.8363107 23272251.1443880 20157149.8520394 19372017.8550942 20397787.4749332 31418597.1004249 31363302.5433977 20205332.8764400 20226413.4258942 31683722.4872539 40486364.9923407 31496250.0176387 20813314.1497189 23233550.4772563 20042165.9173609 20203680.8067149 35200043.0021503 21447802.3226090 25584149.0235152 24734674.6646325 20892763.2604238 20165653.5149583 25587622.6482404 20645582.5399955 36266930.2864129 23698609.9235192 20417796.9308543 21855314.9705453 20899931.5557784 30296214.2346374 22594392.2576085 20206732.4598718 37323626.7822260 28631112.4986094 19933526.6855490 19666933.3727318 19592734.6741716 18159453.9893421 15338259.4533968 20373746.2385940 35829222.4148162 16361879.1163605 13603210.4538599 30213082.4093767 19765922.4007733 21559428.6743198 20796057.7899429 20212576.9687780 20245066.3984733 29048375.0205394 26297931.9653853 19651600.6169700 32834574.1482727 20191607.2926095 8962344.1182275 20255154.3478805 31656179.6181892 35664207.5364346 22143415.6953888 34002964.8805841 29784305.4086920 20686446.9707210 21562932.2851977 29672560.2096695 23128081.1577182 20604141.5856152 32497747.3525445 20198799.1173059 22429625.9054967 36342973.2747235
15677570.3786890 16402952.0080708 12088514.6004622 23117714.2936917 31205972.3640296 15810819.4233771 20772064.5002560 16375574.3960149 25695589.2130288       0.0000000 38299794.5357707 21309166.0767236 16465336.3257956 8695569.4332185 15969298.7209337 22184548.9236788 16075795.3535070 14835776.1496599 18657768.4331147 25098478.3506020 26591753.9012228 16165173.4747472 21991464.9483291 16047328.1676668 14082437.5902948 24229647.1273468 13570668.5781745 26963486.6300448 11654367.7226738 29489760.8057788 12381371.7068393 12922586.9919340 15915549.1049216 16222163.8024408 8298891.8358196 32372387.9238760 35979887.4330267 14868537.3047534 32367264.7636150 15123521.1077437 26608025.5046161 15166190.8192086 15982395.6978170 14555501.7539302 24043387.8789093 32587306.5242178 22522428.5424945 22040923.1803604 13100741.3929929 16270958.6870651 15370251.1447582 35521355.4988729 28369845.1151218 34753533.4045832 30101722.8600010 15979779.0386495 17952968.6830710 13259945.9324962 15778772.7279956 15615562.5851731 17156770.8437348 24053857.2191278 15630009.2718368 20066715.6969405 10159875.4519519 30923019.3257393 15800962.9704635 33741540.9112080 15788164.7154844 17062991.6240549 15257285.9106077 16192568.2238815 15318560.2929373 16727534.4410064 34674593.7138382 20037792.6390199 7789226.3740541 15831504.8317191 26477817.5496647 16299596.1178319 20094937.2725288 20026610.0200695 15970523.7368541 16430315.3833610 16185774.2282066 31500493.5815743 34563345.1234424 15969199.1721284 16008592.4650118 29015338.7096939 29142630.7860079 29411190.4356826 14582824.6681232 24858372.3070986 16021540.7156209 15818954.1128623 36284831.6207657 11741451.6634243 22509071.5622418 27168463.9646627 11357155.5778434 15980827.8319573 21207999.3340502 16524806.5949871 29543346.6894954 7980263.3052158 16715647.0554992 12244030.9618263 12005449.3014782 16157651.1655780 17418151.6003075 16001313.5222497 37363254.0704280 20210940.1855409 15895196.7169387 16721206.3326918 16040468.3831246 16528271.5966888 17433263.4081341 18125648.6829965 47520619.7393895 34569273.2224457 17769104.6460825 26125996.2121338 17615619.9317462 9680004.3139048 14666925.9211013 15370839.6561494 16113322.1225060 26875733.5695219 22957137.8153104 18652780.9461806 17592414.3712564 15951434.7758397 30847663.8494549 15111392.9787649 25046484.5102638 42111252.3348583 18345565.7243033 28787205.4871772 32608807.1977602 27026491.5798100 22269764.3373017 26700022.8724415 15243934.9961777 14723255.7973394 28822570.2340191 15792050.5768621 25376800.1133912 30394080.6942324
34866908.2754057 35152609.0751820 36520039.9330770 35358277.8440166 45264485.0323033 34669733.9100792 37217246.4376041 36636775.5569437 35026113.5798385 38299794.5357707       0.0000000 33469414.0563278 33689354.2239000 39869615.2854785 34796822.7193784 42895765.6605706 34900119.5591667 44568704.2949598 26209756.9640064 23653061.8824847 32040704.4150634 38171154.8738184 30086348.6742982 33462320.1898246 27450477.0283449 46962226.3604880 34382716.8207681 35998260.4261696 35226876.3559179 42926020.3742219 35133171.1556460 34164964.1944097 34761429.3949117 33774938.9058201 37880305.8025203 14138921.5859657 47701252.7254111 34988783.8355478 41618158.3742642 34809588.2751967 41290084.2148494 34652301.8902632 34254328.8741969 35314439.7724897 34146386.1973601 45303068.5394483 42714167.3735334 34053082.9017605 35025246.8791801 39610470.2647306 34905070.3044717 13598863.9841530 39256430.1411827 43933645.6096483 43319236.2574395 34762469.8162498 33160701.3787670 34759094.6749002 34173074.3826903 34816133.7793317 33987496.2385135 42503153.5391580 34579403.0068099 35435244.7362126 35545243.1704079 38992992.4227042 35032738.9319000 43432107.5255133 34650291.1783252 33411518.6820425 34785512.4897432 34241435.8678452 24778742.6500734 37438638.2434009 46137114.0304182 35458325.5985219 39587418.5472773 34765999.9241262 47732998.7017448 32140699.5002825 36921192.7072039 34847736.1987833 34614186.1499421 35116039.4550118 34737568.8085089 46233886.7057000 7496950.9770979 34741621.1688557 34593319.8189957 38238991.5142472 49478813.5573182 41852117.3405348 35238503.6148148 39004798.5465569 34903079.8197055 34860196.5096400 48304265.4187120 35500893.5154152 21778240.1336433 40537633.3483805 35033049.7551532 34742138.7459881 22383459.4896971 32089896.2277011 43931785.7173414 36320785.0430732 35194216.5753088 32021128.9413258 32911169.4443985 41645731.4087186 30091959.7401579 34843154.8740269 45086406.1325346 39994607.6755709 34815619.4071253 33560648.5977931 34862596.6058114 30850234.4109671 32728392.6773406 32157606.6303059 23398510.3546306 39442021.5438446 31782735.9056669 41494340.9329293 34258347.1142062 36500136.1152533 30707035.6532184 34885294.6932930 32526592.8099231 43745755.4804378 38588003.3924295 36176953.4452452 43118011.7816686 34675121.6832182 37335855.5629403 33768772.4511546 18988699.7592821 51787267.7195399 31271926.3529912 41776633.3949377 45038385.1437810 39351124.2800715 38078898.5452393 15800718.9631095 36720869.8980166 35076927.5008010 40411233.8997180 34869949.3789178 34955518.7582471 25889131.6939364
14399618.8357567 14978115.1100916 25795322.7963868 9230404.2568644 32107686.7771930 14397404.1981114 19319579.2245304 18535959.1150162 15758590.3316274 21309166.0767236 33469414.0563278       0.0000000 13363588.8454759 25066315.1194789 14214268.8946028 31554434.8985418 14448545.5773032 31257723.1007748 16925462.6021529 23711518.6053575 21808536.0356883 21851129.2402164 18381187.0846787 13564382.9972331 17730311.2731458 34472328.6628969 14752103.9741625 26037808.5451967 15976835.2651105 28791542.6694442 14928603.6107463 18446768.7434809 14356219.8828111 12422028.0640611 20053225.6032355 32066208.9907174 38450002.8010523 14533889.5751303 19716371.8522918 14231042.4302962 26102741.1779748 13696393.0771858 14043812.2726362 15762877.3373125 19585864.4538346 30715388.8332189 28485666.3769011 18440188.5545438 14735968.3978373 23227852.5366383 14418978.4267573 34897853.0422199 16244750.5719866 26360744.8946630 29365278.1519290 13875629.3948725 9615567.5450581 13322613.8543380 14396645.0847388 14041635.3478467 16581564.0533138 27776355.1438994 14080454.5075004 9877200.2053480 15949172.0749622 29782964.8123531 14710294.6692255 32467724.5711431 14165791.5424764 6808839.1194687 14408092.2347913 15031738.0394275 20795209.1609608 18650529.7734820 34477662.0324955 11134808.4979895 23630688.8619593 13816263.7253331 36403979.6900375 14708987.8044183 18481014.1788230 9470465.8344097 14246735.3007853 14836841.8100038 14627072.6338019 33009624.2375562 31174225.8530504 14392925.8563394 14063339.1955470 28297236.3687897 37394467.4821229 28186757.4180899 15057127.6937117 23362916.3128494 14412736.4072686 14392304.1180475 36278992.3584726 16072773.2663907 19335766.0513996 25740148.9726019 14991299.4173425 13868964.3346588 21248533.6662897 15010121.7488777 32900193.2391371 19193064.2141789 15118117.4152063 16650811.9792662 15383747.3865626 26940285.6080087 17535985.5278763 14164885.4215291 25160551.6823384 24609729.4467944 14238093.3818757 8923883.5592646 14305564.6635466 13396059.6862971 12992510.1226958 13551514.7069844 36272773.5317944 24599054.1530127 11227980.1886806 26402475.8422167 15000729.3796442 17833262.8649359 14934147.9884763 14410895.7024888 14514777.0036472 30045446.7352356 21978954.1716927 17036820.5964113 27990027.8235911 14387461.5330939 21255461.0500752 14444625.1074201 29163556.4519877 40701508.9916295 16930865.3276111 31911986.8209106 31408792.2737329 23110396.9574513 20748513.4749566 24931755.0744760 16322179.5392504 14808952.5782296 17878199.6490554 14383035.3356724 16129044.3753628 33221422.3054376
4082181.9637572 6001705.8255747 21289018.2009812 16945711.5625697 29130276.8582319 4073872.7578981 13956199.7630266 12830061.6465398 18275983.1185480 16465336.3257956 33689354.2239000 13363588.8454759       0.0000000 20822047.3478061 3908051.7633833 28596761.1188094 4510463.5377277 28064106.6079351 10506596.6108478 18589887.6505570 21700775.4873165 21970892.0268304 14991733.8377771 4423946.0245007 10865321.1444217 31779047.3498573 4084271.6762356 18626335.2427951 9373572.5955793 25549158.0684170 6026928.2006525 12247351.5605476 4026467.2903314 3843819.4840202 15979127.4168716 28962569.4473599 36314109.4586089 5226430.2625307 28590297.0484446 4647225.8902306 22503586.0885819 4897532.9231150 3788617.7759721 7579395.3547817 14762805.5273882 30410783.2234453 25237918.3941608 12079579.1754928 5204041.8354132 20329550.0418339 4329136.0285443 32036985.8111448 23830408.7043323 30977767.5552154 26204852.1349858 4090379.4419877 6663009.9753149 5474870.5771415 4891866.1397086 4116462.6103714 9710956.0026652 24728889.5424041 3335037.8034895 14098027.5055375 7979052.7844473 23352101.2018370 5349491.0634757 29971881.9811153 4252677.5041090 7267107.9123026 4491760.7312151 2809664.7526522 15674713.3389923 15222751.4341733 31773511.4980420 12751830.5988718 19208891.1307365 4218114.8657784 33898463.6874311 5248477.0266543 12854801.2575549 12539286.1431268 4086192.2957167 5843301.6347044 4061287.4096598 30775321.6812103 29934640.1261980 4028197.2598374 3282965.8908289 21404468.5765450 35316636.7506025 24500769.8323507 6462125.9782469 19451416.8685365 4283657.2191107 4071513.9160030 33774329.1258249 8357031.1539189 16436588.9507760 22324265.2289959 6789228.4430749 4132889.8301533 16397079.4482391 3501965.5816619 28961839.2926999 12720433.7186078 6386414.6689795 7545300.7070968 6823624.9351105 23452354.8748545 8124390.4344369 4201592.3035165 34024073.2707907 21078443.9918428 3953829.7784993 7701896.6164400 4303696.9876344 4581316.7381712 6777689.0034912 8513212.0668147 43413598.2846549 28608467.1331085 6420550.4428476 22848920.1326016 6059652.8171958 11535394.1347747 6550807.6346328 4121320.9344033 4701693.9857878 26741890.9259907 17409189.8746253 10564458.3627629 26322011.5066231 4054234.7975298 24575252.8327614 4356973.1160578 25207494.0910938 39022577.3961658 9848155.1109785 29950817.4521252 28883258.9241904 25144712.6939386 16036205.6756749 21423987.3108486 14271268.0003124 5639063.0114686 26313630.4884460 4043176.9307925 20501802.3530210 29029959.1711499
20301197.2999617 20912941.9848515 8607707.9020990 26550893.1149303 34856027.7556370 20445687.5871488 22589141.2151657 23275096.7283331 28798282.1859810 8695569.4332185 39869615.2854785 25066315.1194789 20822047.3478061       0.0000000 20614007.7765951 17164972.7783279 20692124.6767121 8493577.0891089 22573579.6243692 27736545.6772609 28289863.3674577 14474056.6912648 25112073.7235112 20641894.9552885 17094340.7933721 22278941.2782944 17622633.2609651 29039618.7032969 15075287.5694198 29264057.9534863 16576129.8728121 15876114.3370837 20554105.3319620 20183555.6513932 8099399.0589147 34553916.5534394 41669251.3476043 20647090.4066227 34955560.2354608 19624024.3555462 29361227.8364843 20315502.7057740 20617090.9716192 21146905.4826965 26915663.3159131 36217816.7173168 30414744.0622379 25086775.8953685 17441540.0777599 20080413.6576900 20531175.7515184 37461001.3208650 31205074.2028579 37049296.2745980 29981613.1832420 20500485.2257472 22173775.8366674 17529833.9781960 20760292.1138056 20231680.1898579 21252078.0267457 25309438.2807409 20214151.7904637 24266155.3177162 13935609.3179613 32488430.8328850 19869375.6097015 35030259.2718029 20608312.0500913 21260065.6282822 20575370.3935140 20756355.1622935 18278374.6269483 24235047.7156265 37496531.4648384 23906914.0194961 3266381.0942352 20442687.8874240 25485918.4852718 20809132.6742654 23930999.3574933 23796324.6923554 20600004.4535587 20948732.8644196 20729046.6832588 36233495.5818716 36510867.8912750 20569931.6967487 20569734.7181819 30423692.4939831 35554548.2490912 32080637.9130111 20899435.3378189 28056635.6867183 20659568.9051883 20494857.5114621 37130237.3221520 15506917.7112303 25196762.3530452 30122101.7977049 15398478.7163292 20623735.5033237 25246704.0339235 20670614.5707421 34654463.9420888 8973157.7411759 20527779.0719961 15376949.6646530 16003745.6435367 11053314.2416240 21509255.8510751 20474709.1206903 39556289.2545410 28125612.2921406 20592587.7087855 20938213.3710292 20682764.6834696 20959063.6825312 22402226.0266799 22099900.2153241 49010330.8367775 35973662.4157223 22015395.5408532 30152049.7897377 21701418.7909843 12299156.5193637 18876629.6992519 19967940.7328135 20649709.6359374 28143362.4240007 26626840.9678998 22728743.8481484 24691906.5533526 20600843.8888184 33476421.0956045 19926972.4518881 24354398.4461728 44046212.3829193 22403310.3606851 33688563.5561806 35236869.6450973 32853798.2229256 25805349.3808631 29060502.3667838 17912445.1542565 20728389.1865437 30985410.6418905 20504250.5807988 30061665.1589301 35216402.4833215
 428136.3261649 4431170.4991285 21562441.3399475 16767738.1875742 28830799.8678224  398872.4875447 13332368.2807608 12174978.6514919 19938346.6248250 15969298.7209337 34796822.7193784 14214268.8946028 3908051.7633833 20614007.7765951       0.0000000 28293851.5830572 1971573.1558096 27771492.9559771 9711023.4722023 19410985.3477360 21295260.1958569 22947746.2403448 15089350.3997375 1816841.9350720 10393375.1259833 31529209.8641943 4818737.9217213 21734245.9646071 8753785.2863680 25202473.7395482 4447237.0970846 11540453.8569578  252968.7584412 4657411.1773991 15455615.5499815 28685029.5551851 38047821.6801781 3438280.6587901 28301233.9996420 2771867.1399328 22128781.9681212 3467671.0606355  574867.6905595 7035693.7677464 18281842.8857676 30173564.2025455 25145040.2098931 15229914.9356796 3259403.3527333 20198939.7886109 1621085.2178440 31791787.2175847 23486212.8024307 30887348.6934851 25866808.1770384  920833.9902261 7978913.7949939 3813706.0252665 3531340.3637940  683113.5199857 8841706.6478340 24407739.9184072  724365.2667826 13719032.0977838 6872384.1737266 26491224.2024150 3466476.6965320 29732592.4803934 1366570.4396362 7539690.8720137 1950553.6183538 4470469.6824090 15145022.8953587 14747847.4506096 31497639.6716311 12124839.3558422 18776661.2603842 1375135.2832398 33667846.8249229 3343828.2603484 12208981.2234431 12097939.5003713  466637.7303195 4228079.3930710 2816500.8905460 30533945.2931800 30639204.7309726  389030.6354997 1255028.8567375 24444205.9631049 35101772.4009027 24794059.3521445 5056230.9525538 19056476.3680699 1374416.5820231  323348.3796531 33502949.5448747 7309909.0689248 15922016.3914017 21982415.1703396 5444640.3129054  770514.7668284 15904866.7042447 4303874.3748936 30152427.1729338 13131096.2713142 4944276.9767858 8438044.2704750 5484619.9094508 23139492.0495667 10270568.4471474 1061799.5504969 33785977.2309048 20792492.5352847  339633.8216236 7034045.7929185 1704230.7045566 4192999.6937092 9948533.8840913 8588177.0979826 44652235.7450381 30413687.0100729 7573507.8832220 22493202.6069601 7410355.1669907 10803919.3462515 5141911.0144436  720017.5134822 2578015.6898467 26417335.2516458 16942271.7784972 9777351.7444660 26024513.2811908  345704.6378602 26276450.6526827 1590233.8115376 26170062.0932716 38934347.0309287 9099091.4308267 29684016.3610083 28618058.4624203 26262463.3862328 15529549.2372918 21863477.2291060 13686935.7744841 4093792.7274209 25998528.1446212  379748.3073111 23062180.4325844 30311772.2691604
