      0.0000000      39.3218357      34.8507381      40.4516782      34.9577683      29.8882489      34.2152675      39.2307841      31.8000682      55.2606353      33.4372054      35.2930468      45.6023631      42.0008028      47.1369432      39.3292572      46.5819598      47.2437647      36.8022231      45.4671672      47.8847923      30.7009673      53.2090420      41.9110658      34.0661629      38.0043711      40.9910860      33.2007603      55.0127391      35.8416728    9984.8859922    9999.4570902    9997.3984606    9998.1720791   10003.0644562   10001.5574884   10025.0584138   10001.8334050    9991.4246440   10007.3342923   10025.4875926   10015.3520811   10011.7785587   10015.7737541    9999.7273332   10020.8798192    9987.6604891   10004.3369133   10010.2717085   10011.2441877   10002.1273960   10006.6135656   10019.7460004   10022.8866728   10011.1086279   10000.9913052   10023.4510167    9996.8540809    9996.9799519   10007.9588314   13822.2949566   13801.6714014   13826.8489315   13826.0660484   13818.2459605   13827.2559704   13836.0090507   13820.1401473   13833.4129770   13814.6304574   13829.2613029   13813.2605840   13807.6663621   13823.7648726   13814.3141064   13815.4680934   13822.2403408   13815.6214082   13831.4759814   13823.3646079   13817.7800647   13811.8190495   13839.2485441   13809.3976089   13827.6540158   13825.3979605   13800.5309233   13827.0614745   13821.4127619   13815.3924403   14784.2853365   14776.8344103   14783.2642514   14774.0115385   14786.4389376   14779.4256722   14777.7054408   14772.2469575   14782.9024795   14788.7579967   14805.4927460   14777.7545710   14802.5609218   14779.8856362   14784.2931909   14783.1862242   14788.2441590   14787.6610770   14783.0994069   14792.4479240   14784.1743533   14768.1453042   14780.1361435   14783.7074870   14772.2685366   14787.2129201   14789.7484996   14794.9682734   14783.7764264   14799.7830551   12151.1992972   12151.4563042   12139.6131299   12142.6476637   12135.7156772   12138.8177423   12129.6962288   12126.2080413   12151.6874547   12147.0623707   12143.9875677   12125.0820140   12118.4863083   12144.9460890   12142.2838256   12121.5662584   12137.3156262   12148.9161978   12153.9031839   12142.9000841   12140.5680192   12138.4634346   12139.1382802   12146.2917881   12154.8660598   12140.3166157   12151.1719872   12131.0387559   12128.6429505   12146.4424243
     39.3218357       0.0000000      33.8592974      43.2034340      23.8182467      28.5983478      37.8638288      42.2605628      49.7884597      43.1018566      37.1671965      33.5612408      36.0924228      47.5668208      50.7689541      26.6614074      37.7457651      45.0736826      48.5598988      51.4286069      39.7695959      51.2720547      36.4349418      43.7656932      30.3012706      28.0952762      38.2239731      47.4649336      54.1035270      38.0866734    9985.5957794   10000.1547818    9998.0753587    9998.9294352   10003.7257814   10002.2536056   10025.7760799   10002.5521192    9992.1222675   10008.0297261   10026.1805368   10016.0100082   10012.4809684   10016.4325792   10000.4452091   10021.5226831    9988.3858862   10005.0384282   10010.9950997   10011.9025154   10002.7977023   10007.3043704   10020.4533519   10023.5795318   10011.7633575   10001.6830555   10024.0894585    9997.5490191    9997.7332019   10008.6613174   13798.3620412   13777.7263765   13802.9123839   13802.1437288   13794.3104481   13803.2806254   13812.0683638   13796.1924048   13809.5136103   13790.6955182   13805.3322564   13789.3245076   13783.7394838   13799.7682412   13790.3989955   13791.5179979   13798.3082770   13791.6826756   13807.5540058   13799.4482781   13793.8530466   13787.9348004   13815.3405630   13785.4903317   13803.7214296   13801.4658818   13776.6067903   13803.1333232   13797.4736783   13791.4636421   14784.0524343   14776.5895290   14783.0275201   14773.8397073   14786.2931491   14779.1934440   14777.5066596   14772.0525055   14782.6561106   14788.5225192   14805.2715523   14777.5404501   14802.3408046   14779.6990041   14783.9810559   14782.9596776   14788.0296764   14787.4788375   14782.9032564   14792.2323220   14783.9553519   14767.9533850   14779.9154986   14783.4809148   14772.0460567   14786.9831194   14789.5704258   14794.7559106   14783.5871703   14799.5496090   12158.1087671   12158.3427221   12146.4803694   12149.5360397   12142.5924284   12145.7939093   12136.5733367   12133.1133541   12158.5759254   12153.9156732   12150.8922254   12131.9428907   12125.3917999   12151.8357639   12149.2056402   12128.4351155   12144.2254410   12155.7942029   12160.7625243   12149.8002989   12147.4844138   12145.3477377   12146.0604676   12153.2575798   12161.7183015   12147.2025345   12158.0909823   12137.9357271   12135.5594423   12153.3017027
     34.8507381      33.8592974       0.0000000      40.5955696      37.4380583      32.1792032      21.1394521      31.7709548      45.7839843      46.1532805      32.8957848      45.2984526      48.3310743      38.7966090      43.2380188      35.7538638      42.4272077      56.5458395      40.2730262      44.1015372      49.1419437      37.7661664      48.2108119      31.9975475      40.5010011      30.4239770      45.5873328      33.9493221      51.7078550      27.0648907    9987.6885119   10002.2656091   10000.1836100   10000.9987731   10005.8132496   10004.3091012   10027.8775296   10004.6496169    9994.2490854   10010.1281539   10028.3235139   10018.1234691   10014.6179858   10018.5835530   10002.6169654   10023.6361645    9990.4642472   10007.1532335   10013.1221769   10014.0489270   10004.9177252   10009.4808075   10022.5492929   10025.6317064   10013.9148071   10003.7741565   10026.1977361    9999.6293658    9999.8518810   10010.7457748   13798.6540646   13778.0246251   13803.2624630   13802.4277088   13794.6280463   13803.6234211   13812.3532400   13796.5518176   13809.7798305   13790.9826474   13805.6237942   13789.6239305   13784.0645194   13800.0986356   13790.7201328   13791.8234317   13798.6051870   13791.9984929   13807.8304042   13799.7295897   13794.1478644   13788.1950970   13815.6201709   13785.7937377   13804.0169445   13801.7888476   13776.8824417   13803.4305276   13797.7876800   13791.7694047   14771.7843647   14764.3350067   14770.7422546   14761.5156738   14773.9927953   14766.9097849   14765.2590008   14759.7773775   14770.3734430   14776.2412492   14792.9560210   14765.2589446   14790.0471041   14767.3684511   14771.7438165   14770.6866744   14775.7250287   14775.1591886   14770.5985446   14779.9425348   14771.6690887   14755.6436955   14767.6452403   14771.1760946   14759.7522906   14774.6739406   14777.2593686   14782.4600042   14771.2703159   14787.2705115   12163.3779734   12163.5858676   12151.7460253   12154.7878042   12147.8594250   12150.9978174   12141.8246483   12138.3390403   12163.8424053   12159.2018010   12156.1291851   12137.2644474   12130.6712007   12157.0945053   12154.4531989   12133.6937967   12149.4359015   12161.0701179   12166.0617496   12155.0053506   12152.7600053   12150.5858955   12151.2588501   12158.4136424   12166.9974106   12152.4407771   12163.3535654   12143.1899716   12140.8383274   12158.6164853
     40.4516782      43.2034340      40.5955696       0.0000000      42.3517974      48.3569263      46.4009499      42.8672502      44.3355925      57.2267200      41.6687586      40.4296643      40.7764043      21.6084281      34.2270469      42.5104055      43.0697994      70.7456768      46.6088674      54.2376984      60.8260713      30.6679204      50.7477169      41.9743816      49.8681848      44.5431711      53.5019562      47.0102484      46.2816379      48.4474535    9979.7815015    9994.3283889    9992.2583641    9993.1050775    9997.9133856    9996.4248434   10020.0246662    9996.7760462    9986.2531397   10002.2099109   10020.3792929   10010.2782465   10006.6456686   10010.6078578    9994.6585661   10015.6810791    9982.5542415    9999.2796787   10005.2058295   10006.1357690    9997.0154960   10001.4965300   10014.6433243   10017.7643377   10006.0077916    9995.7810646   10018.3164360    9991.7944820    9991.8543017   10002.7490371   13788.8376213   13768.2194354   13793.3442353   13792.5928876   13784.7764549   13793.7615258   13802.5385945   13786.6545506   13799.9413673   13781.1801142   13795.7746579   13779.7798627   13774.1836916   13790.2867499   13780.8083653   13781.9814918   13788.7439901   13782.1670200   13797.9959032   13789.8884185   13784.3291561   13778.3676017   13805.7761473   13775.9157000   13794.1867743   13791.9215858   13767.0472723   13793.5642568   13787.9381412   13781.9162108   14771.8747897   14764.3922544   14770.8630668   14761.6202312   14774.0956474   14767.0120773   14765.3241310   14759.8861124   14770.4928759   14776.3452300   14793.0447505   14765.3142620   14790.1731974   14767.4762091   14771.8597855   14770.7612711   14775.8391329   14775.3208922   14770.7501717   14780.0597607   14771.7590672   14755.7601493   14767.7237339   14771.3526334   14759.8951002   14774.7815484   14777.3464870   14782.5897343   14771.3866054   14787.4293419   12136.1597753   12136.4061936   12124.5512534   12127.5924176   12120.6898493   12123.8418273   12114.6170842   12111.1776560   12136.6491611   12132.0013736   12128.9438935   12110.1019292   12103.5100865   12129.9502649   12127.2370103   12106.5285058   12122.2383901   12133.8804762   12138.8835062   12127.8155035   12125.6102811   12123.4468140   12124.0656190   12131.1943939   12139.7881585   12125.1898167   12136.1493524   12116.0443765   12113.6683704   12131.4020664
     34.9577683      23.8182467      37.4380583      42.3517974       0.0000000      27.3273589      32.2901479      36.8384522      33.6455089      48.9586738      31.0577328      32.2888951      33.8259924      43.7986158      41.0356311      25.4631038      24.2145800      37.1354129      46.8860292      53.0892400      29.3601953      48.0734757      44.9432737      44.1192594      23.6130905      28.0815287      38.0533111      49.1959978      49.9792171      38.3793120    9998.0609610   10012.6482149   10010.5605557   10011.4134054   10016.2034653   10014.7303244   10038.2428792   10015.0146679   10004.5913434   10020.5041460   10038.6372120   10028.5046544   10024.9289693   10028.9194920   10012.9180749   10034.0234340   10000.8514315   10017.5315971   10023.4522302   10024.3984492   10015.2787429   10019.8004716   10032.9285472   10036.0882530   10024.2552901   10014.1712548   10036.5812695   10010.0382041   10010.1980122   10021.1217684   13809.8132365   13789.1935089   13814.3523120   13813.5767729   13805.7647265   13814.7255657   13823.5129511   13807.6542551   13820.9577701   13802.1537374   13816.7301492   13800.7804797   13795.1706266   13811.2100922   13801.8307804   13802.9366724   13809.7315087   13803.1469075   13818.9835076   13810.8929277   13805.3117816   13799.3825301   13826.7994205   13796.9314518   13815.1560151   13812.9182498   13788.0795443   13814.5657158   13808.9375526   13802.9008650   14786.1492108   14778.6757219   14785.1235862   14775.9240893   14788.3666872   14781.2918777   14779.5900694   14774.1386155   14784.7476363   14790.6437207   14807.3442586   14779.6263874   14804.4652761   14781.7752904   14786.0805764   14785.0479585   14790.1123224   14789.5543551   14784.9840743   14794.3299981   14786.0263012   14770.0417264   14782.0144859   14785.5475986   14774.1366323   14789.0775335   14791.6358182   14796.8595601   14785.6657902   14801.6484134   12161.9302266   12162.1853888   12150.3207197   12153.3650066   12146.4461958   12149.6197548   12140.4317431   12136.9488916   12162.4323733   12157.7560811   12154.7271509   12135.7948881   12129.2615852   12155.6964066   12153.0130469   12132.3076386   12148.0493408   12159.6482645   12164.6311575   12153.6431907   12151.3399524   12149.2223258   12149.9009655   12157.0975553   12165.5734127   12151.0293338   12161.9314781   12141.7876238   12139.3979623   12157.1569367
     29.8882489      28.5983478      32.1792032      48.3569263      27.3273589       0.0000000      24.9250327      36.7497494      35.2549309      43.2541755      32.0992942      32.6545623      37.3435112      45.6141288      43.6442137      21.3654077      34.3184349      42.7495216      31.2259651      36.2353498      34.4387575      42.9016539      52.2267815      29.2558221      29.2116180      23.2822098      27.9942496      31.7286552      45.2866144      21.6092516    9992.3897199   10006.9675823   10004.9123746   10005.7218289   10010.5134194   10009.0801931   10032.5818332   10009.3328053    9998.9610375   10014.8189698   10032.9868614   10022.8429713   10019.2959467   10023.2678171   10007.2558626   10028.3760057    9995.2103271   10011.8322490   10017.7797319   10018.7093376   10009.6291382   10014.1944268   10027.2351277   10030.3548533   10018.5799093   10008.5284919   10030.9186933   10004.3618593   10004.5474618   10015.4769055   13811.4296869   13790.7987247   13816.0125108   13815.2400320   13807.3984696   13816.4081684   13825.1632027   13809.3133104   13822.5929878   13803.7726491   13818.3763383   13802.4165541   13796.8025816   13812.8828900   13803.4692665   13804.6239503   13811.3809153   13804.7977777   13820.6126383   13812.5300975   13806.9167274   13800.9689497   13828.4164636   13798.5650733   13816.7787538   13814.5645747   13789.7129401   13816.2090096   13810.5613462   13804.5218702   14786.9512751   14779.4906621   14785.9128622   14776.6994954   14789.1282190   14782.0799364   14780.3802625   14774.9254481   14785.5415128   14791.4083784   14808.1451235   14780.4494305   14805.2287218   14782.5689699   14786.8800956   14785.8276611   14790.8966295   14790.3303277   14785.7536528   14795.1358036   14786.8226919   14770.8160506   14782.8043755   14786.3357131   14774.9356002   14789.8635417   14792.4196360   14797.6150310   14786.4552319   14802.4051332   12158.1557125   12158.4097312   12146.5667860   12149.6092052   12142.6856195   12145.8035031   12136.6477976   12133.1766620   12158.6493283   12153.9952562   12150.9434765   12132.0118191   12125.4755269   12151.8969496   12149.2536708   12128.5478759   12144.2830942   12155.8891856   12160.8648671   12149.8772116   12147.5286855   12145.3945802   12146.1132197   12153.3107109   12161.8149210   12147.2998509   12158.1417034   12137.9876792   12135.6006660   12153.3882331
     34.2152675      37.8638288      21.1394521      46.4009499      32.2901479      24.9250327       0.0000000      29.7690559      36.9012293      48.7935544      30.3380626      42.5879159      43.2950672      41.4109000      39.9663847      32.9447231      38.1954905      49.2331646      39.9958508      38.8167914      37.0004754      39.9193913      55.1807888      27.9852195      35.0856484      22.9998528      39.9851297      32.1844287      42.5702778      19.6977082    9996.0322779   10010.6691641   10008.5905899   10009.4109489   10014.1978555   10012.7084433   10036.2681598   10013.0292935   10002.6519947   10018.5058635   10036.7138018   10026.5299034   10022.9824536   10026.9918519   10010.9920768   10032.0601469    9998.8689473   10015.5445017   10021.4975904   10022.4568097   10013.3118057   10017.9154152   10030.9299101   10034.0341356   10022.3130567   10012.1887228   10034.6070954   10008.0402208   10008.2661395   10019.1438130   13807.9319199   13787.3095984   13812.5454707   13811.7101164   13803.9244746   13812.9188562   13821.6438295   13805.8379307   13819.0719522   13800.2829424   13814.8632121   13798.9233881   13793.3298386   13809.3747452   13799.9866780   13801.0995009   13807.8867955   13801.3060667   13817.1036962   13809.0252144   13803.4389978   13797.4722197   13824.9194301   13795.0844902   13813.2971662   13811.0806484   13786.1947654   13812.7297788   13807.0734747   13801.0480322   14779.7727618   14772.3123252   14778.7317210   14769.4933725   14781.9354768   14774.8868024   14773.2114304   14767.7568380   14778.3311902   14784.2204421   14800.9258854   14773.2562507   14798.0358612   14775.3409287   14779.7067694   14778.6448731   14783.7020650   14783.1139343   14778.5551808   14787.9266163   14779.6310361   14763.6137560   14775.6293019   14779.1210904   14767.7238367   14782.6536867   14785.2117180   14790.4483822   14779.2508080   14795.2391341   12168.0285250   12168.2499569   12156.4416131   12159.4692742   12152.5776119   12155.6762795   12146.5165357   12143.0127820   12168.5320622   12163.8750479   12160.8078335   12141.9445021   12135.3689886   12161.7894290   12159.1182357   12138.4037492   12154.1188630   12165.7561466   12170.7835462   12159.7134015   12157.4432782   12155.2789196   12155.9494562   12163.1183810   12171.6980106   12157.1302883   12168.0267147   12147.8744934   12145.4880487   12163.2903235
     39.2307841      42.2605628      31.7709548      42.8672502      36.8384522      36.7497494      29.7690559       0.0000000      35.6539935      32.6288502      31.0965584      38.9294710      32.7251690      39.3886936      29.1551050      32.0585190      37.5784976      45.3436141      38.0611751      34.4606788      34.5943231      34.8853962      51.1770682      35.5299252      36.9550285      23.6945882      46.6854059      38.0662373      49.6069908      41.8164769   10001.2561295   10015.8545397   10013.7492896   10014.5601253   10019.3892133   10017.9157816   10041.4479837   10018.2195481   10007.8045354   10023.7513208   10041.8949021   10031.7234297   10028.1785500   10032.1584831   10016.1394441   10037.2465718   10003.9891383   10020.7571869   10026.7248679   10027.6159519   10018.4701564   10023.0460268   10036.1350142   10039.1565852   10027.4662662   10017.3421593   10039.7562996   10013.2352533   10013.3764193   10024.2976615   13806.3285757   13785.6911262   13810.8645186   13810.1085294   13802.2735403   13811.2925031   13820.0229118   13804.1887416   13817.4476947   13798.6609038   13813.2212853   13797.3116904   13791.7102020   13807.7543725   13798.3516889   13799.4859733   13806.2645977   13799.7038449   13815.5074668   13807.3954382   13801.8314742   13795.8651996   13823.2784570   13793.4526759   13811.6524757   13809.4577773   13784.5488629   13811.0832610   13805.4602726   13799.4076359   14791.0884768   14783.6107559   14790.0278775   14780.8051803   14793.2960457   14786.2044161   14784.5319565   14779.0743164   14789.6377718   14795.5528120   14812.2031762   14784.5421109   14809.3654441   14786.6282337   14791.0195091   14789.9753052   14795.0147849   14794.4648751   14789.8977487   14799.2265756   14790.9316652   14774.9243949   14786.9129721   14790.4691474   14779.0296522   14793.9560239   14796.5281714   14801.7384415   14790.5565765   14806.5787498   12164.2530019   12164.5229674   12152.6548087   12155.6687166   12148.7940485   12151.9000849   12142.7543089   12139.2873005   12164.7517110   12160.1096317   12157.0301420   12138.1521945   12131.6049537   12158.0124138   12155.3578434   12134.6544233   12150.4093079   12161.9952655   12166.9874493   12155.9189729   12153.6944771   12151.4847713   12152.1361043   12159.3455738   12167.9047675   12153.3397727   12164.2705650   12144.0717939   12141.7203205   12159.5055758
     31.8000682      49.7884597      45.7839843      44.3355925      33.6455089      35.2549309      36.9012293      35.6539935       0.0000000      56.3778533      28.6654174      36.6510151      41.1093469      40.0521368      34.0395876      35.9295036      35.9912498      48.8753283      37.1143624      50.0471885      42.3468407      34.7061021      56.9600781      42.8645963      42.8892609      38.7503565      40.6765837      40.5283613      44.7959505      44.8214171   10004.9642773   10019.5514280   10017.4877543   10018.2559267   10023.0785500   10021.6515318   10045.1730228   10021.9324699   10011.5294725   10027.4027514   10045.5276517   10035.4684173   10031.8309636   10035.8458882   10019.8156321   10040.9539574   10007.7375354   10024.4395571   10030.3440742   10031.2912108   10022.1949029   10026.7466616   10039.8211978   10042.9662740   10031.1722592   10021.0455332   10043.5201577   10016.9647589   10017.0437064   10027.9987288   13823.3396465   13802.7282166   13827.8549915   13827.1139813   13819.2841271   13828.2846556   13837.0503859   13821.2038398   13834.4734770   13815.6818647   13830.2236209   13814.2995900   13808.6720284   13824.7777124   13815.3201428   13816.4877028   13823.2316692   13816.7067796   13832.4773558   13824.4058702   13818.8307613   13812.8577149   13840.2984932   13810.4232757   13828.6612039   13826.4569275   13801.6035165   13828.0607804   13822.4593528   13816.4048752   14784.9843165   14777.5197041   14783.9595693   14774.7127234   14787.1507990   14780.1263350   14778.4061651   14772.9603583   14783.5681720   14789.4851022   14806.1448376   14778.4582278   14803.3050446   14780.5714996   14784.9537677   14783.8609722   14788.9367398   14788.3742948   14783.8174676   14793.1662868   14784.8440762   14768.8489788   14780.8416990   14784.3829004   14772.9735960   14787.9053097   14790.4201391   14795.6556532   14784.4713301   14800.4906449   12156.1967734   12156.5027298   12144.6345113   12147.6516997   12140.7616595   12143.8462281   12134.7278213   12131.2636038   12156.7196211   12152.0719627   12148.9979691   12130.1168150   12123.5801205   12149.9986852   12147.2632017   12126.6665466   12142.3212211   12153.9703931   12158.9688996   12147.9232071   12145.6394050   12143.5039353   12144.1458249   12151.3156956   12159.8794047   12145.3369685   12156.1994879   12136.0760209   12133.6863651   12151.4624909
     55.2606353      43.1018566      46.1532805      57.2267200      48.9586738      43.2541755      48.7935544      32.6288502      56.3778533       0.0000000      52.0650788      40.5991838      40.2327525      59.7671963      44.3649386      38.0715673      47.8390276      51.6271714      45.2324134      35.5513179      43.4043388      54.5975492      57.1639339      46.7573047      43.1394593      32.7933705      45.5181379      51.8031306      59.4566814      50.5535541    9991.1685537   10005.7126112   10003.6012895   10004.4362428   10009.2034550   10007.8216944   10031.3037609   10008.0900561    9997.6581352   10013.6326388   10031.7244789   10021.5653725   10018.0504316   10021.9788406   10005.9921386   10027.1076068    9993.8517099   10010.5897540   10016.5794599   10017.4115521   10008.2942621   10012.8961582   10025.9607463   10028.9420147   10017.2631120   10007.2297936   10029.5657453   10003.0659593   10003.2104980   10014.1799478   13793.3699218   13772.7226032   13797.8791534   13797.1794932   13789.2871843   13798.3531710   13807.0785278   13791.2123368   13804.5188942   13785.6855343   13800.2670989   13784.3635910   13778.7437248   13794.8006779   13785.4103484   13786.5642671   13793.3312195   13786.7369113   13802.5771995   13794.4465129   13788.8591709   13782.9011836   13810.3250645   13780.4836940   13798.6816920   13796.4975678   13771.6170487   13798.1377756   13792.5016533   13786.4404138   14798.6064143   14791.1343960   14797.5229160   14788.3482984   14800.8570149   14793.7124380   14792.0553824   14786.5780760   14797.1677171   14803.0432226   14819.7226476   14792.0705680   14816.8717955   14794.1815192   14798.4823502   14797.5058008   14802.5439227   14802.0183996   14797.4236100   14806.7703911   14798.4382268   14782.4453496   14794.4171091   14798.0132087   14786.5630813   14801.4873855   14804.0940411   14809.2125055   14798.0996700   14814.0620299   12157.8112322   12158.0806555   12146.1537751   12149.2034625   12142.2968450   12145.4436543   12136.3057509   12132.8447335   12158.2643117   12153.6377815   12150.5633847   12131.6436276   12125.1256605   12151.5185297   12148.9235245   12128.1929998   12143.9997855   12155.5307479   12160.4644980   12149.4547670   12147.2145836   12144.9622816   12145.6923948   12152.9510439   12161.4302813   12146.9271839   12157.8360228   12137.5862523   12135.2381764   12152.9956282
     33.4372054      37.1671965      32.8957848      41.6687586      31.0577328      32.0992942      30.3380626      31.0965584      28.6654174      52.0650788       0.0000000      38.1900446      35.4934194      34.8966112      42.8672930      29.3496868      39.3952567      46.7980831      42.0267531      51.0805083      40.4105475      36.2084150      35.6941262      39.2354187      44.5258187      29.6828832      44.0659381      33.4583167      45.0569268      42.2766820   10001.9279526   10016.5263644   10014.4612902   10015.2165807   10020.0748188   10018.6012979   10042.1680093   10018.9255438   10008.5624109   10024.3862544   10042.5569532   10032.4185335   10028.8571315   10032.8508853   10016.8090165   10037.8992436   10004.7263132   10021.4264422   10027.3755736   10028.2679908   10019.1805517   10023.7230560   10036.8514904   10039.9547797   10028.1545360   10017.9990862   10040.4877003   10013.9485008   10014.0886949   10025.0009059   13814.9644880   13794.3290713   13819.5080793   13818.7436787   13810.9176204   13819.8744682   13828.6639339   13812.8266991   13826.0934530   13807.3032306   13821.9080112   13805.9111263   13800.3331863   13816.3715551   13806.9666643   13808.1101497   13814.8676091   13808.3212360   13824.1049091   13816.0389324   13810.4562774   13804.5055897   13831.9082638   13802.0829041   13820.3007915   13818.0906885   13793.1777417   13819.6945292   13814.0648506   13808.0522977   14777.5323431   14770.0715084   14776.5134476   14767.2768461   14779.7287737   14772.6790709   14770.9739512   14765.5420518   14776.0866618   14782.0286956   14798.7156099   14771.0236679   14795.8318180   14773.1211971   14777.4979483   14776.4141772   14781.4961432   14780.9300114   14776.3843515   14785.6841964   14777.4318224   14761.4121246   14773.3928054   14776.9312532   14765.4990491   14780.4412794   14782.9844432   14788.2190970   14777.0307612   14793.0515999   12164.5552015   12164.8391923   12153.0077682   12156.0027228   12149.1085617   12152.2301854   12143.0453565   12139.6149297   12165.0635291   12160.4106592   12157.3563960   12138.4528566   12131.9043718   12158.3304918   12155.6401397   12134.9712545   12150.6685640   12162.2965784   12167.3171678   12156.2740925   12153.9879598   12151.8376011   12152.4781882   12159.6506852   12168.1969858   12153.6789816   12164.5358836   12144.4033275   12142.0524922   12159.8149704
     35.2930468      33.5612408      45.2984526      40.4296643      32.2888951      32.6545623      42.5879159      38.9294710      36.6510151      40.5991838      38.1900446       0.0000000      28.5649062      49.2937606      40.2457021      35.1932256      39.6782256      45.2486020      45.7706454      43.8861239      38.5601584      45.0690675      47.7917977      46.7713319      32.6599219      29.8376521      33.0046342      46.3614705      39.7573541      42.5550591    9979.1614163    9993.7530980    9991.6715997    9992.4725390    9997.2602960    9995.8657089   10019.3720631    9996.1506977    9985.7271769   10001.6238881   10019.7239506   10009.6484221   10006.0256970   10010.0261725    9993.9936253   10015.1468808    9981.9274467    9998.6317992   10004.5597408   10005.4632575    9996.3558115   10000.9171247   10014.0182507   10017.1338459   10005.3318124    9995.2427875   10017.6848184    9991.1566995    9991.2435528   10002.2147422   13805.8634037   13785.2407542   13810.3399135   13809.6267003   13801.7796885   13810.7879929   13819.5776437   13803.6603711   13816.9908901   13798.2019784   13812.7820490   13796.8336012   13791.1904972   13807.2943304   13797.8442820   13799.0104254   13805.7932474   13799.1820716   13815.0253962   13806.9417775   13801.3480611   13795.3698011   13822.8036911   13792.9399996   13811.1925055   13808.9636298   13784.1229790   13810.6267528   13804.9603460   13798.9479912   14784.8194596   14777.3438809   14783.7830451   14774.5699113   14787.0007854   14779.9396438   14778.2036416   14772.7803207   14783.3908876   14789.2670972   14805.9825670   14778.2900556   14803.1019736   14780.4233992   14784.7341663   14783.7005823   14788.7923759   14788.2292660   14783.6463106   14792.9894251   14784.6660764   14768.6723740   14780.6415052   14784.2466549   14772.7940921   14787.7466169   14790.2912350   14795.4746258   14784.3361609   14800.3066190   12142.5697011   12142.8424406   12130.9745455   12134.0037903   12127.1054752   12130.2443298   12121.1002251   12117.6110265   12143.0563924   12138.4168574   12135.3632833   12116.4505427   12109.8987868   12136.3364306   12133.6575670   12112.9815323   12128.7244609   12140.2905067   12145.3012721   12134.2861937   12132.0008655   12129.8251486   12130.5210289   12137.7297524   12146.2279820   12131.7280739   12142.5850439   12122.4169834   12120.0130899   12137.7712490
     45.6023631      36.0924228      48.3310743      40.7764043      33.8259924      37.3435112      43.2950672      32.7251690      41.1093469      40.2327525      35.4934194      28.5649062       0.0000000      41.3717582      37.2544725      28.5073811      37.1171695      47.2545560      47.3764964      41.7056289      32.2709642      45.5669173      46.9347695      41.5164381      38.0081542      25.6329322      45.5198460      46.6582213      41.5068844      48.4755685    9993.8721040   10008.4837494   10006.4003435   10007.2362762   10012.0393162   10010.5978446   10034.1337751   10010.8763396   10000.4439283   10016.3735546   10034.5218466   10024.3896843   10020.7884105   10024.7689680   10008.7239260   10029.8688587    9996.6809143   10013.4068291   10019.3600570   10020.2306958   10011.1244975   10015.6680643   10028.7966525   10031.8552448   10020.0862812   10009.9681868   10032.4185789   10005.9447626   10006.0317747   10016.9324023   13801.0504672   13780.4060953   13805.5379352   13804.8423131   13796.9849647   13805.9700094   13814.7661140   13798.8508536   13812.1837344   13793.4056607   13807.9496740   13792.0300924   13786.3921967   13802.4603568   13793.0196919   13794.2016157   13800.9772333   13794.4208091   13810.2261064   13802.1368152   13796.5509820   13790.5956318   13817.9985560   13788.1674089   13806.3741815   13804.1594512   13779.2817871   13805.8042034   13800.1504988   13794.1181711   14795.0510336   14787.5439499   14794.0136242   14784.8038081   14797.2536470   14790.1711055   14788.4470412   14783.0516972   14793.5914331   14799.5062252   14816.1955513   14788.5164934   14813.3375449   14790.6300474   14794.9507908   14793.9068078   14799.0013282   14798.4664575   14793.8845353   14803.2029802   14794.9015328   14778.9111752   14790.8629467   14794.4628507   14783.0130945   14797.9360679   14800.4952948   14805.7302554   14794.5599530   14810.5530143   12149.8201810   12150.1121218   12138.2745526   12141.2769889   12134.4216492   12137.5541800   12128.3377259   12124.9084551   12150.3470826   12145.6773511   12142.6448825   12123.7163078   12117.2004071   12143.6241199   12140.9565079   12120.2607539   12136.0248350   12147.5779440   12152.5975702   12141.5722598   12139.2908788   12137.1071060   12137.7697086   12145.0013884   12153.4840110   12138.9414131   12149.8450523   12129.6798672   12127.3006869   12145.0616239
     42.0008028      47.5668208      38.7966090      21.6084281      43.7986158      45.6141288      41.4109000      39.3886936      40.0521368      59.7671963      34.8966112      49.2937606      41.3717582       0.0000000      33.5852559      37.2249500      42.0351580      71.1964088      39.3562830      51.7017324      59.4509081      25.0353913      52.4526398      32.3309952      54.4085916      43.3174890      55.0054346      38.3920789      46.6373250      46.7282725    9995.5628208   10010.1129925   10008.0614180   10008.8901838   10013.7147830   10012.2138556   10035.8279999   10012.5533015   10002.0662020   10017.9880001   10036.1984790   10026.0732026   10022.4642440   10026.4165166   10010.4591127   10031.4723193    9998.3706013   10015.0720108   10021.0111706   10021.9326546   10012.8372840   10017.3270847   10030.4460320   10033.5476392   10021.8126817   10011.5798024   10034.1188295   10007.6008851   10007.6820744   10018.5447664   13794.9262837   13774.2985963   13799.4730057   13798.7158243   13790.8911938   13799.8722573   13808.6369250   13792.7901050   13806.0486238   13787.2762252   13801.8584067   13785.8716631   13780.2887016   13796.3789911   13786.9062920   13788.0957232   13794.8267688   13788.3057038   13804.0826681   13795.9860242   13790.4223320   13784.4722371   13811.8795139   13782.0338196   13800.2742123   13798.0340742   13773.1339799   13799.6419178   13794.0376465   13787.9955294   14775.5914320   14768.1104096   14774.5818065   14765.3282347   14777.8080035   14770.7361286   14769.0620991   14763.6238342   14774.1959824   14780.0774252   14796.7618534   14769.0471331   14793.8959687   14771.1828476   14775.5862954   14774.4612668   14779.5386046   14779.0255884   14774.4664324   14783.7768339   14775.4889687   14759.4824026   14771.4536426   14775.0434651   14763.6114040   14778.4794556   14781.0398608   14786.3079981   14775.0900439   14791.1427690   12146.7511213   12147.0176681   12135.1815576   12138.2069634   12131.3169827   12134.4357065   12125.1974191   12121.7994782   12147.2640897   12142.6065351   12139.5471258   12120.7015210   12114.1339574   12140.5558806   12137.8420392   12117.1560969   12132.8364090   12144.5081714   12149.5058121   12138.4314508   12136.2035596   12134.0496237   12134.6552606   12141.7811470   12150.3897494   12135.7824371   12146.7303852   12126.6409086   12124.2844231   12142.0302926
     47.1369432      50.7689541      43.2380188      34.2270469      41.0356311      43.6442137      39.9663847      29.1551050      34.0395876      44.3649386      42.8672930      40.2457021      37.2544725      33.5852559       0.0000000      36.9694792      29.1728891      63.2188312      38.2189225      41.9322281      47.9556147      36.4554637      63.7020636      35.7193449      45.0616025      37.5888428      49.1561586      47.8835520      41.0029162      44.7752979    9996.6053731   10011.1736599   10009.0809439   10009.9334458   10014.6745992   10013.2612150   10036.8157755   10013.5595575   10003.0834796   10019.0442255   10037.1768349   10027.0928077   10023.4651726   10027.4373321   10011.4890573   10032.5460126    9999.3479087   10016.0994247   10022.0205617   10022.9320569   10013.8116504   10018.3999680   10031.4296378   10034.4993951   10022.7964743   10012.6509251   10035.0893084   10008.5935203   10008.6740607   10019.5650228   13793.5752344   13772.9602684   13798.0862428   13797.3501862   13789.5155555   13798.5418102   13807.2829107   13791.4390423   13804.6972641   13785.9152120   13800.4298158   13784.5551013   13778.9132271   13795.0228721   13785.5600931   13786.7235906   13793.4778247   13786.9565635   13802.7294396   13794.6364830   13789.0713989   13783.0909681   13810.5319288   13780.6643561   13798.8835088   13796.6941452   13771.8374390   13798.3009353   13792.7118212   13786.6300635   14782.2586911   14774.7621436   14781.2021596   14771.9814503   14784.4709343   14777.3726625   14775.6989751   14770.2434303   14780.8411960   14786.7236831   14803.3564048   14775.6962336   14800.5644775   14777.8175988   14782.1766660   14781.1268928   14786.1788926   14785.6663809   14781.0810457   14790.4451174   14782.0750219   14766.1040168   14778.0851670   14781.6659015   14770.2486262   14785.1315207   14787.6942648   14792.9160147   14781.7368325   14797.7547530   12145.9681614   12146.2387327   12134.3515777   12137.3878741   12130.5184007   12133.6279745   12124.4692308   12121.0020534   12146.4784539   12141.8184194   12138.7418602   12119.9039328   12113.3740648   12139.7613909   12137.0466824   12116.4042988   12132.0859476   12143.7332633   12148.7188011   12137.6255393   12135.4415522   12133.2312182   12133.8667581   12141.0545387   12149.6258732   12135.0339941   12145.9980251   12125.8334778   12123.4658161   12141.2280140
     39.3292572      26.6614074      35.7538638      42.5104055      25.4631038      21.3654077      32.9447231      32.0585190      35.9295036      38.0715673      29.3496868      35.1932256      28.5073811      37.2249500      36.9694792       0.0000000      27.9599853      46.6592561      30.6637963      40.5251939      35.1598056      40.8420386      43.6288224      28.6933379      35.7207595      23.0092193      32.3831294      36.2303728      46.1855894      35.9623620   10002.5606200   10017.1050937   10015.0439322   10015.8780045   10020.6583717   10019.2334453   10042.7584293   10019.5051612   10009.0795631   10024.9787026   10043.1346272   10033.0017221   10029.4446988   10033.3851387   10017.4038053   10038.4869984   10005.3533712   10022.0015480   10027.9538776   10028.8444218   10019.7731126   10024.3091895   10037.3962499   10040.4935800   10028.7185982   10018.6353133   10041.0513688   10014.5309961   10014.6724629   10025.5916435   13802.9601094   13782.3234157   13807.5091149   13806.7807070   13798.9161256   13807.9161876   13816.6826553   13800.8301143   13814.1318569   13795.2997548   13809.8816370   13793.9277379   13788.3234794   13804.3852257   13794.9782531   13796.1485479   13802.8848583   13796.3441773   13812.1412151   13804.0464517   13798.4517915   13792.5249468   13819.9463455   13790.0865632   13808.2963087   13806.0837220   13781.2207215   13807.7007847   13802.0841473   13796.0284342   14791.2917231   14783.8233861   14790.2604755   14781.0601892   14793.5263852   14786.4342479   14784.7569938   14779.3014702   14789.8850942   14795.7753117   14812.4799772   14784.7837720   14809.5987785   14786.9199976   14791.2196591   14790.1733222   14795.2470851   14794.7205149   14790.1471728   14799.4900155   14791.1797951   14775.1875705   14787.1561879   14790.7081649   14779.2992497   14794.2030763   14796.7755992   14801.9721425   14790.8087527   14806.7850978   12160.0896979   12160.3710232   12148.4936510   12151.5391154   12144.6217584   12147.7688211   12138.5645395   12135.1503759   12160.5845693   12155.9229855   12152.8822146   12133.9502525   12127.4408870   12153.8499961   12151.1918798   12130.5023742   12146.2301133   12157.8385214   12162.7882742   12151.8031011   12149.4933164   12147.3406797   12148.0364019   12155.2375362   12163.7228886   12149.1974138   12160.0799666   12139.9360819   12137.5713007   12155.3172657
