      0.0000000     100.1810643     138.0508166     147.8512046     121.4596572      76.1118199     120.5234523     127.6268264     140.4815591     111.3218780     153.6952007     167.2706260     136.8992057     125.7597958      92.0519724     119.4661256      90.9929105     117.9464096     130.3752575     166.0015672     145.5806534     106.8306308     142.0226438     109.9483826     114.7225001     135.2572677     129.8902716     129.1880696     129.4012926      99.0250806      99.7416870      99.4381240      70.8634409     104.0211014     152.0171471     110.8901192     175.2180904     125.8263029     122.2619313     109.1209438     119.1450054     140.7486009      93.6173732     133.5451590     177.1177365     166.2422334     115.2758790     139.5723777     103.8655038     147.3551644
    100.1810643       0.0000000     137.3633956     137.6648723      85.7571428     133.3781808     122.8070951     137.5527261     123.5169574     103.7524422     166.9847301     122.9137613     135.6532184     166.4109928     122.5371930     141.5134256     107.9805721      97.7648079     142.6181803     161.3320145     148.2407007     122.3139006     122.1996168     125.0630098     148.9134952      92.7004971     121.5011086     136.8262011     121.1931547     131.2751531      95.5469993     126.6488324     115.2754526     138.6592817     109.9521176     147.7433320     151.3683617     103.4117763     123.3790487     119.6298819      90.1306124     141.2371401     147.9796283     137.2753530     159.7947418     114.5761690     134.7338636     144.4736809      95.0653369     128.7365586
    138.0508166     137.3633956       0.0000000     162.3831753     148.6026538     148.3630777     175.3781451     163.4326980     144.4608606     148.5166365     142.0339121     205.8067086     176.8836643     146.5026871     195.6704333     148.1509172     155.6959154     109.1685239     144.1011068     123.9969135     143.6815905     179.2356104     159.2163365     114.8124757     103.1779268     121.9400878     114.5926036     100.1572398     128.9591674     156.0841202     120.8483769     119.6122392     121.0476823     161.5075992     166.5814930     129.2607982     177.1443539     197.0967189     159.2439864     131.2719073      76.4199566     153.9161929     175.2381912     152.1577646     180.9723749     151.7269869     153.3259240     156.3007977     103.7911069     170.5945276
    147.8512046     137.6648723     162.3831753       0.0000000     160.8642212     127.4545064     123.7673543     155.4117881     132.8645593      87.1359386     110.1576232     125.8356420     119.9021551     138.1261800     167.1302747     146.8617805     121.7170146     110.1211066     125.7141537     137.7367966     134.8491041     177.7008577     141.5876050     101.8940690     129.2299646     112.9063539     105.3096702      97.4292596     134.8361847     159.9086861     145.0296133     152.2230719     123.3880740     126.8089098     162.1036933     138.6092955     105.7512450     147.0473777      81.2323588     123.4232406     169.4842484      97.8245767     137.7390128     142.2842878     130.2678379     102.8376999     132.8791765     106.6085015     138.7696526     155.4512605
    121.4596572      85.7571428     148.6026538     160.8642212       0.0000000     144.1939181     140.3181832     106.7663579     131.7088415     118.8341130     195.8574391     147.2953160     169.5879270     146.5668686     138.0360774     173.0689659     140.1484229     110.4268484     162.3188341     191.4000935     131.7128787     154.0607259     158.6643518     154.3637617     171.6606512     137.8849549     103.2949169     159.9218400     121.9856379     119.3232572      84.5027251     103.1922655     141.8031498     160.9154052      90.1488661     128.1938369     148.6737888     113.0354392     121.5069677     151.2903137     102.8142190     144.0722715     183.6568055     114.4211889     164.7688310     124.6628482     129.8248515     131.8807818     112.8487876     125.9121894
     76.1118199     133.3781808     148.3630777     127.4545064     144.1939181       0.0000000     102.1101741     125.9703315     158.3803659      95.8710885     145.0005600     163.6385629     130.7083862      95.1860163     132.0658905     111.7932914     103.3062291     110.4969389     140.8969689     151.5038593     142.8426894     143.0782148     137.7921364     118.3975481     103.7025427     125.2518215     121.9975921     117.6472566     145.8643436      95.6296962     121.4585316     115.7246628      88.0869267      92.3961770     165.7030667      96.7005084     146.6150239     131.7428755     116.0852666     108.7663041     154.8896980      95.8417172     107.9746719     102.8680562     174.6278533     145.4581003      73.3610325     145.7621046     100.4931929     144.4798053
    120.5234523     122.8070951     175.3781451     123.7673543     140.3181832     102.1101741       0.0000000     126.2405961     108.5168064     124.0902239     129.3304511      84.2254016     147.3855831     120.0359756     128.9860180      86.2415939      97.4688909     125.1493216     104.3075713     138.1858449     103.6028527     129.9851240      99.3442608     105.2032652     120.5513521     126.0882605     132.7206187     126.8166178     112.6991422     102.9758456     106.8565966     136.6331313     105.2299228     118.7442016     119.7575330     116.0957803     123.5062373      96.5615485     109.2572406     108.7351006     166.7597456      86.4366666     135.1933265     113.4595875     160.3628173     127.6349477     123.6877219     166.3897537     105.8386008     104.7139800
    127.6268264     137.5527261     163.4326980     155.4117881     106.7663579     125.9703315     126.2405961       0.0000000     142.1214527     143.4717275     172.1049404     153.5890641     156.5403651     133.7729554     137.7299410     171.3937380     129.5529261     157.2597324     146.5513079     159.1900705     106.0200728     181.1823553     126.9729308     150.5565424     163.0956278     158.9258928     122.0158679     140.0978364     143.0094867     125.9695971     126.7977960     125.5645664     134.4790749     137.7321987     143.5477048      93.4580201     141.8844597      95.2643939     144.9728666     161.2113738     145.8166997     123.5212870     150.1022197     109.8034320     166.9280565     153.2002120     133.7975581     120.0742264     140.8737540     150.4526264
    140.4815591     123.5169574     144.4608606     132.8645593     131.7088415     158.3803659     108.5168064     142.1214527       0.0000000     145.2103527     106.4265039     114.6808084     159.6772579     126.7579618     142.5553468     109.5560058     135.0647232     124.6307322      77.1677890     144.8274884      81.5444557     121.1289467     115.4777121      85.0603269     115.1636232     135.2886159     115.0431762     116.9583070      38.9296721     140.4748662      98.5746725     119.7754091      99.5885577     139.9499482     101.0724577     112.4162558     139.4798944     138.9239131     119.1249104      98.7831143     127.7083060     132.8025207     154.9591162     147.6473925     130.2475713     143.5998434     159.4198179     137.5995149     128.8635250      91.7174137
    111.3218780     103.7524422     148.5166365      87.1359386     118.8341130      95.8710885     124.0902239     143.4717275     145.2103527       0.0000000     154.7338451     147.8372873     132.9910821     122.6145483     158.7498385     138.8279203     122.2515369      76.9895481     154.4324306     174.5687235     147.2725813     157.0221303     142.3608985     127.9519358     133.9200197      86.9625297      99.5235158     130.9360897     129.0439752     138.7492061     123.9425925     113.7667128     118.5115892     119.3114517     143.7322684     120.5713465     137.3231140     136.1854621      86.7313586     115.3024213     142.6559899     103.7480389     148.1734292     129.7105026     160.4974423     105.5388801      92.5987015     120.3076713     116.1684341     135.0839128
    153.6952007     166.9847301     142.0339121     110.1576232     195.8574391     145.0005600     129.3304511     172.1049404     106.4265039     154.7338451       0.0000000     152.5793777     149.5069433     128.8060246     174.1758825     104.0422916     127.3888553     144.9891178      94.6651245      99.8868267     114.5112714     153.3338572     126.8287803      64.9255991      73.5314833     134.8591025     126.9622972      76.0675188     116.2663582     156.2379486     145.1719154     165.0187177      96.6916049     112.2327375     170.0218225     128.3028245     143.5443212     178.6796573     142.1621656     104.6964365     167.5528172     117.2575621     130.9797270     161.7029514     151.3534733     155.9115815     162.7853923     145.1450689     139.3376369     151.4951272
    167.2706260     122.9137613     205.8067086     125.8356420     147.2953160     163.6385629      84.2254016     153.5890641     114.6808084     147.8372873     152.5793777       0.0000000     146.6187482     172.4774335     142.0929923     145.8763378     129.0451089     145.7077854     132.4609830     158.3910083     134.2037097     150.4137424     121.0140357     135.6129191     170.2044964     138.9418369     145.9674399     149.2109686     135.7895161     147.8498022     135.1012861     181.3000534     147.3922269     153.1586589     114.3046772     168.2480796     105.6178496      93.0870528     125.9420047     139.9749464     180.9497501     120.2488985     168.7338166     138.2839212     140.7490607     111.8728418     160.6103149     167.2311113     139.7961511     118.4340120
    136.8992057     135.6532184     176.8836643     119.9021551     169.5879270     130.7083862     147.3855831     156.5403651     159.6772579     132.9910821     149.5069433     146.6187482       0.0000000     163.6891069     124.5762024     168.1136205     154.8503535     135.3932223     146.3094982     153.1275172     185.8648882     156.1516533     133.6379352     138.7315938     151.6056417     136.7781141     150.1793554     112.4156802     167.0787565     172.9684864     173.9525725     169.6150250     110.2797037     125.1263583     193.9377615     153.6088255     119.5389282     124.3042964     145.2059868     108.3527788     157.7926533     144.7284496      98.3779992     136.3909052      94.8979010     145.4284395     117.5169940     122.7367042     155.1896577     154.1268985
    125.7597958     166.4109928     146.5026871     138.1261800     146.5668686      95.1860163     120.0359756     133.7729554     126.7579618     122.6145483     128.8060246     172.4774335     163.6891069       0.0000000     161.8543806     113.6926652     145.5199362     115.7627547     135.0141654     166.5241421     107.2542007     147.7626301     155.2273117     118.7612479      93.9319358     146.7615247      95.8219523     122.6906227     108.9274931     104.5925198     116.0198303     104.0335311     100.0999491     107.9198913     144.4765180      59.0309379     137.6578538     163.7274757     118.8065872     106.4874091     161.7919188      94.3891541     154.2647006     102.8335541     159.3092575     152.1343399      90.6547921     134.1801812     122.0860482     111.7466131
     92.0519724     122.5371930     195.6704333     167.1302747     138.0360774     132.0658905     128.9860180     137.7299410     142.5553468     158.7498385     174.1758825     142.0929923     124.5762024     161.8543806       0.0000000     158.7587415     120.4125658     159.7637947     136.6187170     188.3964893     165.0058043     102.8507109     157.4007476     137.7085859     163.0961255     179.1672016     159.6879570     155.0025142     151.6442948     122.6309521     130.0984130     150.0392179     103.2077481     129.6744148     157.4130834     150.4544057     165.2122049      98.6638276     140.9680420     133.1404929     156.1358739     167.8911106      97.8460902     143.0861829     151.0070644     183.3794485     147.6742650     144.6656991     147.4741439     149.8585968
    119.4661256     141.5134256     148.1509172     146.8617805     173.0689659     111.7932914      86.2415939     171.3937380     109.5560058     138.8279203     104.0422916     145.8763378     168.1136205     113.6926652     158.7587415       0.0000000     118.9947374     124.4915659     107.1752950     139.7894883     123.0209899     110.1362596     113.0054313      88.7052674      71.0794042     120.3766309     144.2990173     123.6646448     100.6388114     122.4587604     116.9284285     135.2567511      85.2012503     113.5125750     144.9819026     117.4583307     168.2869550     160.8203332     140.2431190      80.3461003     158.3681136     116.3044800     139.8278821     150.7146372     184.2994069     160.9366176     138.1498611     187.6060608     106.9740930     112.9967596
     90.9929105     107.9805721     155.6959154     121.7170146     140.1484229     103.3062291      97.4688909     129.5529261     135.0647232     122.2515369     127.3888553     129.0451089     154.8503535     145.5199362     120.4125658     118.9947374       0.0000000     136.9918991     127.7585250     134.5232555     119.0840763     132.1265636     131.9273607      96.3113242     121.0584943     126.7276933     120.8017067     120.8262625     139.2097407      93.7146520      97.7512229     149.3304151     104.8523161      99.8315893     133.6879492     136.6041069     154.6232663     118.7138582     118.8512492     137.3936695     151.5838481     110.4494413     117.2692507     137.1629140     189.0962707     139.2124319     146.0665088     146.0423433      98.3217677     161.4218551
    117.9464096      97.7648079     109.1685239     110.1211066     110.4268484     110.4969389     125.1493216     157.2597324     124.6307322      76.9895481     144.9891178     145.7077854     135.3932223     115.7627547     159.7637947     124.4915659     136.9918991       0.0000000     134.3231965     150.4226994     140.9585879     143.4248562     148.1256679     107.6670733     109.5726524      86.0244667      86.5374931     107.3554369     106.7955843     126.1759188      95.9967004     100.0891035     105.8964754     139.0636736     125.4070596     122.5767628     121.9606933     151.4893391      87.6600382      89.8912847     105.2088666     110.7212899     160.6727727     108.4592893     136.6672236      89.6307680      92.2759169     136.2956550      78.0832322     114.4559174
    130.3752575     142.6181803     144.1011068     125.7141537     162.3188341     140.8969689     104.3075713     146.5513079      77.1677890     154.4324306      94.6651245     132.4609830     146.3094982     135.0141654     136.6187170     107.1752950     127.7585250     134.3231965       0.0000000     113.7600533     101.8088100     145.2562497     122.2972500      58.5660072     100.8128802     154.4144734     140.6677682      91.2422393      87.9328605     147.6069919     119.6172014     121.2815981      85.4366713     149.2075963     155.1671558     118.0140639     147.3793083     147.8428526     113.0550105     101.8379151     142.7566779     140.3073309     118.3147236     153.5119706     132.2358268     163.0827600     164.9276737     148.6648560     133.9439382     138.4140474
    166.0015672     161.3320145     123.9969135     137.7367966     191.4000935     151.5038593     138.1858449     159.1900705     144.8274884     174.5687235      99.8868267     158.3910083     153.1275172     166.5241421     188.3964893     139.7894883     134.5232555     150.4226994     113.7600533       0.0000000     133.1831070     193.8859639     124.6481746      98.8843884     110.2195078     137.1372235     143.7630700      67.0628337     155.2429713     162.1302049     151.2803773     177.7287460     128.4235705     154.2176777     183.8483225     151.6008056     138.1093852     171.5850455     163.3691402     140.3621439     152.4746332     126.5274011     150.3016251     147.1270098     163.8726582     142.6998945     171.0177138     171.3453042     122.7066523     181.1670859
    145.5806534     148.2407007     143.6815905     134.8491041     131.7128787     142.8426894     103.6028527     106.0200728      81.5444557     147.2725813     114.5112714     134.2037097     185.8648882     107.2542007     165.0058043     123.0209899     119.0840763     140.9585879     101.8088100     133.1831070       0.0000000     163.6909672     127.1732793     100.3599738     118.0927808     147.3330249      98.9937364     118.3600429      84.3554333     117.4039799      93.8976825     121.5041538     121.9221203     137.4194534     106.6835178      89.0486197     137.6040360     142.6521694     121.6578917     139.1802424     149.8274675     102.9629949     168.6731965     128.8950220     167.5741962     141.3801955     156.4004781     137.4667558     123.1603578     125.9118573
    106.8306308     122.3139006     179.2356104     177.7008577     154.0607259     143.0782148     129.9851240     181.1823553     121.1289467     157.0221303     153.3338572     150.4137424     156.1516533     147.7626301     102.8507109     110.1362596     132.1265636     143.4248562     145.2562497     193.8859639     163.6909672       0.0000000     150.3159995     127.9380073     131.6533763     150.6192955     154.6145808     161.0254983     122.1561730     122.1086197     118.9823830     153.8776798      93.9533536     113.6789494     133.4512209     151.5891378     182.1368873     145.4119934     158.1184282      97.7198967     149.6283375     163.0741983     137.5668666     160.0570539     173.7173448     180.8112738     147.9041841     175.8866905     130.4260201     111.1584814
    142.0226438     122.1996168     159.2163365     141.5876050     158.6643518     137.7921364      99.3442608     126.9729308     115.4777121     142.3608985     126.8287803     121.0140357     133.6379352     155.2273117     157.4007476     113.0054313     131.9273607     148.1256679     122.2972500     124.6481746     127.1732793     150.3159995       0.0000000     125.0915034     132.1244323     104.4450725     151.9582325     123.0763795     123.4597201     161.3539648     149.1234025     155.9670069     113.8926984     122.7559892     152.8087142     123.0928701     147.6439591     109.9599931     164.0256908     110.9144992     147.8030419     120.2080567     136.9805169     149.9417932     160.6125981     145.6099278     146.0822887     165.3412723     136.8328990     120.5661576
    109.9483826     125.0630098     114.8124757     101.8940690     154.3637617     118.3975481     105.2032652     150.5565424      85.0603269     127.9519358      64.9255991     135.6129191     138.7315938     118.7612479     137.7085859      88.7052674      96.3113242     107.6670733      58.5660072      98.8843884     100.3599738     127.9380073     125.0915034       0.0000000      62.6861653     122.4023992     108.6042604      64.6160948      88.0726096     123.7422556      98.2452483     120.6514608      65.6199196     116.7471085     141.8723425     113.7393701     138.5594788     153.0264887     100.3350836      86.5181414     127.3215080     115.9056753     111.5454379     140.1711780     140.8505952     138.7556753     144.8485458     133.0880830     101.1190695     137.4528699
    114.7225001     148.9134952     103.1779268     129.2299646     171.6606512     103.7025427     120.5513521     163.0956278     115.1636232     133.9200197      73.5314833     170.2044964     151.6056417      93.9319358     163.0961255      71.0794042     121.0584943     109.5726524     100.8128802     110.2195078     118.0927808     131.6533763     132.1244323      62.6861653       0.0000000     119.5971141     114.1483481      76.7073301     104.6735334     121.9102358     114.8895950     123.5640206      66.5139620     104.2111332     159.6473721     100.1539925     153.8384496     177.1264169     131.8554461      77.5097142     136.4582215     110.9059356     126.4852684     136.4370347     163.6201101     152.9151796     126.5192000     153.7524586      98.6959262     135.6060937
    135.2572677      92.7004971     121.9400878     112.9063539     137.8849549     125.2518215     126.0882605     158.9258928     135.2886159      86.9625297     134.8591025     138.9418369     136.7781141     146.7615247     179.1672016     120.3766309     126.7276933      86.0244667     154.4144734     137.1372235     147.3330249     150.6192955     104.4450725     122.4023992     119.5971141       0.0000000     109.5381254     115.7631898     127.1600786     149.7847577     128.1469407     146.6874214     120.9877860     119.2714119     135.6971651     138.0957053     136.5765236     144.2881387     137.3613138     104.1015868     122.2068220     102.7293270     163.2392166     136.8330952     165.7016908      89.2965248     115.9494030     152.5095332      95.9685161     125.5201458
    129.8902716     121.5011086     114.5926036     105.3096702     103.2949169     121.9975921     132.7206187     122.0158679     115.0431762      99.5235158     126.9622972     145.9674399     150.1793554      95.8219523     159.6879570     144.2990173     120.8017067      86.5374931     140.6677682     143.7630700      98.9937364     154.6145808     151.9582325     108.6042604     114.1483481     109.5381254       0.0000000     100.8124728     107.3548386     106.0037709      86.7064377     117.4653942     115.1405357     114.8466569     104.3116411     101.1482677     103.9556489     146.3319558      98.8147183     122.6432708     120.2396916      86.4046547     165.6867774      92.3595701     140.1666561      89.6625730     105.9894366      91.1204968      93.2192532     123.7569454
    129.1880696     136.8262011     100.1572398      97.4292596     159.9218400     117.6472566     126.8166178     140.0978364     116.9583070     130.9360897      76.0675188     149.2109686     112.4156802     122.6906227     155.0025142     123.6646448     120.8262625     107.3554369      91.2422393      67.0628337     118.3600429     161.0254983     123.0763795      64.6160948      76.7073301     115.7631898     100.8124728       0.0000000     120.7474708     139.0861147     125.2246898     135.3888099      83.6244822     119.2054572     163.8085317     113.3271230     111.8777665     154.5731690     119.5280086      96.9009206     123.9359735     106.0343341     116.0311369     119.7969866     119.4709636     122.8323992     128.3184236     117.6311819     105.7567557     149.9432720
    129.4012926     121.1931547     128.9591674     134.8361847     121.9856379     145.8643436     112.6991422     143.0094867      38.9296721     129.0439752     116.2663582     135.7895161     167.0787565     108.9274931     151.6442948     100.6388114     139.2097407     106.7955843      87.9328605     155.2429713      84.3554333     122.1561730     123.4597201      88.0726096     104.6735334     127.1600786     107.3548386     120.7474708       0.0000000     135.6136327      89.3613886      91.2956049      95.0079691     139.8537904     102.0985717      95.8009059     150.2438370     149.8569740     111.5064862      91.1657474     117.2314462     130.8010977     159.9032326     145.2444434     142.9160272     144.4047100     146.3129150     139.1549795     120.4394615      86.8039748
     99.0250806     131.2751531     156.0841202     159.9086861     119.3232572      95.6296962     102.9758456     125.9695971     140.4748662     138.7492061     156.2379486     147.8498022     172.9684864     104.5925198     122.6309521     122.4587604      93.7146520     126.1759188     147.6069919     162.1302049     117.4039799     122.1086197     161.3539648     123.7422556     121.9102358     149.7847577     106.0037709     139.0861147     135.6136327       0.0000000      71.0804578     131.7973358     111.2125632     111.3708615     110.1037201     116.9747801     144.5117847     130.7157839     125.6665731     135.1299303     150.4516562     105.5308902     153.0422772      87.4901727     185.7174957     142.0970566     113.3834086     158.0015262      78.4771267     131.8741615
     99.7416870      95.5469993     120.8483769     145.0296133      84.5027251     121.4585316     106.8565966     126.7977960      98.5746725     123.9425925     145.1719154     135.1012861     173.9525725     116.0198303     130.0984130     116.9284285      97.7512229      95.9967004     119.6172014     151.2803773      93.8976825     118.9823830     149.1234025      98.2452483     114.8895950     128.1469407      86.7064377     125.2246898      89.3613886      71.0804578       0.0000000      98.3588441     104.3389682     134.2720984      73.7112191     113.5518837     144.7135626     133.2859547     101.9810351     121.5341158     104.5033888     118.6503207     161.4353823     109.3513212     168.7686258     123.9410749     131.8572613     144.1122487      65.4841304     117.0226559
     99.4381240     126.6488324     119.6122392     152.2230719     103.1922655     115.7246628     136.6331313     125.5645664     119.7754091     113.7667128     165.0187177     181.3000534     169.6150250     104.0335311     150.0392179     135.2567511     149.3304151     100.0891035     121.2815981     177.7287460     121.5041538     153.8776798     155.9670069     120.6514608     123.5640206     146.6874214     117.4653942     135.3888099      91.2956049     131.7973358      98.3588441       0.0000000     103.4912926     155.7789157     143.0600263      81.0936199     172.4158091     156.1884167     107.4281378     117.2966047     107.8805672     147.2141902     154.5807737     136.1168005     165.0579876     163.0698587     124.3324108     137.3687618     122.2001977     130.9280396
     70.8634409     115.2754526     121.0476823     123.3880740     141.8031498      88.0869267     105.2299228     134.4790749      99.5885577     118.5115892      96.6916049     147.3922269     110.2797037     100.0999491     103.2077481      85.2012503     104.8523161     105.8964754      85.4366713     128.4235705     121.9221203      93.9533536     113.8926984      65.6199196      66.5139620     120.9877860     115.1405357      83.6244822      95.0079691     111.2125632     104.3389682     103.4912926       0.0000000      86.1351155     147.9290205      90.0059421     144.7590086     132.9206100     115.9611837      55.4224022     116.5885198     120.4203620      78.1909592     124.6983429     133.7741492     152.7839179     109.9967340     125.2656016     102.8556767     117.2090038
    104.0211014     138.6592817     161.5075992     126.8089098     160.9154052      92.3961770     118.7442016     137.7321987     139.9499482     119.3114517     112.2327375     153.1586589     125.1263583     107.9198913     129.6744148     113.5125750      99.8315893     139.0636736     149.2075963     154.2176777     137.4194534     113.6789494     122.7559892     116.7471085     104.2111332     119.2714119     114.8466569     119.2054572     139.8537904     111.3708615     134.2720984     155.7789157      86.1351155       0.0000000     154.0663563     109.6865893     144.5165750     133.4893570     145.8936689     104.6690499     163.3939700      98.1999600     107.8080483     126.8414550     167.5137798     150.6125630     105.2068075     127.5388625     123.8941130     132.6128327
    152.0171471     109.9521176     166.5814930     162.1036933      90.1488661     165.7030667     119.7575330     143.5477048     101.0724577     143.7322684     170.0218225     114.3046772     193.9377615     144.4765180     157.4130834     144.9819026     133.6879492     125.4070596     155.1671558     183.8483225     106.6835178     133.4512209     152.8087142     141.8723425     159.6473721     135.6971651     104.3116411     163.8085317     102.0985717     110.1037201      73.7112191     143.0600263     147.9290205     154.0663563       0.0000000     143.6110609     141.9799459     131.2517976     131.9436791     146.9486523     138.7256049     128.2252323     203.0531312     127.4060631     175.7007194     117.5622119     153.8418095     161.7745302     108.7789142      98.2534209
    110.8901192     147.7433320     129.2607982     138.6092955     128.1938369      96.7005084     116.0957803      93.4580201     112.4162558     120.5713465     128.3028245     168.2480796     153.6088255      59.0309379     150.4544057     117.4583307     136.6041069     122.5767628     118.0140639     151.6008056      89.0486197     151.5891378     123.0928701     113.7393701     100.1539925     138.0957053     101.1482677     113.3271230      95.8009059     116.9747801     113.5518837      81.0936199      90.0059421     109.6865893     143.6110609       0.0000000     145.1871199     141.3276795     125.7904860     107.7521994     136.3208797     104.4104212     137.6359068     111.1119954     155.5857199     155.8149862     103.1861938     119.8204074     124.6488768     114.7531845
    175.2180904     151.3683617     177.1443539     105.7512450     148.6737888     146.6150239     123.5062373     141.8844597     139.4798944     137.3231140     143.5443212     105.6178496     119.5389282     137.6578538     165.2122049     168.2869550     154.6232663     121.9606933     147.3793083     138.1093852     137.6040360     182.1368873     147.6439591     138.5594788     153.8384496     136.5765236     103.9556489     111.8777665     150.2438370     144.5117847     144.7135626     172.4158091     144.7590086     144.5165750     141.9799459     145.1871199       0.0000000     128.0908870     119.5805723     135.5263127     172.3287283      89.8109793     171.5331552      84.4875977      96.6596666      79.2722983     116.9641327     126.6802393     132.0226245     129.0114436
    125.8263029     103.4117763     197.0967189     147.0473777     113.0354392     131.7428755      96.5615485      95.2643939     138.9239131     136.1854621     178.6796573      93.0870528     124.3042964     163.7274757      98.6638276     160.8203332     118.7138582     151.4893391     147.8428526     171.5850455     142.6521694     145.4119934     109.9599931     153.0264887     177.1264169     144.2881387     146.3319558     154.5731690     149.8569740     130.7157839     133.2859547     156.1884167     132.9206100     133.4893570     131.2517976     141.3276795     128.0908870       0.0000000     138.8423133     144.4916484     159.2007608     129.0975985     136.9698639     118.5174871     150.1481762     137.0427683     132.9571377     145.0203847     138.7916006     128.6867274
    122.2619313     123.3790487     159.2439864      81.2323588     121.5069677     116.0852666     109.2572406     144.9728666     119.1249104      86.7313586     142.1621656     125.9420047     145.2059868     118.8065872     140.9680420     140.2431190     118.8512492      87.6600382     113.0550105     163.3691402     121.6578917     158.1184282     164.0256908     100.3350836     131.8554461     137.3613138      98.8147183     119.5280086     111.5064862     125.6665731     101.9810351     107.4281378     115.9611837     145.8936689     131.9436791     125.7904860     119.5805723     138.8423133       0.0000000     122.3832156     152.6116992     113.0893453     146.7307795     124.1426013     136.1244447     114.2145321     124.7178652     117.9919131     118.7589951     138.1883832
    109.1209438     119.6298819     131.2719073     123.4232406     151.2903137     108.7663041     108.7351006     161.2113738      98.7831143     115.3024213     104.6964365     139.9749464     108.3527788     106.4874091     133.1404929      80.3461003     137.3936695      89.8912847     101.8379151     140.3621439     139.1802424      97.7198967     110.9144992      86.5181414      77.5097142     104.1015868     122.6432708      96.9009206      91.1657474     135.1299303     121.5341158     117.2966047      55.4224022     104.6690499     146.9486523     107.7521994     135.5263127     144.4916484     122.3832156       0.0000000     125.5720380     120.2855862     115.5571595     129.3793410     120.7176820     139.9493982     103.4265270     144.0772567     109.7183376      90.1332812
    119.1450054      90.1306124      76.4199566     169.4842484     102.8142190     154.8896980     166.7597456     145.8166997     127.7083060     142.6559899     167.5528172     180.9497501     157.7926533     161.7919188     156.1358739     158.3681136     151.5838481     105.2088666     142.7566779     152.4746332     149.8274675     149.6283375     147.8030419     127.3215080     136.4582215     122.2068220     120.2396916     123.9359735     117.2314462     150.4516562     104.5033888     107.8805672     116.5885198     163.3939700     138.7256049     136.3208797     172.3287283     159.2007608     152.6116992     125.5720380       0.0000000     167.6197281     166.6270071     146.2500108     160.2256759     147.0359015     149.8178161     145.0764763     105.5373849     147.4723394
    140.7486009     141.2371401     153.9161929      97.8245767     144.0722715      95.8417172      86.4366666     123.5212870     132.8025207     103.7480389     117.2575621     120.2488985     144.7284496      94.3891541     167.8911106     116.3044800     110.4494413     110.7212899     140.3073309     126.5274011     102.9629949     163.0741983     120.2080567     115.9056753     110.9059356     102.7293270      86.4046547     106.0343341     130.8010977     105.5308902     118.6503207     147.2141902     120.4203620      98.1999600     128.2252323     104.4104212      89.8109793     129.0975985     113.0893453     120.2855862     167.6197281       0.0000000     156.3226198      84.9750306     157.1557032      89.2849577      93.8148742     137.3876477      99.1408295     120.1131443
     93.6173732     147.9796283     175.2381912     137.7390128     183.6568055     107.9746719     135.1933265     150.1022197     154.9591162     148.1734292     130.9797270     168.7338166      98.3779992     154.2647006      97.8460902     139.8278821     117.2692507     160.6727727     118.3147236     150.3016251     168.6731965     137.5668666     136.9805169     111.5454379     126.4852684     163.2392166     165.6867774     116.0311369     159.9032326     153.0422772     161.4353823     154.5807737      78.1909592     107.8080483     203.0531312     137.6359068     171.5331552     136.9698639     146.7307795     115.5571595     166.6270071     156.3226198       0.0000000     162.0807786     154.9283218     190.6973649     145.6039487     139.9780747     156.0952527     176.0309801
    133.5451590     137.2753530     152.1577646     142.2842878     114.4211889     102.8680562     113.4595875     109.8034320     147.6473925     129.7105026     161.7029514     138.2839212     136.3909052     102.8335541     143.0861829     150.7146372     137.1629140     108.4592893     153.5119706     147.1270098     128.8950220     160.0570539     149.9417932     140.1711780     136.4370347     136.8330952      92.3595701     119.7969866     145.2444434      87.4901727     109.3513212     136.1168005     124.6983429     126.8414550     127.4060631     111.1119954      84.4875977     118.5174871     124.1426013     129.3793410     146.2500108      84.9750306     162.0807786       0.0000000     137.8500441     103.6938238      74.6185108     136.2337310      92.8674797     119.4617612
    177.1177365     159.7947418     180.9723749     130.2678379     164.7688310     174.6278533     160.3628173     166.9280565     130.2475713     160.4974423     151.3534733     140.7490607      94.8979010     159.3092575     151.0070644     184.2994069     189.0962707     136.6672236     132.2358268     163.8726582     167.5741962     173.7173448     160.6125981     140.8505952     163.6201101     165.7016908     140.1666561     119.4709636     142.9160272     185.7174957     168.7686258     165.0579876     133.7741492     167.5137798     175.7007194     155.5857199      96.6596666     150.1481762     136.1244447     120.7176820     160.2256759     157.1557032     154.9283218     137.8500441       0.0000000     143.0237110     145.4781996     118.3664812     170.0154588     136.7601990
    166.2422334     114.5761690     151.7269869     102.8376999     124.6628482     145.4581003     127.6349477     153.2002120     143.5998434     105.5388801     155.9115815     111.8728418     145.4284395     152.1343399     183.3794485     160.9366176     139.2124319      89.6307680     163.0827600     142.6998945     141.3801955     180.8112738     145.6099278     138.7556753     152.9151796      89.2965248      89.6625730     122.8323992     144.4047100     142.0970566     123.9410749     163.0698587     152.7839179     150.6125630     117.5622119     155.8149862      79.2722983     137.0427683     114.2145321     139.9493982     147.0359015      89.2849577     190.6973649     103.6938238     143.0237110       0.0000000     120.6795896     142.5129651     101.2808973     133.4715070
    115.2758790     134.7338636     153.3259240     132.8791765     129.8248515      73.3610325     123.6877219     133.7975581     159.4198179      92.5987015     162.7853923     160.6103149     117.5169940      90.6547921     147.6742650     138.1498611     146.0665088      92.2759169     164.9276737     171.0177138     156.4004781     147.9041841     146.0822887     144.8485458     126.5192000     115.9494030     105.9894366     128.3184236     146.3129150     113.3834086     131.8572613     124.3324108     109.9967340     105.2068075     153.8418095     103.1861938     116.9641327     132.9571377     124.7178652     103.4265270     149.8178161      93.8148742     145.6039487      74.6185108     145.4781996     120.6795896       0.0000000     134.9558807     108.5465606     115.1848773
    139.5723777     144.4736809     156.3007977     106.6085015     131.8807818     145.7621046     166.3897537     120.0742264     137.5995149     120.3076713     145.1450689     167.2311113     122.7367042     134.1801812     144.6656991     187.6060608     146.0423433     136.2956550     148.6648560     171.3453042     137.4667558     175.8866905     165.3412723     133.0880830     153.7524586     152.5095332      91.1204968     117.6311819     139.1549795     158.0015262     144.1122487     137.3687618     125.2656016     127.5388625     161.7745302     119.8204074     126.6802393     145.0203847     117.9919131     144.0772567     145.0764763     137.3876477     139.9780747     136.2337310     118.3664812     142.5129651     134.9558807       0.0000000     159.0925645     161.1089856
    103.8655038      95.0653369     103.7911069     138.7696526     112.8487876     100.4931929     105.8386008     140.8737540     128.8635250     116.1684341     139.3376369     139.7961511     155.1896577     122.0860482     147.4741439     106.9740930      98.3217677      78.0832322     133.9439382     122.7066523     123.1603578     130.4260201     136.8328990     101.1190695      98.6959262      95.9685161      93.2192532     105.7567557     120.4394615      78.4771267      65.4841304     122.2001977     102.8556767     123.8941130     108.7789142     124.6488768     132.0226245     138.7916006     118.7589951     109.7183376     105.5373849      99.1408295     156.0952527      92.8674797     170.0154588     101.2808973     108.5465606     159.0925645       0.0000000     126.1983671
    147.3551644     128.7365586     170.5945276     155.4512605     125.9121894     144.4798053     104.7139800     150.4526264      91.7174137     135.0839128     151.4951272     118.4340120     154.1268985     111.7466131     149.8585968     112.9967596     161.4218551     114.4559174     138.4140474     181.1670859     125.9118573     111.1584814     120.5661576     137.4528699     135.6060937     125.5201458     123.7569454     149.9432720      86.8039748     131.8741615     117.0226559     130.9280396     117.2090038     132.6128327      98.2534209     114.7531845     129.0114436     128.6867274     138.1883832      90.1332812     147.4723394     120.1131443     176.0309801     119.4617612     136.7601990     133.4715070     115.1848773     161.1089856     126.1983671       0.0000000
