      0.0000000  319717.6613322  320013.9300184  319395.6061443  304391.9512206  141553.4450483 4097544.2830004  180401.2897167  298269.3302075  319969.2554293 19508140.0325211  119181.0066034 6968976.6162445  320019.4870812 4099386.8181564  317818.3187485 16654554.9956540  375627.9058910 1831600.2526448  205541.7584455 27877396.6875490  687734.0183761  316580.3835679 7339534.8065330  320004.5193253  159547.9124573  319857.1656775  320051.8862920  321052.3885036   98804.7939308  318062.3807266  378855.2876704  305139.2592512  333028.0331337 13350415.6130025 6733080.4928141 1042075.5667674  319985.9319350 10049629.0681456  530305.7385626 4820544.7228750  619217.2243846 5616845.9418087 18375138.7174825  285448.7550506 14161829.7140542  289839.6692709  319913.7105216 6729309.2754326  262516.6910990
 319717.6613322       0.0000000     297.1501297     324.5637556   15389.9098211  178170.3917303 4417254.8319870  139321.4746282   21541.1885304     252.4097697 19827364.3992877  200542.3817014 7224825.1317754     301.9362073 4419097.3541944    1899.3467385 16653811.3835035  199362.7483040 2150163.1392045  525242.4977305 27883449.4633703 1007442.5949476    3137.2974590 7334624.5129185     373.8182800  160176.3899124     154.5379014    7124.8159028   28109.9383364  229855.0680859    1655.2814682  207915.2169353   14578.7013727  125369.6383557 13349465.8419489 6727530.2327158 1361784.6071652    1516.2847113 10046611.3893021  637084.1379303 4816227.7193170  532570.6188376 5936556.6659627 18694849.9133231  138713.1571730 14481540.6029422   30086.4421925    1786.5831054 6725081.0023336   57202.4129923
 320013.9300184     297.1501297       0.0000000     618.5696260   15683.0410911  178466.5299772 4417551.2407856  139617.8850548   21834.2710383      44.7498681 19827658.9571526  200838.7531446 7225051.0998032      15.7257850 4419393.7631178    2195.7745479 16653790.6603030  199342.1065859 2150456.7030838  525538.9071449 27883433.8974568 1007738.9998046    3433.7135968 7334603.5436851     217.1269072  160472.8002083     162.7257997    7097.4894110   28087.5461737  230144.4881435    1951.7030979  207896.8210909   14875.1215301  125373.1753366 13349445.6325999 6727509.2530893 1362081.0160692    1470.4416858 10046590.4303056  637230.1810459 4816210.6831466  532549.9268204 5936853.0744008 18695146.3195801  138826.5436879 14481837.0119649   30378.3412758    1756.6001715 6725061.2519959   57498.8258073
 319395.6061443     324.5637556     618.5696260       0.0000000   15065.5514314  177848.1201006 4416933.0397176  138999.6888060   21216.8224807     573.9987149 19827040.6132434  200220.5174965 7224541.1427144     624.7078343 4418775.5621768    1577.9045093 16653768.7904812  199320.5598182 2149838.9172778  524920.7074635 27883401.2797990 1007120.7950850    2815.6879014 7334582.1945643     640.6928160  159854.6033994     462.3008124    7103.4745996   28072.6989732  229530.6255664    1333.8823970  207870.5715099   14256.9646119  125301.7009449 13349422.6927407 6727487.9268685 1361462.8153382    1566.7848871 10046569.0561737  636871.3928227 4816181.1438735  532528.1727498 5936234.8729401 18694528.1158543  138532.3211595 14481218.8110540   29761.9029731    1810.3344115 6725037.3624770   56880.6367545
 304391.9512206   15389.9098211   15683.0410911   15065.5514314       0.0000000  162839.3143929 4401935.4016882  124010.5040145    6151.2870606   15638.7563092 19811983.4126371  185225.6776279 7211633.9739150   15689.8485164 4403777.9325620   13499.5716101 16652336.7962013  198480.2198349 2134774.1162990  509924.9551623 27881705.8413256  992123.7150826   12269.5109128 7333171.7703588   15656.4218145  144864.1729333   15523.1318723   16610.7889377   30872.4383515  214497.3738176   13742.1609945  206891.2331225    1642.8280308  123592.6536615 13347966.4791954 6726079.4997156 1346465.7323708   15594.0651348 10045153.7137697  627523.4658223 4814580.3911366  531312.3791499 5921237.1484069 18679530.1206084  131232.8061213 14466221.0203377   14704.8404024   15525.2250223 6723566.7487233   41908.5017704
 141553.4450483  178170.3917303  178466.5299772  177848.1201006  162839.3143929       0.0000000 4239097.7278945   38894.6580563  156715.9192459  178421.8702712 19649414.8251591   22454.1736752 7081016.2081035  178472.1677522 4240940.2630881  176271.1008062 16652481.5653703  265730.3545761 1972508.8296275  347091.4413076 27878637.4489967  829287.1918255  175033.2255074 7334655.5895657  178455.9902574   18107.3158250  178309.5313015  178528.0521111  180320.9229773   59532.9532302  176515.1461919  271099.3597034  163592.7957334  208082.9949681 13348063.4989181 6727763.1596811 1183628.8858355  178433.1625354 10046051.1666218  556909.9351998 4815029.4187419  559442.3693322 5758399.3840797 18516692.1406404  168707.6198828 14303383.1483843  148289.2040743  178360.5216137 6724576.0334080  120974.0200964
4097544.2830004 4417254.8319870 4417551.2407856 4416933.0397176 4401935.4016882 4239097.7278945       0.0000000 4277933.3573606 4395813.5843570 4417506.5505956 15420861.7175510 4216712.7944629 4513071.4475331 4417556.7038955    1842.7097271 4415355.5031345 17226046.7659699 4421673.9338104 2282123.0169769 3892012.3342979 28151478.4835267 3409812.2620349 4414117.5477149 8562030.7684028 4417543.1411546 4257078.4420805 4417394.7542479 4417561.3166521 4417626.6234249 4190422.2109716 4415599.5747162 4420484.8061994 4402676.1308119 4408835.5294815 14050484.0922167 8048201.6460696 3055470.2248219 4417529.4571257 10974621.8773042 4100442.9101648 6491841.1868321 4448881.9455973 1519301.8363451 14277595.1224560 4357299.1795821 10064285.7714388 4387380.9769261 4417457.7138296 8030830.3554057 4360052.4189986
 180401.2897167  139321.4746282  139617.8850548  138999.6888060  124010.5040145   38894.6580563 4277933.3573606       0.0000000  117897.8835241  139573.1945364 19688308.4961250   61221.6587893 7113238.3484201  139623.3467016 4279775.8795663  137422.1460558 16654276.5593724  243176.1342539 2011377.9343625  385921.0231068 27881256.9113294  868121.1235720  136184.1906956 7335947.2355502  139609.9813290   20854.9152909  139461.4121515  139803.6037847  142405.6156203   94842.1252529  137666.2176832  249351.9297242  124742.7734886  179690.5943329 13349834.0787562 6728977.4647553 1222463.1325391  139603.8203582 10047571.4262953  572166.2575076 4816396.1438093  550400.8215080 5797235.1913673 18555528.4397760  146465.9072184 14342219.1283179  109504.0227997  139535.2994827 6725951.1410347   82119.0616380
 298269.3302075   21541.1885304   21834.2710383   21216.8224807    6151.2870606  156715.9192459 4395813.5843570  117897.8835241       0.0000000   21789.9951528 19805836.1162884  179108.4305447 7206357.7815658   21841.0969569 4397656.1187230   19650.6090451 16651739.4149343  198448.5019239 2128623.3286246  503805.0318420 27880999.3540053  986002.6158127   18419.8319296 7332588.1302231   21806.9254097  138750.0818271   21674.3104847   22321.4494451   33912.6453902  208359.4785759   19893.2798814  206789.1575737    7167.0194305  123401.2314805 13347360.1713365 6725497.4710311 1340344.4673523   21723.7533191 10044565.6847043  623757.8111712 4813923.6400459  530921.4593254 5915115.2590607 18673408.0472422  128625.9296763 14460099.0424312    8564.2797942   21646.2354663 6722959.3316849   35820.4374636
 319969.2554293     252.4097697      44.7498681     573.9987149   15638.7563092  178421.8702712 4417506.5505956  139573.1945364   21789.9951528       0.0000000 19827614.4936214  200794.0669788 7225016.5234626      51.6721024 4419349.0729140    2151.0726961 16653792.9321610  199344.3382770 2150412.3695319  525494.2168510 27883435.3920168 1007694.3100323    3389.0163736 7334605.8522086     222.3168564  160428.1097242     121.2501363    7099.9679119   28089.8699108  230100.7164389    1907.0006125  207898.7153360   14830.4286706  125371.7476521 13349447.8269023 6727511.5631106 1362036.3258567    1472.7613553 10046592.7374927  637207.4443287 4816212.3983464  532552.1837517 5936808.3842518 18695101.6296739  138808.6507562 14481792.3217536   30334.2250406    1757.0888187 6725063.3766813   57454.1348073
19508140.0325211 19827364.3992877 19827658.9571526 19827040.6132434 19811983.4126371 19649414.8251591 15420861.7175510 19688308.4961250 19805836.1162884 19827614.4936214       0.0000000 19627183.1984245 14312073.0359783 19827665.3167445 15419027.0433199 19825468.1584346 25085933.8249871 19816026.5648864 17677858.3399833 19303143.3339966 32901351.0775887 18821917.5872151 19824232.4939979 20713123.1142295 19827637.5255906 19667493.6925665 19827500.0222111 19827228.1219832 19825937.6233686 19598592.4625189 19825711.7245205 19814006.2004150 19812813.1610884 19809898.0960787 23182254.4844353 20542317.6464213 18468346.7898748 19827546.6086548 21668901.1684502 19450614.0548228 20051171.5768034 19801386.5322749 13906826.2760498 1637113.3870386 19758481.2299106 5446563.6640772 19797326.9112633 19827457.4669704 20514780.8154209 19770270.5951107
 119181.0066034  200542.3817014  200838.7531446  200220.5174965  185225.6776279   22454.1736752 4216712.7944629   61221.6587893  179108.4305447  200794.0669788 19627183.1984245       0.0000000 7064295.3197826  200844.2419461 4218555.3189298  198643.0410936 16654485.5819174  282465.7404636 1950383.2026642  324700.6544428 27880149.6188210  806900.5395454  197405.0861295 7337001.2146849  200830.3948456   40367.3076317  200682.1952994  200956.3819966  202731.9920002   44527.5486734  198887.1110242  287451.6155201  185963.7016208  227501.3647342 13350091.7424387 6730161.6052432 1161242.6106282  200819.5959502 10048240.2549016  552059.3285727 4817380.6532184  568608.6649275 5736014.6181029 18494307.8214215  186039.7426597 14280998.5589626  170696.6619269  200749.5445596 6726882.1612080  143340.1014928
6968976.6162445 7224825.1317754 7225051.0998032 7224541.1427144 7211633.9739150 7081016.2081035 4513071.4475331 7113238.3484201 7206357.7815658 7225016.5234626 14312073.0359783 7064295.3197826       0.0000000 7225064.2549063 4512527.5476152 7223292.5220435 13653482.1792887 7108129.1449071 5509520.1032519 6809482.9157654 24175318.0072107 6442180.3683215 7222296.3685599 6559697.0990846 7224915.6803894 7096619.7365775 7224898.7093645 7220840.3724101 7208388.9297088 7021535.9133485 7223488.4092428 7101915.5695241 7213101.9467380 7143016.7928353 10742767.8387046 6301360.8834843 6182582.1845327 7224160.0067605 8178091.4714187 6630063.1081495 5771507.1419464 6921387.6172772 4294002.5654705 13578780.9854194 7101653.8284202 9674373.4522145 7198695.2224865 7223933.6363859 6274678.0314691 7178892.9228179
 320019.4870812     301.9362073      15.7257850     624.7078343   15689.8485164  178472.1677522 4417556.7038955  139623.3467016   21841.0969569      51.6721024 19827665.3167445  200844.2419461 7225064.2549063       0.0000000 4419399.2261400    2201.2016819 16653805.4113628  199356.8632135 2150463.3964237  525544.3697449 27883448.7410366 1007744.4656460    3439.1573764 7334618.2902788     232.1188244  160478.2619897     172.4904686    7112.2345023   28102.2957628  230152.2010650    1957.1310706  207911.6182985   14880.5735741  125388.3270246 13349460.3930974 6727523.9995016 1362086.4790817    1485.2774768 10046605.1770576  637245.4932743 4816225.5009473  532564.6799479 5936858.5377667 18695151.7844831  138842.1772648 14481842.4749245   30385.4875335    1771.6235575 6725076.0209345   57504.2853051
4099386.8181564 4419097.3541944 4419393.7631178 4418775.5621768 4403777.9325620 4240940.2630881    1842.7097271 4279775.8795663 4397656.1187230 4419349.0729140 15419027.0433199 4218555.3189298 4512527.5476152 4419399.2261400       0.0000000 4417198.0253910 17226543.2410417 4423515.7680321 2283961.7557580 3893854.8564741 28151760.4042611 3411654.7857819 4415960.0699765 8563004.0030092 4419385.6647750 4258920.9642825 4419237.2768454 4419403.8788199 4419469.2755799 4192264.8914671 4417442.0969768 4422326.5263459 4404518.6530338 4410678.0567272 14051083.9256068 8049235.0828139 3057312.7470676 4419371.9881005 10975387.6052444 4102273.3065155 6493096.4172840 4450714.3700251 1517459.3161520 14275752.6044794 4359141.7024693 10062443.2488774 4389223.5198434 4419300.2464494 8031859.6218141 4361894.9412031
 317818.3187485    1899.3467385    2195.7745479    1577.9045093   13499.5716101  176271.1008062 4415355.5031345  137422.1460558   19650.6090451    2151.0726961 19825468.1584346  198643.0410936 7223292.5220435    2201.2016819 4417198.0253910       0.0000000 16653801.6386403  199362.8158575 2148269.9543838  523343.1690327 27883406.6448736 1005543.2645417    1237.9557145 7334616.5036212    2199.6589995  158277.0613369    2040.0572649    7442.8245493   28184.8448649  227978.3113317     244.0726059  207900.4684905   12679.3736627  125221.3418346 13349452.8358449 6727522.3156702 1359885.2783275    2631.4082472 10046603.2376656  636031.6234919 4816194.6689201  532564.4644046 5934657.3369718 18692950.5834954  137871.0314921 14479641.2741861   28200.2986734    2745.8085547 6725065.2095800   55303.0848441
16654554.9956540 16653811.3835035 16653790.6603030 16653768.7904812 16652336.7962013 16652481.5653703 17226046.7659699 16654276.5593724 16651739.4149343 16653792.9321610 25085933.8249871 16654485.5819174 13653482.1792887 16653805.4113628 17226543.2410417 16653801.6386403       0.0000000 16454448.6565188 16608455.8817545 16661652.6643783 11235890.3167570 16683204.8474100 16653799.9229468 9319191.5094593 16653573.6778174 16654447.0440117 16653745.8990726 16646693.1786495 16625703.1160205 16618982.7734156 16653801.1122108 16445901.5407215 16653802.9937396 16528851.0540905 3304446.3597237 9926285.5034253 16708242.7675790 16652320.3652003 6607208.1246536 16125920.0019180 11838105.5135517 16121240.7720831 17675435.5304117 25024868.5781086 16529651.7130489 22060393.7682288 16650254.6520051 16652036.4903361 9928790.6330171 16653861.7246522
 375627.9058910  199362.7483040  199342.1065859  199320.5598182  198480.2198349  265730.3545761 4421673.9338104  243176.1342539  198448.5019239  199344.3382770 19816026.5648864  282465.7404636 7108129.1449071  199356.8632135 4423515.7680321  199362.8158575 16454448.6565188       0.0000000 2142413.4959970  561734.9535222 27684118.7099780 1026864.7212923  199377.1191434 7135261.7795383  199125.1163647  255690.5655172  199297.2480813  192244.6399472  171254.5913701  279491.4252890  199360.0274233    8691.4798737  199887.0345102   75092.0054018 13150103.5793592 6528167.5024053 1376223.5886227  197871.7922004 9847248.6528686  483404.0794534 4616882.1972008  333207.8844441 5939822.4063173 18695811.5430887   97194.2451205 14482837.7060750  198058.9071075  197587.8647850 6525719.6818312  207386.1324459
1831600.2526448 2150163.1392045 2150456.7030838 2149838.9172778 2134774.1162990 1972508.8296275 2282123.0169769 2011377.9343625 2128623.3286246 2150412.3695319 17677858.3399833 1950383.2026642 5509520.1032519 2150463.3964237 2283961.7557580 2148269.9543838 16608455.8817545 2142413.4959970       0.0000000 1627421.3632001 27744680.8020132 1149492.9424238 2147036.3930702 7466310.7217921 2150430.2477570 1990609.7915943 2150296.9971622 2149871.1282645 2148244.5015171 1920997.3501382 2148513.0859539 2140914.3667090 2135637.0717185 2133002.9819284 13334813.1279508 6887027.3129612  801636.7542061 2150310.6346550 10094206.1450343 1824741.9283528 5078383.5161989 2170511.1233005 3798504.9890525 16553406.0380947 2081506.0122979 12340466.5564514 2120093.9875434 2150215.1970830 6876017.7627604 2093172.3185836
 205541.7584455  525242.4977305  525538.9071449  524920.7074635  509924.9551623  347091.4413076 3892012.3342979  385921.0231068  503805.0318420  525494.2168510 19303143.3339966  324700.6544428 6809482.9157654  525544.3697449 3893854.8564741  523343.1690327 16661652.6643783  561734.9535222 1627421.3632001       0.0000000 27878821.9146560  482200.1208409  522105.2136362 7353409.3729634  525530.8571623  365066.1078194  525382.4243729  525591.5383316  526276.3714495  300441.4880653  523587.2406329  563351.6423100  510663.7965904  529994.2695680 13358446.8676180 6748024.4254935  836542.1094971  525519.0045784 10060313.2758589  559132.7560241 4837861.3940467  747753.1143849 5411314.1684638 18169607.4202315  479874.5131719 13956298.1052118  495380.0231016  525448.0421133 6743410.8988523  468040.0847382
27877396.6875490 27883449.4633703 27883433.8974568 27883401.2797990 27881705.8413256 27878637.4489967 28151478.4835267 27881256.9113294 27880999.3540053 27883435.3920168 32901351.0775887 27880149.6188210 24175318.0072107 27883448.7410366 28151760.4042611 27883406.6448736 11235890.3167570 27684118.7099780 27744680.8020132 27878821.9146560       0.0000000 27883076.3722416 27883383.3245229 20550479.2469268 27883216.8101126 27880989.1672193 27883386.4229870 27876337.6710332 27855350.7810835 27844049.0361741 27883410.3737221 27675545.2442452 27883184.9637298 27758330.7054691 14537123.9368709 21157399.0334842 27891862.7102205 27881963.4636113 17839437.0540954 27347850.0995332 23067293.9587041 27350962.5156800 28402207.9059686 33284287.5962875 27758185.7239393 31184633.4942977 27879362.8945863 27881678.3867331 21159252.3704988 27882465.4118654
 687734.0183761 1007442.5949476 1007738.9998046 1007120.7950850  992123.7150826  829287.1918255 3409812.2620349  868121.1235720  986002.6158127 1007694.3100323 18821917.5872151  806900.5395454 6442180.3683215 1007744.4656460 3411654.7857819 1005543.2645417 16683204.8474100 1026864.7212923 1149492.9424238  482200.1208409 27883076.3722416       0.0000000 1004305.3089824 7403286.7091808 1007730.8792369  847266.2090030 1007582.5060165 1007767.0927905 1008111.4032108  781283.0324811 1005787.3359850 1027004.6580639  992863.8935822 1005025.5688941 13384637.4092300 6802378.1849029  354342.0861440 1007717.7799975 10096752.8339732  844150.9283694 4907180.1221147 1139134.4888203 4929114.0904851 17687407.3214890  953813.7402257 13474098.0314285  977573.0555029 1007646.3362889 6795823.2018846  950240.1832572
 316580.3835679    3137.2974590    3433.7135968    2815.6879014   12269.5109128  175033.2255074 4414117.5477149  136184.1906956   18419.8319296    3389.0163736 19824232.4939979  197405.0861295 7222296.3685599    3439.1573764 4415960.0699765    1237.9557145 16653799.9229468  199377.1191434 2147036.3930702  522105.2136362 27883383.3245229 1004305.3089824       0.0000000 7334616.0673017    3433.2234773  157039.1059722    3277.6932430    7897.0407161   28306.7449370  226755.9915496    1482.0270086  207904.7152231   11441.4188543  125144.6208844 13349449.0233694 6727521.9633710 1358647.3229114    3719.7055666 10046602.6371021  635351.5074194 4816178.0491420  532568.6186198 5933419.3815378 18691712.6279817  137337.5944586 14478403.3187760   26972.5290788    3777.9612611 6725059.7240681   54065.1295861
7339534.8065330 7334624.5129185 7334603.5436851 7334582.1945643 7333171.7703588 7334655.5895657 8562030.7684028 7335947.2355502 7332588.1302231 7334605.8522086 20713123.1142295 7337001.2146849 6559697.0990846 7334618.2902788 8563004.0030092 7334616.5036212 9319191.5094593 7135261.7795383 7466310.7217921 7353409.3729634 20550479.2469268 7403286.7091808 7334616.0673017       0.0000000 7334386.5677573 7336373.4464965 7334558.9114904 7327506.0558190 7306516.0003923 7301965.9879088 7334615.7387525 7126716.1198789 7334636.4962282 7209676.8360814 6014895.1929239  607094.3354976 7459961.0078471 7333133.2660926 2711986.8981105 6812278.0818275 2519628.2539191 6802054.0257297 9435959.1721940 20081318.9713192 7210666.0719715 16233076.1671826 7331126.9910488 7332849.4502690  610226.5314936 7334847.7969423
 320004.5193253     373.8182800     217.1269072     640.6928160   15656.4218145  178455.9902574 4417543.1411546  139609.9813290   21806.9254097     222.3168564 19827637.5255906  200830.3948456 7224915.6803894     232.1188244 4419385.6647750    2199.6589995 16653573.6778174  199125.1163647 2150430.2477570  525530.8571623 27883216.8101126 1007730.8792369    3433.2234773 7334386.5677573       0.0000000  160464.8710981     227.4228571    6880.5237972   27870.5677515  230102.4860335    1957.0050254  207679.7789029   14868.8699328  125156.2825341 13349228.6366991 6727292.2774311 1362072.9306382    1253.3784308 10046373.4541413  637044.7796584 4815993.6188758  532332.9414397 5936844.9695475 18695138.1892205  138628.8339831 14481828.9105912   30345.7847284    1539.5054928 6724844.2446024   57491.2109098
 159547.9124573  160176.3899124  160472.8002083  159854.6033994  144864.1729333   18107.3158250 4257078.4420805   20854.9152909  138750.0818271  160428.1097242 19667493.6925665   40367.3076317 7096619.7365775  160478.2619897 4258920.9642825  158277.0613369 16654447.0440117  255690.5655172 1990609.7915943  365066.1078194 27880989.1672193  847266.2090030  157039.1059722 7336373.4464965  160464.8710981       0.0000000  160316.3256601  160635.0022072  162902.3539747   75982.9761406  158521.1329611  261444.7223989  145597.6887790  195217.4169147 13350014.8766262 6729442.8413150 1201608.2172597  160457.7056813 10047881.9203815  564769.3319247 4816768.6869727  556032.8860779 5776380.2761016 18534673.5247270  158504.9486946 14321364.2130310  130349.7017297  160388.7529015 6726330.2649801  102973.9769206
 319857.1656775     154.5379014     162.7257997     462.3008124   15523.1318723  178309.5313015 4417394.7542479  139461.4121515   21674.3104847     121.2501363 19827500.0222111  200682.1952994 7224898.7093645     172.4904686 4419237.2768454    2040.0572649 16653745.8990726  199297.2480813 2150296.9971622  525382.4243729 27883386.4229870 1007582.5060165    3277.6932430 7334558.9114904     227.4228571  160316.3256601       0.0000000    7054.6951673   28043.2780679  229982.9335590    1796.0728427  207850.7811593   14718.7586689  125315.7084917 13349400.6000886 6727464.6262469 1361924.5304994    1431.9761717 10046545.7931094  637106.6098915 4816163.9786523  532505.1292290 5936696.5870118 18694989.8273882  138716.7574109 14481680.5256738   30217.7337995    1710.6090912 6725015.9766342   57342.3730454
 320051.8862920    7124.8159028    7097.4894110    7103.4745996   16610.7889377  178528.0521111 4417561.3166521  139803.6037847   22321.4494451    7099.9679119 19827228.1219832  200956.3819966 7220840.3724101    7112.2345023 4419403.8788199    7442.8245493 16646693.1786495  192244.6399472 2149871.1282645  525591.5383316 27876337.6710332 1007767.0927905    7897.0407161 7327506.0558190    6880.5237972  160635.0022072    7054.6951673       0.0000000   20990.0626297  229140.7312875    7373.6825138  200799.7014395   16493.5287894  118302.4337971 13342348.1798611 6720411.7650715 1362103.9553155    5627.2733266 10039492.9425783  631326.0977628 4809113.8836795  525452.4497563 5936861.5649475 18695151.1690502  132516.7495457 14481843.1895811   30385.3504845    5344.3012817 6717963.8435137   57942.1744486
 321052.3885036   28109.9383364   28087.5461737   28072.6989732   30872.4383515  180320.9229773 4417626.6234249  142405.6156203   33912.6453902   28089.8699108 19825937.6233686  202731.9920002 7208388.9297088   28102.2957628 4419469.2755799   28184.8448649 16625703.1160205  171254.5913701 2148244.5015171  526276.3714495 27855350.7810835 1008111.4032108   28306.7449370 7306516.0003923   27870.5677515  162902.3539747   28043.2780679   20990.0626297       0.0000000  227414.7155448   28166.2973601  179810.5669613   31793.1679307   97410.8855831 13321358.1486228 6699421.7102369 1362356.9669125   26617.2672920 10018502.8866514  613995.4193551 4788125.4592358  504462.3887931 5936905.1070164 18695150.0584429  114380.7867631 14481850.5942365   38887.0716564   26333.5741784 6696973.8948807   63989.2619672
  98804.7939308  229855.0680859  230144.4881435  229530.6255664  214497.3738176   59532.9532302 4190422.2109716   94842.1252529  208359.4785759  230100.7164389 19598592.4625189   44527.5486734 7021535.9133485  230152.2010650 4192264.8914671  227978.3113317 16618982.7734156  279491.4252890 1920997.3501382  300441.4880653 27844049.0361741  781283.0324811  226755.9915496 7301965.9879088  230102.4860335   75982.9761406  229982.9335590  229140.7312875  227414.7155448       0.0000000  228219.1813367  283303.5761253  215469.9790454  234268.0573282 13314627.9752908 6695200.1185991 1135372.5212975  229896.2517530 10012988.0027342  510613.2199670 4782401.4831913  545670.5621603 5709681.8471551 18467892.1358104  187248.4514155 14254598.1236598  199795.6866182  229782.5534377 6691806.7470362  173599.8117672
 318062.3807266    1655.2814682    1951.7030979    1333.8823970   13742.1609945  176515.1461919 4415599.5747162  137666.2176832   19893.2798814    1907.0006125 19825711.7245205  198887.1110242 7223488.4092428    1957.1310706 4417442.0969768     244.0726059 16653801.1122108  199360.0274233 2148513.0859539  523587.2406329 27883410.3737221 1005787.3359850    1482.0270086 7334615.7387525    1957.0050254  158521.1329611    1796.0728427    7373.6825138   28166.2973601  228219.1813367       0.0000000  207899.6255958   12923.4455570  125237.0329887 13349452.7255011 6727521.5364615 1360129.3499120    2433.2497322 10046602.4985225  636165.1802597 4816197.1076939  532563.1094234 5934901.4085414 18693194.6549899  137976.4815432 14479885.3457755   28442.3569891    2563.3045289 6725065.4424360   55547.1565391
 378855.2876704  207915.2169353  207896.8210909  207870.5715099  206891.2331225  271099.3597034 4420484.8061994  249351.9297242  206789.1575737  207898.7153360 19814006.2004150  287451.6155201 7101915.5695241  207911.6182985 4422326.5263459  207900.4684905 16445901.5407215    8691.4798737 2140914.3667090  563351.6423100 27675545.2442452 1027004.6580639  207904.7152231 7126716.1198789  207679.7789029  261444.7223989  207850.7811593  200799.7014395  179810.5669613  283303.5761253  207899.6255958       0.0000000  208307.0322619   83391.0166660 13141553.7201084 6519621.9210360 1375921.2471979  206426.4023428 9838702.8753072  476409.9983875 4608315.5156214  324664.5123240 5938531.7729912 18694319.2686483  103010.5995747 14481373.7003508  206288.8188428  206141.9395174 6517167.3974369  215199.8708652
 305139.2592512   14578.7013727   14875.1215301   14256.9646119    1642.8280308  163592.7957334 4402676.1308119  124742.7734886    7167.0194305   14830.4286706 19812813.1610884  185963.7016208 7213101.9467380   14880.5735741 4404518.6530338   12679.3736627 16653802.9937396  199887.0345102 2135637.0717185  510663.7965904 27883184.9637298  992863.8935822   11441.4188543 7334636.4962282   14868.8699328  145597.6887790   14718.7586689   16493.5287894   31793.1679307  215469.9790454   12923.4455570  208307.0322619       0.0000000  125029.4395619 13349433.7933542 6727544.0612453 1347205.9059908   14927.5089499 10046618.8785168  629158.5533324 4816054.0758036  532757.7492685 5921977.9647496 18680271.2119652  132866.4439794 14466961.9017973   15704.4390323   14887.1426269 6725034.3836441   42623.7119220
 333028.0331337  125369.6383557  125373.1753366  125301.7009449  123592.6536615  208082.9949681 4408835.5294815  179690.5943329  123401.2314805  125371.7476521 19809898.0960787  227501.3647342 7143016.7928353  125388.3270246 4410678.0567272  125221.3418346 16528851.0540905   75092.0054018 2133002.9819284  529994.2695680 27758330.7054691 1005025.5688941  125144.6208844 7209676.8360814  125156.2825341  195217.4169147  125315.7084917  118302.4337971   97410.8855831  234268.0573282  125237.0329887   83391.0166660  125029.4395619       0.0000000 13224488.8474954 6602583.6009932 1357357.9252209  123906.2491814 9921661.3317979  530685.4157448 4691156.5420805  407734.1036466 5927681.3674242 18685062.4355808   51541.5567555 14471891.2179525  122982.2650038  123617.3913443 6600092.3965447  133506.5430423
13350415.6130025 13349465.8419489 13349445.6325999 13349422.6927407 13347966.4791954 13348063.4989181 14050484.0922167 13349834.0787562 13347360.1713365 13349447.8269023 23182254.4844353 13350091.7424387 10742767.8387046 13349460.3930974 14051083.9256068 13349452.8358449 3304446.3597237 13150103.5793592 13334813.1279508 13358446.8676180 14537123.9368709 13384637.4092300 13349449.0233694 6014895.1929239 13349228.6366991 13350014.8766262 13349400.6000886 13342348.1798611 13321358.1486228 13314627.9752908 13349452.7255011 13141553.7201084 13349433.7933542 13224488.8474954       0.0000000 6621981.7815030 13415248.0579306 13347975.3036785 3302984.6670276 12821926.9917869 8533667.8195796 12816896.2194858 14595868.8377671 22942501.3905850 13225227.3782193 19670548.7746302 13345864.0225056 13347691.3050132 6624400.8532032 13349441.4725586
6733080.4928141 6727530.2327158 6727509.2530893 6727487.9268685 6726079.4997156 6727763.1596811 8048201.6460696 6728977.4647553 6725497.4710311 6727511.5631106 20542317.6464213 6730161.6052432 6301360.8834843 6727523.9995016 8049235.0828139 6727522.3156702 9926285.5034253 6528167.5024053 6887027.3129612 6748024.4254935 21157399.0334842 6802378.1849029 6727521.9633710  607094.3354976 6727292.2774311 6729442.8413150 6727464.6262469 6720411.7650715 6699421.7102369 6695200.1185991 6727521.5364615 6519621.9210360 6727544.0612453 6602583.6009932 6621981.7815030       0.0000000 6864011.4577412 6726038.9762308 3319081.2167624 6206085.0361661 1912798.8982644 6194959.7613026 8972368.2313410 19867925.7439838 6603598.4006026 15968181.1892939 6724039.3094709 6725755.1628471   27999.0564445 6727775.7546185
1042075.5667674 1361784.6071652 1362081.0160692 1361462.8153382 1346465.7323708 1183628.8858355 3055470.2248219 1222463.1325391 1340344.4673523 1362036.3258567 18468346.7898748 1161242.6106282 6182582.1845327 1362086.4790817 3057312.7470676 1359885.2783275 16708242.7675790 1376223.5886227  801636.7542061  836542.1094971 27891862.7102205  354342.0861440 1358647.3229114 7459961.0078471 1362072.9306382 1201608.2172597 1361924.5304994 1362103.9553155 1362356.9669125 1135372.5212975 1360129.3499120 1375921.2471979 1347205.9059908 1357357.9252209 13415248.0579306 6864011.4577412       0.0000000 1362059.7965045 10138419.5037508 1141617.3043398 4987641.8087153 1461880.7432866 4574772.0590314 17333065.3165478 1305979.1407491 13119755.9958969 1331914.0609634 1361988.2885556 6856074.2041544 1304582.1941771
 319985.9319350    1516.2847113    1470.4416858    1566.7848871   15594.0651348  178433.1625354 4417529.4571257  139603.8203582   21723.7533191    1472.7613553 19827546.6086548  200819.5959502 7224160.0067605    1485.2774768 4419371.9881005    2631.4082472 16652320.3652003  197871.7922004 2150310.6346550  525519.0045784 27881963.4636113 1007717.7799975    3719.7055666 7333133.2660926    1253.3784308  160457.7056813    1431.9761717    5627.2733266   26617.2672920  229896.2517530    2433.2497322  206426.4023428   14927.5089499  123906.2491814 13347975.3036785 6726038.9762308 1362059.7965045       0.0000000 10045120.1520660  635992.4384681 4814740.2434982  531079.6244153 5936831.2019782 18695124.1684116  137502.7919562 14481815.0715507   30220.4372293     292.7660456 6723590.8964770   57496.1457474
10049629.0681456 10046611.3893021 10046590.4303056 10046569.0561737 10045153.7137697 10046051.1666218 10974621.8773042 10047571.4262953 10044565.6847043 10046592.7374927 21668901.1684502 10048240.2549016 8178091.4714187 10046605.1770576 10975387.6052444 10046603.2376656 6607208.1246536 9847248.6528686 10094206.1450343 10060313.2758589 17839437.0540954 10096752.8339732 10046602.6371021 2711986.8981105 10046373.4541413 10047881.9203815 10046545.7931094 10039492.9425783 10018502.8866514 10012988.0027342 10046602.4985225 9838702.8753072 10046618.8785168 9921661.3317979 3302984.6670276 3319081.2167624 10138419.5037508 10045120.1520660       0.0000000 9521667.5263971 5231191.0917357 9514040.8846097 11669167.2274577 21221903.3367291 9922578.2391237 17624959.2531302 10043096.2344604 10044836.3340000 3321698.8409027 10046772.1750777
 530305.7385626  637084.1379303  637230.1810459  636871.3928227  627523.4658223  556909.9351998 4100442.9101648  572166.2575076  623757.8111712  637207.4443287 19450614.0548228  552059.3285727 6630063.1081495  637245.4932743 4102273.3065155  636031.6234919 16125920.0019180  483404.0794534 1824741.9283528  559132.7560241 27347850.0995332  844150.9283694  635351.5074194 6812278.0818275  637044.7796584  564769.3319247  637106.6098915  631326.0977628  613995.4193551  510613.2199670  636165.1802597  476409.9983875  629158.5533324  530685.4157448 12821926.9917869 6206085.0361661 1141617.3043398  635992.4384681 9521667.5263971       0.0000000 4294029.3094303  351030.2478078 5610378.6334849 18351088.3457477  499710.3484508 14140143.6282853  618064.5130879  635716.2394948 6202064.8385318  607410.8692975
4820544.7228750 4816227.7193170 4816210.6831466 4816181.1438735 4814580.3911366 4815029.4187419 6491841.1868321 4816396.1438093 4813923.6400459 4816212.3983464 20051171.5768034 4817380.6532184 5771507.1419464 4816225.5009473 6493096.4172840 4816194.6689201 11838105.5135517 4616882.1972008 5078383.5161989 4837861.3940467 23067293.9587041 4907180.1221147 4816178.0491420 2519628.2539191 4815993.6188758 4816768.6869727 4816163.9786523 4809113.8836795 4788125.4592358 4782401.4831913 4816197.1076939 4608315.5156214 4816054.0758036 4691156.5420805 8533667.8195796 1912798.8982644 4987641.8087153 4814740.2434982 5231191.0917357 4294029.3094303       0.0000000 4283704.4461782 7594706.6204752 19242770.5425804 4691582.6120482 15200761.6178632 4812366.1487439 4814455.4991368 1909562.3359733 4815809.5674752
 619217.2243846  532570.6188376  532549.9268204  532528.1727498  531312.3791499  559442.3693322 4448881.9455973  550400.8215080  530921.4593254  532552.1837517 19801386.5322749  568608.6649275 6921387.6172772  532564.6799479 4450714.3700251  532564.4644046 16121240.7720831  333207.8844441 2170511.1233005  747753.1143849 27350962.5156800 1139134.4888203  532568.6186198 6802054.0257297  532332.9414397  556032.8860779  532505.1292290  525452.4497563  504462.3887931  545670.5621603  532563.1094234  324664.5123240  532757.7492685  407734.1036466 12816896.2194858 6194959.7613026 1461880.7432866  531079.6244153 9514040.8846097  351030.2478078 4283704.4461782       0.0000000 5960025.3928380 18702006.2468396  412932.9924689 14490972.3536766  529834.8033937  530795.7300427 6192513.7910200  535595.5253625
5616845.9418087 5936556.6659627 5936853.0744008 5936234.8729401 5921237.1484069 5758399.3840797 1519301.8363451 5797235.1913673 5915115.2590607 5936808.3842518 13906826.2760498 5736014.6181029 4294002.5654705 5936858.5377667 1517459.3161520 5934657.3369718 17675435.5304117 5939822.4063173 3798504.9890525 5411314.1684638 28402207.9059686 4929114.0904851 5933419.3815378 9435959.1721940 5936844.9695475 5776380.2761016 5936696.5870118 5936861.5649475 5936905.1070164 5709681.8471551 5934901.4085414 5938531.7729912 5921977.9647496 5927681.3674242 14595868.8377671 8972368.2313410 4574772.0590314 5936831.2019782 11669167.2274577 5610378.6334849 7594706.6204752 5960025.3928380       0.0000000 12758293.2932111 5876141.0305651 8544983.9411827 5906682.3805258 5936759.4271250 8952057.9822027 5879354.2529931
18375138.7174825 18694849.9133231 18695146.3195801 18694528.1158543 18679530.1206084 18516692.1406404 14277595.1224560 18555528.4397760 18673408.0472422 18695101.6296739 1637113.3870386 18494307.8214215 13578780.9854194 18695151.7844831 14275752.6044794 18692950.5834954 25024868.5781086 18695811.5430887 16553406.0380947 18169607.4202315 33284287.5962875 17687407.3214890 18691712.6279817 20081318.9713192 18695138.1892205 18534673.5247270 18694989.8273882 18695151.1690502 18695150.0584429 18467892.1358104 18693194.6549899 18694319.2686483 18680271.2119652 18685062.4355808 22942501.3905850 19867925.7439838 17333065.3165478 18695124.1684116 21221903.3367291 18351088.3457477 19242770.5425804 18702006.2468396 12758293.2932111       0.0000000 18633522.3897758 4213309.8666100 18664974.5298230 18695052.3111352 19840838.2394613 18637647.5008211
 285448.7550506  138713.1571730  138826.5436879  138532.3211595  131232.8061213  168707.6198828 4357299.1795821  146465.9072184  128625.9296763  138808.6507562 19758481.2299106  186039.7426597 7101653.8284202  138842.1772648 4359141.7024693  137871.0314921 16529651.7130489   97194.2451205 2081506.0122979  479874.5131719 27758185.7239393  953813.7402257  137337.5944586 7210666.0719715  138628.8339831  158504.9486946  138716.7574109  132516.7495457  114380.7867631  187248.4514155  137976.4815432  103010.5995747  132866.4439794   51541.5567555 13225227.3782193 6603598.4006026 1305979.1407491  137502.7919562 9922578.2391237  499710.3484508 4691582.6120482  412932.9924689 5876141.0305651 18633522.3897758       0.0000000 14420350.4629822  124797.1042855  137217.0868229 6600889.5798516  124305.1998354
14161829.7140542 14481540.6029422 14481837.0119649 14481218.8110540 14466221.0203377 14303383.1483843 10064285.7714388 14342219.1283179 14460099.0424312 14481792.3217536 5446563.6640772 14280998.5589626 9674373.4522145 14481842.4749245 10062443.2488774 14479641.2741861 22060393.7682288 14482837.7060750 12340466.5564514 13956298.1052118 31184633.4942977 13474098.0314285 14478403.3187760 16233076.1671826 14481828.9105912 14321364.2130310 14481680.5256738 14481843.1895811 14481850.5942365 14254598.1236598 14479885.3457755 14481373.7003508 14466961.9017973 14471891.2179525 19670548.7746302 15968181.1892939 13119755.9958969 14481815.0715507 17624959.2531302 14140143.6282853 15200761.6178632 14490972.3536766 8544983.9411827 4213309.8666100 14420350.4629822       0.0000000 14451665.7870590 14481743.2588313 15941837.3272248 14424338.1899499
 289839.6692709   30086.4421925   30378.3412758   29761.9029731   14704.8404024  148289.2040743 4387380.9769261  109504.0227997    8564.2797942   30334.2250406 19797326.9112633  170696.6619269 7198695.2224865   30385.4875335 4389223.5198434   28200.2986734 16650254.6520051  198058.9071075 2120093.9875434  495380.0231016 27879362.8945863  977573.0555029   26972.5290788 7331126.9910488   30345.7847284  130349.7017297   30217.7337995   30385.3504845   38887.0716564  199795.6866182   28442.3569891  206288.8188428   15704.4390323  122982.2650038 13345864.0225056 6724039.3094709 1331914.0609634   30220.4372293 10043096.2344604  618064.5130879 4812366.1487439  529834.8033937 5906682.3805258 18664974.5298230  124797.1042855 14451665.7870590       0.0000000   30130.6306262 6721466.1854095   27557.8749914
 319913.7105216    1786.5831054    1756.6001715    1810.3344115   15525.2250223  178360.5216137 4417457.7138296  139535.2994827   21646.2354663    1757.0888187 19827457.4669704  200749.5445596 7223933.6363859    1771.6235575 4419300.2464494    2745.8085547 16652036.4903361  197587.8647850 2150215.1970830  525448.0421133 27881678.3867331 1007646.3362889    3777.9612611 7332849.4502690    1539.5054928  160388.7529015    1710.6090912    5344.3012817   26333.5741784  229782.5534377    2563.3045289  206141.9395174   14887.1426269  123617.3913443 13347691.3050132 6725755.1628471 1361988.2885556     292.7660456 10044836.3340000  635716.2394948 4814455.4991368  530795.7300427 5936759.4271250 18695052.3111352  137217.0868229 14481743.2588313   30130.6306262       0.0000000 6723306.7875385   57432.3961248
6729309.2754326 6725081.0023336 6725061.2519959 6725037.3624770 6723566.7487233 6724576.0334080 8030830.3554057 6725951.1410347 6722959.3316849 6725063.3766813 20514780.8154209 6726882.1612080 6274678.0314691 6725076.0209345 8031859.6218141 6725065.2095800 9928790.6330171 6525719.6818312 6876017.7627604 6743410.8988523 21159252.3704988 6795823.2018846 6725059.7240681  610226.5314936 6724844.2446024 6726330.2649801 6725015.9766342 6717963.8435137 6696973.8948807 6691806.7470362 6725065.4424360 6517167.3974369 6725034.3836441 6600092.3965447 6624400.8532032   27999.0564445 6856074.2041544 6723590.8964770 3321698.8409027 6202064.8385318 1909562.3359733 6192513.7910200 8952057.9822027 19840838.2394613 6600889.5798516 15941837.3272248 6721466.1854095 6723306.7875385       0.0000000 6725089.4185987
