      0.0000000      59.0363632      68.3673944      44.0112356      18.2634369       3.5172153      26.4734799      39.2811269      16.1634912      59.0968549      45.6854247      10.7315492      49.1317058      75.7850693      29.3274963      43.7132244      57.2334037      48.9301079      29.2717696      39.9847230      57.2516435      15.2997787      41.5555725      65.0942565      60.4279716      39.9813544      49.9008545      67.1115575      59.4719518      17.3506718      43.9122612      41.3114437      41.0795614      32.1092560      54.4267650      75.9130617      29.1072632      55.5307361      63.1978227      33.3838312      47.6195878      49.9459947      22.9038419      24.4765976      26.5424568      37.9324780      14.5695815      48.3379181      50.7984637      42.6811009      21.3353975      59.3038611      50.0986291      45.2426999      38.9532486      63.2438254      51.6109037      35.2776197      39.3138714      66.4839593      79.9696959      61.3093218      47.8742239      18.2357014      52.9495584      30.1012331      71.6302495      62.0215592      51.2539859      44.7323220      60.0237484      69.7353408      71.7143675      19.1453247      72.2009782      42.4314909      53.8652042      16.6364576      26.1561991      56.7283096      28.7606991      23.0191891      74.8445479      41.8515537      24.2448758      28.6203512      37.7098842      13.6241432      52.0580434      49.5630665      55.2714115      73.4952911      17.8004189      23.7761211      23.1087970      67.2177737      32.2243307      53.4484141      63.1367749      30.3648731
     59.0363632       0.0000000      25.6127322      19.1099309      46.1799134      56.7653559      61.0968229      36.9143821      48.9659979      17.4758436     104.1378963      50.0255201     105.7660666      27.6637437      60.0300435      15.4133478      98.5198959      69.1888344      86.8597976      44.8180374     108.4613849      56.1873507      17.8381613      90.8522961      33.5317012      37.6994882      21.4688766      55.0924506      59.4720365      71.0699291      15.1430053      70.3237109      23.8822106      69.6887210      98.6319219      91.8208308      52.3880102      42.0498498      92.8506433      86.1997367      93.9833373      75.2270660      65.2000969      78.8720678      73.6203567      65.7230690      52.7755165      41.3215588      94.3142127      31.4824404      39.6388381      88.7529634      96.3476512      62.7301332      97.9893876      23.8645828     101.2491906      45.7895370      97.6429918      73.3355760      27.6828133       6.2804606      89.1842414      77.2502409      12.6200206      88.7817600      62.8572927      80.3517342      81.1510466      97.1259146      58.0337200      19.0613475      19.9841714      46.8542178      63.0178984      66.8815405      57.6556143      50.8455399      34.0593155     111.2291798      30.6790278      81.3364464      32.4137882      19.6844381      66.2215249      75.6063139      58.4829970      70.6872386      67.0163656       9.4738757      63.6312270      78.8713218      56.5802327      38.8623318      81.4023678      35.3746309      87.2300746     110.4702615       6.9364653      89.3573912
     68.3673944      25.6127322       0.0000000      25.6285075      51.1711365      65.2480323      78.7894192      59.0323499      53.9147648      10.5954487     109.3134145      62.2703094     108.4434761       8.1532177      78.6142619      33.2313876      92.3182513      58.9037467      91.7777102      67.0233014     106.7356687      70.9647021      35.8209659      78.7979342      14.5969240      60.0172141      18.4957939      34.7013085      43.0808896      75.1537731      32.4769683      63.5213085      45.3998065      66.7740978      93.8507725      75.7991078      71.5091811      26.1328528      82.1472976      87.5447389      90.8196898      65.6402531      81.2933038      91.6737877      73.9718178      85.7748154      57.2843173      29.8755268      89.6754354      54.4173435      47.0469028      78.5229121      92.8596520      84.7276822     105.5976307       5.1588349      99.1432993      66.8023602     102.8899503      56.5670885      14.3074520      19.4182901      84.1494239      85.2600850      18.8204831      98.0970989      42.0777409      66.8829754      72.3460079      97.0836216      41.1853984       9.1554111      10.3321587      62.5652098      42.0597347      87.8127741      43.5708824      65.9985335      49.1436673     111.6700160      41.2083777      87.5534101       7.4441936      40.1409022      66.2021417      91.2370565      51.9913534      76.7968098      55.0242135      28.9154226      49.7128864      60.6548712      72.1409874      54.9109887      91.4234417      11.9488700      89.9049720     113.3224001      19.4441917      97.7147811
     44.0112356      19.1099309      25.6285075       0.0000000      28.5764224      41.1857344      53.2867337      36.1669637      31.4333608      15.4429868      87.4841341      36.9343312      88.1889673      32.2785644      53.2835140      11.5914174      79.4107849      50.6508796      69.9589376      43.8066719      89.7919204      45.3604213      13.1782704      72.4200746      23.8242378      37.2727051       8.3939154      42.2605932      43.5852708      53.6564533      10.8328841      51.2752094      23.4109379      50.6666791      79.5706944      74.6720842      46.4214338      27.7797378      74.1251649      68.0772610      75.0479150      56.4692086      55.6649285      66.4822607      55.1318886      60.8147973      35.1740852      24.6999587      75.2527921      32.7703860      22.9454044      69.9779855      77.3856310      60.8244373      82.4288827      20.8889275      82.4862469      42.7179580      80.9723624      56.9975442      36.0092470      18.6600465      70.0939646      61.7130581       9.0888367      74.0958303      49.7317760      62.4603259      62.2284322      78.7376399      42.4982738      25.7363202      27.7050459      36.9539923      50.0361990      63.2132553      40.7482535      40.3707525      23.5976411      93.0348898      15.7599268      64.9451196      32.8309748      18.2569250      47.5727775      65.6283528      39.5001593      54.1125085      48.9658667      12.2407094      46.3663602      63.1483573      46.5126978      29.3987700      67.0856738      29.0018255      69.5118750      92.9796110      20.5074144      74.1285726
     18.2634369      46.1799134      51.1711365      28.5764224       0.0000000      14.8110574      39.0012964      39.2139546       2.8578344      42.6401052      58.9593389      17.4671580      59.7179561      58.9010526      40.8218575      32.0796373      56.1150515      37.0071726      41.4063282      43.3481083      62.8014187      27.6156955      30.7300542      56.7531708      42.3068608      40.2537469      33.0080468      49.4624997      43.0332655      25.0944441      31.9775018      32.2675862      34.6826310      26.8097074      54.9903334      64.6338829      37.2067160      37.3463644      56.4080276      40.0480237      49.3882858      40.1881696      37.8928616      42.7173312      27.9256085      49.8184755       6.6259850      30.2003836      50.7810178      40.1609594       7.1101622      52.1776885      51.8703902      54.5622952      54.4738459      46.0125066      55.8637704      39.5401865      52.4540054      52.0500091      63.6245801      47.0512034      46.3260475      34.1015886      37.6453050      47.0413072      54.5489230      50.6603108      43.7223955      51.1145045      43.2812135      53.6424939      55.6861756      24.4124675      55.0910994      53.7650672      37.6737324      25.0783079      20.5783444      65.0761000      16.3257560      36.6071353      57.2921225      33.0931688      21.1703354      45.6754511      24.2195766      25.7723226      38.6338023      37.1020752      40.2829688      59.1418760      29.8901623      22.6878009      40.6630508      49.1331750      41.0978542      64.4780244      48.9122323      46.5476626
      3.5172153      56.7653559      65.2480323      41.1857344      14.8110574       0.0000000      28.8658715      39.2084538      12.6543783      56.1264306      47.5071848      10.6008576      50.2861731      72.7451213      31.5280410      41.5569870      55.9743517      45.9387365      30.6226914      40.6129342      57.3133688      17.3436315      39.5170490      62.6791895      57.0533055      39.9878519      46.8197718      63.5988899      56.0333509      17.0731188      41.7049115      38.6265392      39.8291782      29.8063190      53.4584034      73.1082190      30.5417953      52.0310430      61.0129617      33.4115414      46.8174780      47.2407244      25.8187898      27.9762044      25.2372462      40.3146896      11.1158430      44.8328906      49.6866476      42.1853029      18.3249717      57.0442232      49.3235078      47.1542466      41.3800311      60.1109556      51.3531949      36.0111649      41.0564316      63.2550579      77.0547984      58.7811069      46.4503704      20.6024542      50.1898990      32.9565879      68.1495326      59.1625569      48.8770893      44.8638422      56.5618032      66.8607531      68.8566416      19.5467791      68.7184673      44.7345444      50.4406490      17.6861220      24.6693755      57.4043787      26.2332383      24.6925902      71.6427724      40.1836244      22.0365639      32.0030166      34.4745290      14.4820039      48.9051360      47.3096409      51.9603838      70.2873847      19.8824798      23.0350892      26.1778109      63.8580523      32.7622585      54.7391672      60.6213040      32.9587829
     26.4734799      61.0968229      78.7894192      53.2867337      39.0012964      28.8658715       0.0000000      27.2892624      38.3849197      68.3027124      60.3067571      21.5394050      67.2139194      84.7516617       3.4621839      46.9165565      82.8649336      74.4381481      48.4006675      22.5907380      79.5100429      11.6905750      44.1972132      91.5129398      75.2714877      27.1973974      61.2612806      87.3303525      81.9501154      42.4174507      47.5164264      67.4750009      37.5479840      58.5602469      79.5499566     101.8372374       9.6177369      73.8489794      89.6706893      56.7141443      72.4972353      76.0739358       6.7843860      23.9864934      52.5759666      11.4634869      38.7411050      67.2669585      76.2352802      32.9760412      37.1717232      85.7735808      74.8754983      19.5487540      50.0837644      74.1677170      75.0374551      18.4967769      55.1256122      90.8519145      87.1671650      65.5997704      73.8169858      35.0233789      60.4289958      39.2126671      93.0503510      87.8430872      77.6879846      67.1981402      82.0863948      77.0452527      78.7037744      16.6491053      93.5633296      15.9686320      76.6568800      14.2569634      29.6895643      76.6206853      38.5974110      41.8398771      86.0861598      41.4194409      50.7100337      15.7983135      62.3558475      37.1067087      76.9436602      52.6473353      79.1832659      97.9438696       9.2210460      23.8910751      32.3604097      81.4285335      54.1086011      70.5422341      67.1350474      41.8377187
     39.2811269      36.9143821      59.0323499      36.1669637      39.2139546      39.2084538      27.2892624       0.0000000      40.5622583      48.5693844      82.8711239      28.6870308      87.8089977      63.4039681      25.1831018      25.9259650      94.0577352      75.3350622      67.9248327       8.0194705      96.4607840      27.9559992      23.5139625      95.8407970      59.9896678       1.1591134      44.4865671      77.2196075      75.7110414      56.2680841      26.7140220      71.4555403      13.6449992      65.5147750      92.1037612     102.5418170      17.6825378      62.6301511      95.6218671      72.5552655      85.7196754      79.1794378      33.1118393      49.7210783      63.7921043      29.2377534      43.2441124      57.6923438      88.1322744       5.8688974      33.1845137      91.3897517      88.2405873      25.9227889      73.9647914      55.2679034      90.5591323       9.3355094      76.9136353      87.5428084      64.4300264      42.4257438      84.2981682      55.2734373      40.3076311      63.3448209      84.2403735      88.8430236      82.9352868      83.9660530      75.1567852      55.0086752      56.3234978      20.2828968      84.6299096      30.0139048      71.4578344      23.6598010      19.0206245      95.8988602      27.6335726      61.3403193      66.4610880      18.8994081      58.7792066      43.0469457      62.4009879      52.8886363      75.9232857      30.2897709      75.8070862      94.3870418      26.8864716      16.8916885      55.8550955      64.8907660      71.4950142      91.8443550      43.6312351      65.1897931
     16.1634912      48.9659979      53.9147648      31.4333608       2.8578344      12.6543783      38.3849197      40.5622583       0.0000000      45.4650914      56.1048189      16.9259877      56.8857241      61.6780091      40.4096006      34.7365871      54.1186983      36.6774651      38.5495971      44.2570907      60.2144233      26.8146227      33.3048511      55.8239795      44.7803924      41.5679586      35.8100289      51.0755766      44.0797379      22.2451305      34.6590946      31.2514220      36.8057807      25.0351244      52.8025724      64.3204932      37.3031149      39.3825057      55.2084066      37.3120810      47.0510266      39.4114878      36.7996412      40.6293424      25.4072854      49.4232779       3.8096189      32.1793474      48.6305790      41.8536655       9.6019705      51.0089169      49.5468971      54.6482101      51.6963803      48.7560608      53.3482803      40.2659465      49.6004110      52.4676218      66.4439677      49.8961586      44.3168314      31.4081301      40.5030562      44.4095241      55.8840710      50.3021748      42.5590128      48.4390396      44.4505471      56.4798547      58.5254049      24.6002134      56.4396500      53.4972989      38.6064852      24.7978704      22.3030371      62.3312238      18.8959317      33.7823411      59.9658207      35.4737936      18.9297597      44.1389995      24.1384572      22.9557772      38.6999658      39.8436949      40.8145113      59.5602320      29.1879463      23.7995741      38.1536166      51.6236460      38.2817669      61.6393317      51.7573485      43.8342868
     59.0968549      17.4758436      10.5954487      15.4429868      42.6401052      56.1264306      68.3027124      48.5693844      45.4650914       0.0000000     101.4504194      52.3637669     101.3320639      16.8400333      68.0678118      22.6934147      88.3503387      56.3850596      83.8691555      56.5384263     101.1177022      60.7541946      25.2541079      77.4123418      16.2349199      49.5732848       9.8102785      37.9843551      43.6762484      67.3192041      21.9281415      59.4659780      34.9690749      61.1808814      89.3110506      76.5419794      60.9290812      25.9365528      80.1224003      80.7027628      85.6177145      62.8901983      70.9707254      81.8939407      67.3066226      75.1825139      49.0331423      27.0564565      85.0421373      44.1030849      37.8027092      76.2356240      87.8007162      74.1868306      97.0472061       6.8832057      93.6115733      56.2303569      94.9674935      57.5890056      20.9924355      12.1969500      79.6228502      76.4688001       8.2687382      89.0819795      45.7323277      66.1166046      69.3196777      90.7951630      42.0397699      11.1207445      13.1886513      52.1909035      45.8546422      77.2211259      42.7745032      55.7086509      38.7189805     105.3156268      31.1948961      79.2461384      18.0273223      29.6707920      59.5447696      81.0082560      47.5577696      68.4123130      53.3050371      18.7247874      48.9479469      62.6342296      61.8393658      44.4535863      82.2055971      18.0465819      82.6563377     106.1844229      13.1532249      88.9281658
     45.6854247     104.1378963     109.3134145      87.4841341      58.9593389      47.5071848      60.3067571      82.8711239      56.1048189     101.4504194       0.0000000      56.0020957      10.5580060     117.2882034      63.7317904      89.0359491      46.2604930      66.1762337      17.5812867      81.2288734      28.9534177      55.0224804      87.0238503      68.3213711      98.2736994      83.3257706      91.6987704      96.5726253      85.2218430      34.1760795      89.1583175      56.4195299      86.6387287      47.3605186      40.7912681      83.7105344      68.0749188      89.8400721      63.3311968      24.7355813      35.4341979      62.1362268      53.5728044      37.2669086      37.2773424      68.6255399      52.4484074      82.9966801      40.7711857      87.1714527      64.7634927      61.6903249      36.1352773      78.5882916      11.3626864     104.1950959      30.1771744      76.4939565       6.5138582      84.8693308     122.3604747     105.7363478      43.3503268      27.8208188      96.5700269      21.4989437      97.9403013      73.5287310      58.0435784      22.9883381      86.6997217     112.5208766     114.5752147      62.9149914      98.5630500      72.8770955      79.9562282      59.2566114      71.8401012      20.8326874      73.4675274      22.8218569     114.7422328      87.5327791      44.4213567      48.3810522      62.8272489      33.4805508      71.5531491      94.7192606      77.7140279      90.3001158      56.4622489      69.0605300      27.9473098     105.0236307      20.6790803      11.3053917     107.5942228      18.4970124
     10.7315492      50.0255201      62.2703094      36.9343312      17.4671580      10.6008576      21.5394050      28.6870308      16.9259877      52.3637669      56.0020957       0.0000000      59.8204311      69.2037766      23.4836535      34.6144240      66.3827271      53.4050680      39.9294905      30.0746652      67.7741444      10.2412386      32.2379979      71.6377937      56.2878721      29.4366354      43.8748396      66.3330258      60.4676707      27.5981547      34.9272384      47.1705860      30.6408190      39.2736696      63.9971154      80.9895015      20.8730128      53.3661152      70.4144169      43.8682376      57.4001980      55.6203610      20.8158755      29.5659050      35.7071817      32.4973401      17.7791144      46.5042575      60.1766980      31.9523679      16.5792482      66.3352988      59.9093395      38.0513928      48.5294562      57.2832487      61.9187605      25.5353389      49.7213585      69.3661844      72.7923628      52.9440847      56.7745840      28.2354166      45.4422348      38.8647389      71.7737554      66.9606613      58.0015551      55.2840295      60.6587333      62.4726133      64.3674353       9.0116545      72.3009560      36.5920208      55.1370787       7.9909963      16.1974346      67.4529629      21.1746887      33.5614469      69.1713856      31.8859346      31.7865753      29.6319710      41.0346378      24.3367875      55.6123382      40.6067410      57.6635715      76.4604698      12.4344350      13.1118031      31.4124765      62.8364160      42.9137137      64.0884797      54.7185241      39.7385727
     49.1317058     105.7660666     108.4434761      88.1889673      59.7179561      50.2861731      67.2139194      87.8089977      56.8857241     101.3320639      10.5580060      59.8204311       0.0000000     116.5416593      70.6750530      91.0797007      37.0516102      60.7775548      19.9136278      87.0176121      18.4648059      60.5181362      89.2935539      60.1854843      96.4907187      88.3767063      91.5217856      92.5081086      80.6653410      34.6962337      91.1092568      51.3741642      90.0926747      43.5180242      31.5511976      75.7613683      74.2254545      87.2338604      54.9224964      21.0234349      27.1022737      55.9941471      60.6462610      45.3766230      34.6160492      76.3617988      53.0919834      80.7261607      32.2060138      91.6526138      66.1294704      53.7421814      27.3144751      86.1272486      21.2032979     103.4140551      20.5619651      82.2247677      12.5765662      78.7780021     121.9720767     106.7549088      35.6151605      32.7810811      97.1892029      30.0148447      93.0997359      66.5955301      51.1460453      14.8043522      82.2975657     112.4527295     114.5207139      67.5551036      93.7173768      80.7690639      75.6938685      64.2020241      74.9553346      10.5116401      75.2233478      26.4697652     113.3688803      90.3828107      42.3141470      56.6876251      59.3862244      35.8041898      66.2887296      96.5044981      72.7526603      83.7248764      62.2591872      72.9058794      35.3013121     103.0793749      18.6978646       4.8824287     108.6149842      26.5251156
     75.7850693      27.6637437       8.1532177      32.2785644      58.9010526      72.7451213      84.7516617      63.4039681      61.6780091      16.8400333     117.2882034      69.2037766     116.5416593       0.0000000      84.3360482      38.2284362     100.2997576      66.6840890      99.7338067      71.4216128     114.8792051      77.5253470      40.9242832      86.1996056      22.2207426      64.3142993      25.9464940      40.6780650      50.0785813      83.1149024      37.5399594      71.5564847      49.8079270      74.9246537     101.9109253      82.4254701      77.0248084      33.7180516      89.7245085      95.6628375      98.9444067      73.4454542      87.6551244      98.7299136      82.0983485      91.0918838      65.1161010      37.8921909      97.7494886      58.3901315      54.4534786      86.1799396     100.9727710      89.3069274     113.3726241      13.1303159     107.2844717      71.6661345     110.8484883      63.2249692       6.6417769      21.4785696      92.2158405      92.9293641      24.3296061     105.6703392      47.6423284      74.1398418      80.1896249     105.2338946      48.1157498       8.6039338       7.9520897      68.8457682      47.5411849      92.8313559      51.0213299      72.4351692      55.3424514     119.8199062      48.0343426      95.3998737       7.4612536      44.7542512      74.3251510      97.7567667      60.0890183      84.6107254      62.6331631      33.1557709      57.0921000      66.8276650      78.5503684      61.0111375      98.8852777      18.0271806      97.9794862     121.4188805      20.7843946     105.3931308
     29.3274963      60.0300435      78.6142619      53.2835140      40.8218575      31.5280410       3.4621839      25.1831018      40.4096006      68.0678118      63.7317904      23.4836535      70.6750530      84.3360482       0.0000000      46.2591378      86.0259521      76.7516611      51.8499883      19.8364707      82.9279940      14.1887372      43.5373782      94.2044185      75.7354249      24.9724892      61.4020126      88.5313713      83.5711950      45.5829219      46.8969085      70.0310854      36.2633254      61.3150620      82.7818232     104.2456679       7.7066761      74.8318889      92.4865168      60.0572786      75.7497634      78.5996537      10.1657972      27.2424466      55.6252505       9.0136872      41.0240857      68.3972987      79.4224157      30.9831268      38.4514029      88.5507963      78.1408181      16.2326756      53.4522451      74.1011005      78.4021064      16.0720154      58.5767750      92.8307631      86.5027397      64.7585024      76.9093546      38.4690243      60.0696466      42.5864422      94.4335378      90.2304564      80.4049403      70.5975935      83.6308892      76.4738914      78.0764772      17.4350623      94.9342699      13.2365642      78.3607403      15.7627539      29.7885554      80.0802032      39.0697925      45.2801996      85.9665192      40.4310387      53.4969511      18.4309836      64.5008115      40.3594798      79.0850942      51.8492602      81.0973515      99.9252744      11.6504364      23.9845907      35.7895254      81.7541807      57.5082333      73.9946026      66.2383152      45.2532382
     43.7132244      15.4133478      33.2313876      11.5914174      32.0796373      41.5569870      46.9165565      25.9259650      34.7365871      22.6934147      89.0359491      34.6144240      91.0797007      38.2284362      46.2591378       0.0000000      86.6816339      60.2849784      71.8973166      33.8636259      94.8674124      41.0742959       2.7226657      82.0217954      34.7289754      26.9557963      19.2436647      53.8389624      54.9219164      56.4523410       0.8101019      59.6093589      12.4572802      57.3172046      86.2269327      85.3558034      38.8445999      39.3710892      83.2399073      72.0186823      81.0674685      65.6578402      50.4831429      63.5905879      59.9639528      52.8636059      38.5143849      36.0354698      81.9363045      21.8051329      25.1685342      79.0178192      83.5051603      51.4984917      82.6522588      29.3453727      87.8627950      33.5916446      82.5614510      68.1248245      40.2616912      18.8399724      77.0724937      61.9454643      14.4254683      73.3764339      61.3229351      72.7048525      70.9537721      83.1750299      53.9159860      30.2217399      31.8193843      31.8458684      61.6260383      54.6805053      51.7794921      35.7570357      18.7364672      97.0078662      15.9066939      66.2145329      40.6752152       7.1121148      52.9031742      60.8303997      48.3138340      55.6750425      59.1866206       6.0234195      57.1706028      74.4292596      41.6435700      23.8159122      65.9898283      39.1583379      72.7091245      95.7195159      20.4930370      73.9904612
     57.2334037      98.5198959      92.3182513      79.4107849      56.1150515      55.9743517      82.8649336      94.0577352      54.1186983      88.3503387      46.2604930      66.3827271      37.0516102     100.2997576      86.0259521      86.6816339       0.0000000      34.3706237      40.5623148      96.4328997      21.7219696      72.4242266      85.8906870      24.4570334      78.2030843      94.9760201      79.2796208      66.9075203      54.4623008      40.4484132      86.3806434      28.9109532      90.7940179      29.4662213       5.5020151      39.9424506      86.3323488      67.0166590      18.7872161      28.2958497      11.7278269      27.7094581      77.7725974      68.3395480      30.7469156      94.0327980      50.9986544      62.4440515       6.7917168      95.8704468      63.1274171      19.0041228      10.2815185     102.2019626      53.5469234      87.9731015      16.5596056      91.9175132      44.0013271      47.7378433     106.6238382      97.2865538       9.8025457      50.9389522      87.1544252      57.3543790      64.9789258      33.8886946      20.9402374      23.3834999      56.4536118      98.7902144     100.7661450      75.3939251      65.5420038      98.6558782      51.0637922      73.6341043      76.3981645      31.3897992      71.9121684      44.9117066      95.2134521      88.9101020      35.3366641      78.5945601      40.7933204      45.8930253      39.4053834      90.6347183      46.0456557      50.9727759      74.8579204      77.1809937      58.4005896      83.7101464      32.6768166      40.1938085      99.0102125      53.7855851
     48.9301079      69.1888344      58.9037467      50.6508796      37.0071726      45.9387365      74.4381481      75.3350622      36.6774651      56.3850596      66.1762337      53.4050680      60.7775548      66.6840890      76.7516611      60.2849784      34.3706237       0.0000000      51.9137880      80.1638331      52.4771878      62.7478490      60.3352329      21.7822256      44.4638835      76.4376387      48.2841587      32.9918042      20.5806638      39.7697628      59.7721323       9.8695893      67.8699981      20.1341526      37.0578694      27.6480222      73.9803535      33.0306311      23.7828226      41.4691568      36.2774763       6.7846278      71.7545235      70.0860336      30.7497693      85.7323110      35.7281098      29.4396047      33.3739186      75.2137339      42.2072015      19.8505984      37.6442468      91.3209327      68.1807924      54.9306532      45.0928978      76.5033123      61.0664355      19.2251277      73.1626352      66.7179959      27.9543353      54.4568316      56.8865198      66.2632475      32.4425218      13.6531488      13.6056281      46.4491693      22.4633016      66.1116894      67.9928603      61.2615261      33.0531164      89.9484037      16.7076407      61.3722293      56.3145550      59.9714219      48.5906427      51.8477839      61.1955678      64.4892483      26.7390036      77.0276300      12.9421878      45.2333012       5.5432151      62.7917886      12.2313834      25.6313873      65.2380645      59.4462599      63.1819017      49.5942113      45.8700145      65.3183036      68.2765653      63.7936476
     29.2717696      86.8597976      91.7777102      69.9589376      41.4063282      30.6226914      48.4006675      67.9248327      38.5495971      83.8691555      17.5812867      39.9294905      19.9136278      99.7338067      51.8499883      71.8973166      40.5623148      51.9137880       0.0000000      67.3531919      31.4478937      40.8581113      69.9836685      58.4824306      80.9591977      68.5082697      74.1184936      80.5213579      69.7016806      16.6241198      71.9812029      42.0520600      70.3158484      32.0541796      35.7982489      73.0113354      54.7901864      72.8933236      54.3246873      12.6237481      28.8502403      48.9983415      42.1053380      28.9363744      21.4174932      58.3178679      34.8756612      65.9250167      33.9306993      71.7390186      47.3385857      51.7344612      30.6483819      67.7348117      16.2756556      86.6517818      28.2052176      62.5530101      11.1147581      71.0795333     104.7815626      88.2865600      34.2937424      13.3883900      79.0397464      16.8421503      82.5568664      61.2380976      46.2757366      19.7485303      71.0218150      94.9409329      96.9958175      47.6575674      83.1788884      62.8680522      64.2338942      44.3568142      55.2535256      28.3781561      56.1855708       6.6784192      97.2897182      70.8057512      27.7602968      39.9970392      46.6854304      16.2319015      56.9967755      77.4857899      62.7028097      77.0941425      42.7231371      53.0286726      18.5261966      87.7466237       7.9109233      24.1778033      90.1464923      13.3964389
     39.9847230      44.8180374      67.0233014      43.8066719      43.3481083      40.6129342      22.5907380       8.0194705      44.2570907      56.5384263      81.2288734      30.0746652      87.0176121      71.4216128      19.8364707      33.8636259      96.4328997      80.1638331      67.3531919       0.0000000      97.0574828      26.5060687      31.3958528     100.0533232      67.6141117       7.1316940      52.1742447      84.2320256      82.0400388      57.3235951      34.6437757      75.4983302      21.6575276      68.7039651      94.0640815     107.6471181      13.3848157      69.7076152      99.4278623      73.2921688      87.4214512      83.5332535      29.0797520      46.2636666      65.7815870      22.1455399      46.4541527      64.4415450      90.2511133      13.3890082      38.0593308      95.2456598      89.9229520      17.9309891      71.6588872      63.2069293      91.5860966       4.8007436      75.5630297      93.3966955      72.3935078      50.4032819      86.7858839      54.2373876      48.2716855      60.8426052      91.0854936      93.7831330      86.8033173      84.5258982      81.6092278      63.0177379      64.3186628      21.0722603      91.4976281      22.3670514      77.5460858      23.4122743      24.4678387      95.6630096      33.8845894      60.6810445      74.4563642      26.8824130      61.5353185      38.2510333      67.2410755      53.2681658      81.1894056      38.3085061      81.5728897     100.3375229      24.8111389      20.7188189      53.5658618      72.6729555      71.7116264      90.7921053      51.5800460      63.0666671
     57.2516435     108.4613849     106.7356687      89.7919204      62.8014187      57.3133688      79.5100429      96.4607840      60.2144233     101.1177022      28.9534177      67.7741444      18.4648059     114.8792051      82.9279940      94.8674124      21.7219696      52.4771878      31.4478937      97.0574828       0.0000000      70.9609130      93.5153918      46.1583834      93.4673570      97.1969925      91.4883702      85.4427671      73.0574238      40.2477211      94.7395793      44.5257392      96.2603642      40.0107658      16.7563417      61.6641474      85.1646587      83.0161439      40.5072988      23.9078910      16.3219104      46.4779166      73.3952524      60.1174411      34.9131142      89.6999682      56.5057413      77.3630041      19.4300080      99.4657839      69.8153871      40.4217662      14.8420614      98.9780747      38.8409521     101.9834988       7.6173392      92.2889767      29.2905329      68.2759128     120.8363618     108.3800511      24.5802662      44.6027789      98.3681371      45.9915603      84.5716441      54.8499859      40.3552853      12.5323583      74.9233243     112.0643524     114.1130969      76.3962036      85.1637398      94.2704041      68.8422442      73.6548130      81.0776295      10.0446024      79.1036195      37.7653646     110.6634874      95.5413525      42.2473708      71.3250951      55.0288846      43.7922022      57.9386722      99.6995626      64.6853246      72.1362706      73.0740422      80.2820361      49.6664462      99.5914980      25.4928539      20.0880881     110.2017546      42.2831585
     15.2997787      56.1873507      70.9647021      45.3604213      27.6156955      17.3436315      11.6905750      27.9559992      26.8146227      60.7541946      55.0224804      10.2412386      60.5181362      77.5253470      14.1887372      41.0742959      72.4242266      62.7478490      40.8581113      26.5060687      70.9609130       0.0000000      38.4643316      80.0161416      65.9291520      28.3476718      52.8234355      76.5603708      70.6481183      32.1573409      41.5349939      55.8623094      34.2532905      47.1431558      69.4401450      90.1624003      14.2324794      63.4843374      78.3343299      47.4605824      62.5194713      64.4440996      10.7124308      22.9393245      41.8056641      23.0484393      27.0543753      56.6822821      65.9190386      32.6615058      26.6260203      74.3814644      64.9636582      29.9448556      46.0167047      66.1042821      65.8673370      21.7093741      49.1961203      79.2506628      80.6329224      59.8745736      63.1380943      27.7439174      53.3496107      35.4586282      82.0123387      76.1624302      66.2200108      58.4619866      70.8690960      70.3399019      72.1440328       9.3894087      82.5404484      27.4121421      65.2783231       5.3447677      22.4629384      69.1973264      29.8285075      34.1825141      78.0559590      36.8844811      39.3433342      20.2726761      50.6927268      27.4050526      65.2771000      47.0709346      67.6280236      86.3386029       2.5390062      17.3252004      27.9310771      72.3521458      45.4943503      64.3394645      61.5590249      37.2339511
     41.5555725      17.8381613      35.8209659      13.1782704      30.7300542      39.5170490      44.1972132      23.5139625      33.3048511      25.2541079      87.0238503      32.2379979      89.2935539      40.9242832      43.5373782       2.7226657      85.8906870      60.3352329      69.9836685      31.3958528      93.5153918      38.4643316       0.0000000      82.0013507      36.7554873      24.5696053      21.2135327      55.3595706      55.8962634      54.7457034       3.3849282      59.2134721      10.2871139      56.4557886      85.2718235      85.8278119      36.1300800      40.8080585      83.0341683      70.4776449      79.9639346      65.5237832      47.8003107      61.0549828      58.6556561      50.1728003      37.0432854      37.0722664      80.9980095      19.6767107      23.7029603      78.7944889      82.4203459      48.9411826      80.4505862      31.8350766      86.5919840      30.9814100      80.5664406      68.9027529      42.9840317      21.5148201      76.2245902      59.7896982      17.0005301      71.0641654      62.7564362      72.9771432      70.6434611      81.7078732      54.9741489      32.9409409      34.5419170      29.2023572      63.0795363      52.0322176      52.5297594      33.1370902      16.2217428      95.4191366      14.4118451      64.2056992      43.2646063       5.0803749      51.7439758      58.1580054      48.1311688      53.7518624      59.4847265       8.6111847      57.7671073      75.3207693      38.9906121      21.1744149      63.6445353      41.4119590      71.0198683      93.8987144      23.1442434      71.7537506
     65.0942565      90.8522961      78.7979342      72.4200746      56.7531708      62.6791895      91.5129398      95.8407970      55.8239795      77.4123418      68.3213711      71.6377937      60.1854843      86.1996056      94.2044185      82.0217954      24.4570334      21.7822256      58.4824306     100.0533232      46.1583834      80.0161416      82.0013507       0.0000000      64.2010839      96.9083547      69.7532309      48.1277953      36.5309233      51.6622883      81.5207432      24.5795839      89.2169744      32.9984954      29.5144562      15.6225796      92.5104812      52.6771771       5.7359501      46.0273162      33.1025492      16.7065353      87.7854181      82.5486888      40.9558304     102.9742316      53.9895823      50.3647713      28.0113906      96.1774532      62.7026779       6.7566364      32.9745973     109.6046019      73.6612932      75.2699745      40.3917658      96.0870075      64.8147747      25.9834549      92.8072981      88.1564406      24.9980286      65.3709206      78.4554910      74.9115716      44.3179873      12.3827166      13.8501568      45.5739924      38.5814933      86.5985694      88.3862007      80.1379288      44.8006603     107.4130256      35.2270834      79.5852107      76.9027199      55.6614247      69.8058590      60.8219108      80.0534377      86.0436228      40.8803528      91.2460607      34.0043284      57.6162124      24.1076416      84.5724957      29.1093101      27.5409435      82.5549518      79.4396333      73.8785622      68.4277991      50.9053916      63.8358397      89.6603908      71.7432404
     60.4279716      33.5317012      14.5969240      23.8242378      42.3068608      57.0533055      75.2714877      59.9896678      44.7803924      16.2349199      98.2736994      56.2878721      96.4907187      22.2207426      75.7354249      34.7289754      78.2030843      44.4638835      80.9591977      67.6141117      93.4673570      65.9291520      36.7554873      64.2010839       0.0000000      61.0927278      15.5446298      21.7741203      28.6828841      64.4602584      33.9204811      49.6069917      47.0412526      53.8059620      79.9892595      61.5671606      69.3449494      11.5439331      67.5772260      75.4706954      77.3524994      51.2277009      76.6065575      84.6521551      61.8758150      83.7529091      47.6776640      16.1045153      75.8811335      56.4316574      39.8927676      63.9876575      79.2917875      84.4401112      95.6402830      11.5653413      85.8512336      66.3590622      91.9832920      42.3788533      28.7308078      28.4292906      70.3272726      75.9734839      22.1388500      89.0880165      29.5083073      52.3087433      57.9811071      84.3985153      26.8541807      22.8023112      24.4265128      58.6255086      29.6229754      86.4611997      28.9741066      61.4820118      46.0680851      98.9575834      36.6885093      77.3872186      17.1983791      41.7585835      54.2256615      85.9097219      38.4451199      66.9224376      40.4605294      32.6592407      35.1208966      46.9295052      67.5284554      51.8094115      82.9333177       6.8584564      78.2575765     101.3688123      29.3027195      88.2600656
