      0.0000000      15.1486116      13.2934213      21.0135186       6.9862710      19.2078543      21.6915547      34.2476988      15.1919800       8.4750482      18.7584189      23.9146273      24.6357963      24.3343466      25.2935789      30.3034773      15.0565281      19.4076927      34.9719452      16.9855174    5894.4325145    5905.3881248    5910.9572367    5921.1562385    5907.9363320    5898.0797951    5902.3254802    5907.1115213    5909.0689268    5907.6696162    5891.8518195    5905.0266031    5924.3885450    5903.2787485    5922.6572641    5906.9246486    5903.5873903    5913.5869535    5906.3792414    5908.3503922    6835.8801208    6825.8251837    6830.2102636    6844.0245809    6834.2778228    6837.6403213    6832.7394026    6827.2221420    6829.6204162    6839.4821401    6842.4827793    6837.4318641    6839.2572458    6841.1994691    6847.3213088    6851.6518132    6828.4636753    6843.8815909    6813.5575799    6832.7579744    4392.3830188    4402.8548499    4409.9149586    4405.6695345    4404.9516656    4410.8130178    4399.2064344    4405.6797991    4392.8714836    4399.8673348    4398.1687657    4396.8066920    4426.1579280    4379.7734967    4402.3529741    4405.5620579    4413.2717489    4415.0281346    4405.0377980    4402.7027009    1817.5180132    1837.1395199    1812.6527710    1820.3949658    1822.9983571    1822.0982434    1823.1713023    1819.2759715    1807.3622003    1827.0662906    1817.7424576    1821.1933526    1815.7683713    1807.5593399    1836.1830146    1815.9128934    1809.4694358    1813.1159027    1802.0957467    1839.9250617
     15.1486116       0.0000000      21.4137703       6.5544333      11.7778238       7.9783290       8.7702060      19.8970549       9.5113981       7.2606974       8.1636095       9.7593847      10.2138924      11.6939379      10.1818194      15.1563475      16.6749765       8.1753711      22.1527901       4.7138244    5887.9311930    5898.9100357    5904.4980084    5914.6733461    5901.4533555    5891.6083387    5895.8457005    5900.6086784    5902.6123016    5901.2089402    5885.3754847    5898.6155145    5917.9032689    5896.7970585    5916.2256298    5900.4361156    5897.1087242    5907.1166767    5899.9056423    5901.8817628    6834.9029815    6824.8575214    6829.2727871    6843.0623604    6833.3255327    6836.6727494    6831.7604705    6826.2420818    6828.6631896    6838.4982284    6841.5459524    6836.4659640    6838.2664100    6840.2639629    6846.3797027    6850.7049689    6827.5226633    6842.9276772    6812.6059903    6831.7491768    4389.2679249    4399.6494492    4406.7646835    4402.4688228    4401.8296060    4407.6923518    4396.0727862    4402.5204723    4389.7272834    4396.7242635    4395.0042301    4393.6454470    4423.0362447    4376.6086225    4399.2115908    4402.4044712    4410.1362966    4411.8752071    4401.8943782    4399.5641796    1821.0134357    1840.7496393    1816.0099448    1824.0183807    1826.4220310    1825.6258917    1826.6469461    1822.5885145    1810.8086675    1830.4812862    1821.2035246    1824.6346348    1819.2764045    1811.1209123    1839.6688279    1819.3754898    1812.9431251    1816.4937156    1805.4493697    1843.2534995
     13.2934213      21.4137703       0.0000000      24.4822292      10.1483258      20.1730013      30.0021925      41.0350170      26.2321900      14.8644412      19.4330387      31.1505323      27.2131889      24.6890147      29.5691698      34.5230181      28.0914988      20.2739065      43.5463303      20.0427295    5883.2818945    5894.2252085    5899.7843762    5909.9958221    5896.7759885    5886.9133987    5891.1634622    5895.9616789    5897.8947017    5896.4975241    5880.6880077    5893.8285296    5913.2293797    5892.1177362    5911.4698970    5895.7672408    5892.4247823    5902.4199021    5895.2139560    5897.1824845    6822.8417489    6812.7851933    6817.1651345    6830.9836516    6821.2352058    6824.6003096    6819.7013399    6814.1842757    6816.5786422    6826.4449297    6829.4375343    6824.3915666    6826.2212276    6828.1540013    6834.2768710    6838.6082621    6815.4191460    6830.8392456    6800.5148539    6819.7250650    4379.8490982    4390.3481647    4397.3915589    4393.1614153    4392.4198020    4398.2807240    4386.6780583    4393.1591379    4380.3462929    4387.3417889    4385.6496940    4384.2866295    4413.6259052    4367.2545685    4389.8269151    4393.0408720    4400.7438835    4402.5055228    4392.5123456    4390.1757808    1804.2894068    1823.9216331    1799.4123983    1807.1783218    1809.7635147    1808.8725620    1809.9409556    1806.0320756    1794.1292680    1813.8307244    1804.5108188    1807.9600097    1802.5408922    1794.3367548    1822.9536015    1802.6813833    1796.2388809    1799.8772097    1788.8550619    1826.6824611
     21.0135186       6.5544333      24.4822292       0.0000000      16.2262196       5.1608057      10.3334045      17.1544766      15.1134509      12.5944488       5.8668607       9.1603425       3.6946186       5.8796861       5.0952132      10.0715456      22.7975690       5.2022971      21.1950335       4.5086158    5882.4381493    5893.4230655    5899.0159799    5909.1851033    5895.9651024    5886.1231139    5890.3582900    5895.1152254    5897.1309582    5895.7265347    5879.8889864    5893.1461497    5912.4143989    5891.3091466    5910.7508410    5894.9464080    5891.6216044    5901.6317474    5894.4198483    5896.3972702    6831.1231095    6821.0810200    6825.5069877    6839.2877667    6829.5544723    6832.8962661    6827.9799668    6822.4611849    6824.8903838    6834.7159527    6837.7803691    6832.6900736    6834.4816822    6836.4988498    6842.6124175    6846.9358200    6823.7556111    6839.1560295    6808.8352027    6827.9580982    4384.7690847    4395.1215874    4402.2544894    4397.9424566    4397.3284942    4403.1916742    4391.5679614    4398.0073811    4385.2190821    4392.2164081    4390.4894847    4389.1317614    4418.5352032    4372.0938129    4394.7042719    4397.8919391    4405.6308579    4407.3641487    4397.3863984    4395.0577797    1818.9951222    1838.7795495    1813.9334168    1822.0542662    1824.3733095    1823.6211237    1824.6201603    1820.4930959    1808.7698723    1828.4288258    1819.1706878    1822.5933774    1817.2634595    1809.1308050    1837.6460867    1817.3433351    1810.9157843    1814.4258643    1803.3715582    1841.1643570
      6.9862710      11.7778238      10.1483258      16.2262196       0.0000000      13.2493430      20.0574050      31.6714207      16.1911908       4.7690741      12.6733164      21.4996470      19.5616923      18.3866665      21.0716469      26.1681778      19.1557734      13.4249167      33.6676174      11.7774291    5887.7095968    5898.6684453    5904.2401975    5914.4358940    5901.2159715    5891.3610399    5895.6055638    5900.3883964    5902.3522519    5900.9523730    5885.1323806    5898.3163460    5917.6678692    5896.5585659    5915.9441086    5900.2035134    5896.8676297    5906.8683682    5899.6601894    5901.6320356    6830.3382912    6820.2860179    6824.6796142    6838.4869574    6828.7429944    6832.1011868    6827.1970668    6821.6794859    6824.0841934    6833.9384063    6836.9523194    6831.8932005    6833.7115645    6835.6693815    6841.7895018    6846.1185298    6822.9320267    6838.3463093    6808.0229388    6827.2072431    4386.2912764    4396.7423756    4403.8151294    4399.5581351    4398.8583288    4404.7200083    4393.1104208    4399.5778853    4386.7730345    4393.7691525    4392.0656482    4390.7043287    4420.0646992    4373.6702829    4396.2551827    4399.4605438    4407.1753340    4408.9277006    4398.9395407    4396.6055687    1813.4563206    1833.1224672    1808.5378539    1816.3829631    1818.9090446    1818.0490528    1819.1020151    1815.1440377    1803.2815397    1822.9736724    1813.6675050    1817.1108031    1811.7115404    1803.5231875    1832.1177535    1811.8385164    1805.3992875    1809.0088991    1797.9793867    1835.7993598
     19.2078543       7.9783290      20.1730013       5.1608057      13.2493430       0.0000000      14.7635992      22.2539366      17.4896838      10.9069957       0.7620825      14.1144569       7.0785899       5.1577912       9.9868897      14.5943687      24.4563950       0.2172806      26.3378505       3.2840397    5880.0136273    5890.9908132    5896.5774581    5906.7544674    5893.5344805    5883.6886459    5887.9265974    5892.6912244    5894.6915689    5893.2884908    5877.4561356    5890.6916437    5909.9845604    5888.8780912    5908.3031661    5892.5176361    5889.1895424    5899.1969034    5891.9861023    5893.9618725    6827.1840627    6817.1398737    6821.5591944    6835.3454349    6825.6099439    6828.9551094    6824.0413134    6818.5227762    6820.9469395    6830.7784044    6833.8324427    6828.7485480    6830.5456636    6832.5506319    6838.6655468    6842.9901060    6819.8085945    6835.2118666    6804.8905034    6824.0260472    4381.3410899    4391.7172349    4398.8357137    4394.5368795    4393.9023415    4399.7651700    4388.1448207    4394.5909634    4381.7986841    4388.7957296    4387.0744143    4385.7158272    4415.1089954    4368.6787931    4391.2831575    4394.4750661    4402.2082170    4403.9460767    4393.9658215    4391.6359186    1814.2412696    1834.0103212    1809.1985815    1817.2831311    1819.6293416    1818.8629185    1819.8690541    1815.7645446    1804.0226456    1823.6860865    1814.4215371    1817.8469706    1812.5078743    1804.3678927    1832.8936881    1812.5939606    1806.1648403    1809.6881640    1798.6371339    1836.4337416
     21.6915547       8.7702060      30.0021925      10.3334045      20.0574050      14.7635992       0.0000000      12.7350236       8.6312237      15.3016267      15.2753352       3.1450782      12.2397986      16.0351119       9.2931222      12.1073463      16.2540647      14.8895438      13.6176642      12.1984113    5891.8502817    5902.8424115    5908.4411630    5918.6029329    5905.3829262    5895.5445293    5899.7771156    5904.5268636    5906.5569492    5905.1512749    5889.3088978    5902.5861638    5921.8314825    5900.7273773    5920.1845196    5904.3625053    5901.0407740    5911.0535047    5903.8405863    5905.8195462    6841.4452716    6831.4034834    6835.8303791    6849.6103982    6839.8774126    6843.2187309    6838.3020722    6832.7832549    6835.2131724    6845.0378974    6848.1037784    6843.0125909    6844.8034031    6846.8222990    6852.9356821    6857.2589248    6834.0788961    6849.4789186    6819.1581673    6838.2792290    4394.9201336    4405.2606498    4412.4008976    4408.0821465    4407.4786170    4413.3419715    4401.7165734    4408.1525972    4395.3663145    4402.3637799    4400.6340199    4399.2767350    4428.6853474    4382.2383278    4404.8518627    4408.0373859    4415.7792144    4417.5101995    4407.5337174    4405.2057468    1828.9928882    1848.7569151    1823.9551106    1832.0290389    1834.3836849    1833.6132129    1834.6214672    1830.5223940    1818.7761357    1838.4407413    1829.1744999    1832.6006771    1827.2589757    1819.1166738    1847.6457274    1827.3468618    1820.9173025    1824.4440420    1813.3937557    1851.1911698
     34.2476988      19.8970549      41.0350170      17.1544766      31.6714207      22.2539366      12.7350236       0.0000000      21.0268948      27.1092933      22.9878351      10.3483787      15.9480377      20.3242634      12.3446706       9.1046102      27.8963741      22.2628504       6.5187708      21.2139290    5887.7507478    5898.7632734    5904.3786033    5914.5194492    5901.2994630    5891.4712883    5895.6965097    5900.4258975    5902.4966965    5901.0874634    5885.2314029    5898.5660486    5917.7458752    5896.6450813    5916.1461837    5900.2741526    5896.9611404    5906.9811917    5899.7653976    5901.7487224    6842.0900339    6832.0562655    6836.5085055    6850.2676562    6840.5430687    6843.8715253    6838.9453443    6833.4256086    6835.8747048    6845.6769476    6848.7823848    6843.6667916    6845.4366340    6847.5020220    6853.6102466    6857.9290643    6834.7540609    6850.1431586    6819.8245235    6838.8973942    4393.7736861    4404.0368345    4411.2241364    4406.8623048    4406.3260463    4412.1905139    4400.5541721    4406.9681522    4394.1949762    4401.1933129    4399.4452211    4398.0907686    4427.5328163    4381.0494872    4403.6828057    4406.8544305    4414.6150826    4416.3311021    4406.3628832    4404.0391322    1833.4129656    1853.2680970    1828.2641338    1836.5519060    1838.7456566    1838.0589492    1839.0252800    1834.7950308    1823.1574204    1842.7954761    1833.5669054    1836.9769406    1831.6893094    1823.5905854    1852.0569474    1831.7406101    1825.3203758    1828.7696693    1817.7005716    1855.4753698
     15.1919800       9.5113981      26.2321900      15.1134509      16.1911908      17.4896838       8.6312237      21.0268948       0.0000000      11.8622243      17.6583235      11.6981063      18.2950730      20.8337813      16.5505423      20.3662164       7.9515327      17.6862201      20.3331718      14.2206508    5897.3650495    5908.3459324    5913.9355411    5924.1088187    5910.8888241    5901.0448153    5905.2814502    5910.0423967    5912.0500594    5910.6463488    5894.8115379    5908.0571425    5927.3385318    5906.2326410    5925.6655213    5909.8710970    5906.5445710    5916.5532519    5909.3419303    5911.3184825    6844.1165354    6834.0695907    6838.4801157    6852.2735833    6842.5351943    6845.8848084    6840.9743032    6835.4560887    6837.8736248    6847.7128399    6850.7531825    6845.6777612    6847.4820997    6849.4709842    6855.5876876    6859.9137799    6836.7305485    6852.1375968    6821.8155350    6840.9676526    4398.7228888    4409.1105430    4416.2220811    4411.9296080    4411.2850592    4417.1477103    4405.5290392    4411.9784844    4399.1842594    4406.1811646    4404.4625926    4403.1035862    4432.4916795    4386.0670013    4408.6683770    4411.8623651    4419.5926790    4421.3327874    4411.3513051    4409.0207694    1829.1218556    1848.8193568    1824.1644088    1832.0834376    1834.5545062    1833.7234875    1834.7620492    1830.7577305    1818.9334224    1838.6166809    1829.3234727    1832.7612233    1827.3805680    1819.2069237    1847.7806120    1827.4949124    1821.0587833    1824.6413550    1813.6049287    1851.4176371
      8.4750482       7.2606974      14.8644412      12.5944488       4.7690741      10.9069957      15.3016267      27.1092933      11.8622243       0.0000000      10.5431551      16.8521836      16.1816677      15.9621742      17.0933638      22.1720157      16.1518582      11.1155314      28.9174584       8.5133180    5888.9902928    5899.9569442    5905.5350223    5915.7227866    5902.5028314    5892.6517609    5896.8934944    5901.6685858    5903.6479485    5902.2467115    5886.4214632    5899.6272806    5918.9539631    5897.8458558    5917.2481781    5901.4885081    5898.1559344    5908.1594902    5900.9501947    5902.9237082    6833.2288205    6823.1789247    6827.5800898    6841.3812316    6831.6397579    6834.9941177    6830.0871456    6824.5692809    6826.9797185    6836.8272355    6839.8529591    6834.7865508    6836.5986543    6838.5703520    6844.6889447    6849.0166605    6825.8316163    6841.2426668    6810.9198756    6830.0898171    4388.6125732    4399.0382202    4406.1265303    4401.8553056    4401.1776715    4407.0397454    4395.4264999    4401.8867336    4389.0861397    4396.0825785    4394.3730250    4393.0126327    4422.3841564    4375.9775566    4398.5690852    4401.7698825    4409.4909109    4411.2383563    4401.2528707    4398.9202772    1817.3316290    1837.0193569    1812.3868932    1820.2823378    1822.7707573    1821.9304446    1822.9735842    1818.9845384    1807.1475763    1826.8337363    1817.5363123    1820.9758593    1815.5892304    1807.4109621    1835.9912497    1815.7076130    1809.2704834    1812.8618781    1801.8277447    1839.6429111
     18.7584189       8.1636095      19.4330387       5.8668607      12.6733164       0.7620825      15.2753352      22.9878351      17.6583235      10.5431551       0.0000000      14.7327750       7.8360581       5.7150373      10.7369304      15.3564469      24.4807080       0.8408902      27.0134637       3.4559625    5879.9558686    5890.9317637    5896.5173612    5906.6956868    5893.4757030    5883.6292268    5887.8676415    5892.6335519    5894.6313271    5893.2284739    5877.3969869    5890.6288745    5909.9259127    5888.8192416    5908.2415387    5892.4591674    5889.1305247    5899.1374206    5891.9268033    5893.9022975    6826.8489445    6816.8043246    6821.2222788    6835.0096417    6825.2736995    6828.6195578    6823.7062760    6818.1877892    6820.6109181    6830.4435937    6833.4954993    6828.4129206    6830.2111669    6832.2136285    6838.3288204    6842.6536174    6819.4718387    6834.8756971    6804.5542244    6823.6923645    4381.1062849    4391.4868663    4398.6026393    4394.3062812    4393.6678817    4399.5306436    4387.9109274    4394.3583321    4381.5653066    4388.5622987    4386.8420364    4385.4832874    4414.8745235    4368.4464264    4391.0496446    4394.2423492    4401.9744163    4403.7131340    4393.7324092    4391.4022654    1813.7176019    1833.4823816    1808.6801297    1816.7546623    1819.1083917    1818.3380464    1819.3461425    1815.2477999    1803.5008048    1823.1654725    1813.8991650    1817.3253519    1811.9837283    1803.8417181    1832.3704175    1812.0715273    1805.6419763    1809.1689309    1798.1187965    1835.9164319
     23.9146273       9.7593847      31.1505323       9.1603425      21.4996470      14.1144569       3.1450782      10.3483787      11.6981063      16.8521836      14.7327750       0.0000000      10.1936959      14.3804310       6.7643810       8.9949905      19.3927869      14.2002248      12.5704985      12.1007258    5889.2862440    5900.2814601    5905.8827234    5916.0413283    5902.8213211    5892.9844684    5897.2159413    5901.9626130    5903.9988587    5902.5926447    5886.7481913    5900.0341663    5919.2695576    5898.1659475    5917.6297578    5901.8001606    5898.4797471    5908.4935885    5901.2802328    5903.2598541    6839.7358231    6829.6956974    6834.1278617    6847.9035471    6838.1723037    6841.5109507    6836.5923135    6831.0733040    6833.5072053    6843.3272643    6846.4013644    6841.3051028    6843.0915624    6845.1201169    6851.2324289    6855.5547528    6832.3757624    6847.7735182    6817.4531980    6836.5642621    4392.8560982    4403.1821785    4410.3312063    4406.0044171    4405.4134440    4411.2770104    4399.6495586    4406.0814685    4393.2976255    4400.2952581    4398.5620738    4397.2053167    4426.6201952    4380.1663622    4402.7836059    4405.9665352    4413.7118849    4415.4400751    4405.4651303    4403.1379466    1828.1463271    1847.9336290    1823.0804088    1831.2086700    1833.5224111    1832.7731918    1833.7707996    1829.6385422    1817.9196909    1837.5776520    1828.3209167    1831.7430159    1826.4150132    1818.2837657    1846.7969917    1826.4936118    1820.0663920    1823.5735357    1812.5184535    1850.3103147
     24.6357963      10.2138924      27.2131889       3.6946186      19.5616923       7.0785899      12.2397986      15.9480377      18.2950730      16.1816677       7.8360581      10.1936959       0.0000000       4.4847457       3.8463107       7.6128324      26.1270704       7.0055972      20.8994511       7.8036899    5879.7352601    5890.7244534    5896.3208460    5906.4855912    5893.2655860    5883.4257325    5887.6593684    5892.4120448    5894.4363068    5893.0311362    5877.1907096    5890.4599236    5909.7144442    5888.6098716    5908.0607979    5892.2458671    5888.9228873    5898.9345706    5891.7220642    5893.7004021    6829.5445690    6819.5045859    6823.9372286    6837.7125175    6827.9814303    6831.3198397    6826.4010332    6820.8820076    6823.3162544    6833.1359110    6836.2107410    6831.1140173    6832.9001100    6834.9295154    6841.0417264    6845.3639650    6822.1850712    6837.5826182    6807.2623374    6826.3725632    4382.7350048    4393.0686921    4400.2130439    4395.8905296    4395.2929353    4401.1563929    4389.5300012    4395.9640609    4383.1789386    4390.1764842    4388.4450971    4387.0880614    4416.4996766    4370.0493952    4392.6646940    4395.8489813    4403.5924912    4405.3221400    4395.3463907    4393.0187971    1818.4879162    1838.3005360    1813.3920208    1821.5788471    1823.8482085    1823.1218458    1824.1079476    1819.9405476    1808.2506907    1827.9015050    1818.6549500    1822.0726729    1816.7594157    1808.6402111    1837.1361794    1816.8280080    1810.4033207    1813.8895696    1802.8294655    1840.6153917
     24.3343466      11.6939379      24.6890147       5.8796861      18.3866665       5.1577912      16.0351119      20.3242634      20.8337813      15.9621742       5.7150373      14.3804310       4.4847457       0.0000000       8.3269337      11.6215345      28.3331132       4.9715051      25.3836912       7.6678977    5876.5988765    5887.5826330    5893.1746183    5903.3449126    5890.1249134    5880.2823515    5884.5179408    5889.2760318    5891.2894687    5889.8852434    5874.0484642    5887.3024657    5906.5743276    5885.4688926    5904.9081417    5889.1064959    5885.7812002    5895.7909297    5888.5791934    5890.5563702    6825.4440761    6815.4029479    6819.8319759    6833.6102369    6823.8779531    6827.2181979    6822.3007541    6816.7818610    6819.2133662    6829.0362353    6832.1054180    6827.0121745    6828.8012684    6830.8240338    6836.9369778    6841.2598458    6818.0802403    6833.4793413    6803.1587639    6822.2758858    4378.9318867    4389.2801841    4396.4156217    4392.1012649    4391.4909588    4397.3542024    4385.7298798    4392.1680930    4379.3805067    4386.3778826    4384.6499579    4383.2923880    4412.6976761    4366.2542786    4388.8658245    4392.0527321    4399.7926848    4401.5251548    4391.5478541    4389.2194669    1814.0315097    1833.8403853    1808.9405205    1817.1182341    1819.3943224    1818.6643590    1819.6522363    1815.4907357    1803.7959554    1823.4479399    1814.1997310    1817.6181574    1812.3025749    1804.1815609    1832.6801506    1812.3727308    1805.9476410    1809.4373119    1798.3780666    1836.1650385
     25.2935789      10.1818194      29.5691698       5.0952132      21.0716469       9.9868897       9.2931222      12.3446706      16.5505423      17.0933638      10.7369304       6.7643810       3.8463107       8.3269337       0.0000000       5.0992348      24.5017786       9.9769592      17.0680817       9.5454234    5882.5944549    5893.5880066    5899.1879323    5909.3482253    5896.1282182    5886.2905388    5890.5226072    5895.2709397    5897.3038829    5895.8979546    5880.0546065    5893.3360138    5912.5766268    5891.4727505    5910.9330357    5895.1074557    5891.7863340    5901.7995820    5894.5864595    5896.5657281    6833.1528747    6823.1137313    6827.5490211    6841.3221328    6831.5919226    6834.9289874    6830.0091823    6824.4900599    6826.9263155    6836.7436175    6839.8225845    6834.7233121    6836.5072051    6838.5414751    6844.6531492    6848.9749266    6825.7965550    6841.1929634    6810.8729012    6829.9780712    4386.1196642    4396.4421192    4403.5933237    4399.2645383    4398.6767154    4404.5403362    4392.9123572    4399.3432238    4386.5599976    4393.5576724    4391.8236244    4390.4669997    4419.8834709    4373.4279088    4396.0460875    4399.2283604    4406.9746025    4408.7020829    4398.7275277    4396.4005445    1822.3295765    1842.1435353    1817.2317482    1825.4220024    1827.6888982    1826.9639058    1827.9493452    1823.7795702    1812.0917133    1831.7420674    1822.4961593    1825.9136097    1820.6012379    1812.4826901    1840.9776971    1820.6692398    1814.2447065    1817.7296068    1806.6691513    1844.4546415
     30.3034773      15.1563475      34.5230181      10.0715456      26.1681778      14.5943687      12.1073463       9.1046102      20.3662164      22.1720157      15.3564469       8.9949905       7.6128324      11.6215345       5.0992348       0.0000000      28.2312604      14.5447166      15.0429053      14.5734609    5881.1884874    5892.1903457    5897.7970214    5907.9488016    5894.7287978    5884.8952754    5889.1243477    5893.8643942    5895.9139102    5894.5065329    5878.6576093    5891.9623744    5911.1763400    5890.0738033    5909.5519880    5893.7060446    5890.3884707    5900.4047023    5893.1904066    5895.1714525    6833.6598072    6823.6238674    6828.0692794    6841.8340558    6832.1072003    6835.4391279    6830.5155197    6824.9960306    6827.4399464    6837.2482682    6840.3430339    6835.2340144    6837.0095313    6839.0623706    6845.1719842    6849.4919942    6826.3156307    6841.7076751    6811.3884594    6830.4743797    4385.9083331    4396.1996482    4403.3697955    4399.0236676    4398.4629225    4404.3269925    4392.6946065    4399.1166019    4386.3386485    4393.3366755    4391.5952484    4390.2397635    4419.6696984    4373.1995119    4395.8256587    4399.0023381    4406.7561583    4408.4776155    4398.5063841    4396.1810988    1824.3382968    1844.1880728    1819.1967072    1827.4712109    1829.6746930    1828.9827194    1829.9516324    1825.7301531    1814.0851843    1833.7249930    1824.4939720    1827.9050457    1822.6140074    1814.5126652    1842.9828519    1822.6675892    1816.2467575    1819.7011114    1808.6332821    1846.4097048
     15.0565281      16.6749765      28.0914988      22.7975690      19.1557734      24.4563950      16.2540647      27.8963741       7.9515327      16.1518582      24.4807080      19.3927869      26.1270704      28.3331132      24.5017786      28.2312604       0.0000000      24.6665700      25.8780577      21.1910685    5904.4267952    5915.4014819    5920.9860471    5931.1656623    5917.9456816    5908.0985863    5912.3374497    5917.1045564    5919.0998667    5917.6972403    5901.8666096    5915.0947167    5934.3960143    5913.2891516    5932.7086324    5916.9294381    5913.6002736    5923.6067174    5916.3962798    5918.3715037    6849.3291159    6839.2784092    6843.6769496    6857.4802476    6847.7379137    6851.0935944    6846.1875937    6840.6698249    6843.0783029    6852.9281065    6855.9497617    6850.8858838    6852.7001105    6854.6670382    6860.7861672    6865.1143415    6841.9287868    6857.3409637    6827.0179705    6846.1927758    4404.7329344    4415.1521451    4422.2444556    4417.9695794    4417.2975574    4423.1597264    4411.5455880    4418.0040177    4405.2044927    4412.2010103    4410.4899375    4409.1297803    4438.5040673    4392.0944455    4414.6876349    4417.8872903    4425.6098733    4427.3560941    4417.3712780    4415.0390266    1832.3532564    1851.9943737    1827.4633223    1835.2519521    1837.8209791    1836.9390797    1838.0031191    1834.0783281    1822.1888012    1841.8873798    1832.5716875    1836.0191007    1830.6057947    1822.4059010    1851.0166707    1830.7423840    1824.3008449    1827.9302177    1816.9055955    1854.7304645
     19.4076927       8.1753711      20.2739065       5.2022971      13.4249167       0.2172806      14.8895438      22.2628504      17.6862201      11.1155314       0.8408902      14.2002248       7.0055972       4.9715051       9.9769592      14.5447166      24.6665700       0.0000000      26.3916929       3.4884500    5879.8071838    5890.7844851    5896.3712241    5906.5481151    5893.3281280    5883.4823509    5887.7202609    5892.4847732    5894.4853479    5893.0822496    5877.2498164    5890.4856516    5909.7781963    5888.6717452    5908.0970703    5892.3112559    5888.9832114    5898.9906141    5891.7797965    5893.7555915    6827.0174022    6816.9733010    6821.3929008    6835.1789120    6825.4435131    6828.7885373    6823.8746364    6818.3560889    6820.7804632    6830.6116813    6833.6661548    6828.5819913    6830.3788767    6832.3843562    6838.4992145    6842.8237251    6819.6422683    6835.0454205    6804.7240796    6823.8590948    4381.1563693    4391.5318183    4398.6507206    4394.3514987    4393.7175664    4399.5804054    4387.9599564    4394.4059008    4381.6137387    4388.6107925    4386.8893119    4385.5307502    4414.9242222    4368.4936890    4391.0982333    4394.2900168    4402.0233380    4403.7610629    4393.7808814    4391.4510165    1814.1236889    1833.8941585    1809.0792925    1817.1671455    1819.5108674    1818.7457358    1819.7512240    1815.6447019    1803.9044638    1823.5675024    1814.3035296    1817.7287156    1812.3904515    1804.2511424    1832.7759760    1812.4759733    1806.0469948    1809.5691293    1798.5178079    1836.3140814
     34.9719452      22.1527901      43.5463303      21.1950335      33.6676174      26.3378505      13.6176642       6.5187708      20.3331718      28.9174584      27.0134637      12.5704985      20.8994511      25.3836912      17.0680817      15.0429053      25.8780577      26.3916929       0.0000000      24.6233391    5894.1256274    5905.1404441    5910.7576226    5920.8961286    5907.6761481    5897.8491204    5902.0735167    5906.8006120    5908.8759728    5907.4663443    5891.6087610    5904.9497476    5924.1223154    5903.0218985    5922.5278803    5906.6502889    5903.3382560    5913.3591235    5906.1430099    5908.1268217    6848.5174546    6838.4829982    6842.9330519    6856.6940070    6846.9686949    6850.2982586    6845.3728919    6839.8532338    6842.3006859    6852.1048563    6855.2068913    6850.0934042    6851.8650379    6853.9264313    6860.0351043    6864.3543055    6841.1788640    6856.5689083    6826.2500865    6845.3270733    4400.2900127    4410.5541288    4417.7408718    4413.3795555    4412.8424589    4418.7069114    4407.0707183    4413.4849848    4400.7116403    4407.7099661    4405.9621074    4404.6076197    4434.0492296    4387.5663731    4410.1994405    4413.3712443    4421.1316528    4422.8478676    4412.8795414    4410.5557347    1839.2159721    1859.0483912    1834.0943618    1842.3291821    1844.5630111    1843.8555958    1844.8323353    1840.6340822    1828.9699691    1848.6146195    1839.3767557    1842.7907793    1837.4897633    1829.3801339    1857.8622215    1837.5501220    1831.1275595    1834.5958637    1823.5312931    1861.3117124
     16.9855174       4.7138244      20.0427295       4.5086158      11.7774291       3.2840397      12.1984113      21.2139290      14.2206508       8.5133180       3.4559625      12.1007258       7.8036899       7.6678977       9.5454234      14.5734609      21.1910685       3.4884500      24.6233391       0.0000000    5883.2950674    5894.2724705    5899.8592846    5910.0360801    5896.8160927    5886.9703636    5891.2082392    5895.9726497    5897.9734183    5896.5703046    5880.7378091    5893.9738738    5913.2661510    5892.1597154    5911.5852287    5895.7991967    5892.4711943    5902.4786314    5895.2678004    5897.2436154    6830.2806009    6820.2357228    6824.6528484    6838.4408929    6828.7046780    6832.0509545    6827.1379807    6821.6195240    6824.0420316    6833.8754335    6836.9260519    6831.8442717    6833.6431933    6835.6441444    6841.7595056    6846.0844473    6822.9025060    6838.3067208    6807.9851820    6827.1248709    4384.5612991    4394.9413213    4402.0574506    4397.7607683    4397.1228570    4402.9856265    4391.3658371    4397.8130882    4385.0201548    4392.0171533    4390.2967604    4388.9380320    4418.3295001    4371.9011490    4394.5045091    4397.6971161    4405.4293151    4407.1679291    4397.1872616    4394.8571467    1816.8725489    1836.6263094    1811.8481618    1819.8972145    1822.2702026    1821.4899146    1822.5030081    1818.4200261    1806.6603832    1826.3281226    1817.0573986    1820.4854840    1815.1374568    1806.9902407    1835.5263668    1815.2296070    1808.7989684    1812.3350277    1801.2871152    1839.0872655
   5894.4325145    5887.9311930    5883.2818945    5882.4381493    5887.7095968    5880.0136273    5891.8502817    5887.7507478    5897.3650495    5888.9902928    5879.9558686    5889.2862440    5879.7352601    5876.5988765    5882.5944549    5881.1884874    5904.4267952    5879.8071838    5894.1256274    5883.2950674       0.0000000      14.8473897      24.5493733      27.8900969      15.6554447      13.3675387      12.1879642      12.6952045      24.1986905      21.9608511      11.0537382      40.2566008      30.7536864      12.2447562      41.2434253      13.6595221      13.3881735      23.3782636      16.9020910      19.8126025    2570.5201499    2568.8441017    2582.7473167    2580.5679905    2579.2084567    2575.1243419    2568.1689505    2564.8207514    2574.8524468    2569.8330396    2589.4914308    2575.6553256    2567.0576960    2589.3171887    2590.2300643    2590.5291412    2580.4685726    2583.6785370    2568.5773645    2556.7195900    1921.1101745    1894.6745355    1901.4250500    1893.6833706    1910.8981596    1907.1391149    1912.4181645    1902.4464673    1914.5999027    1909.9548726    1906.5920651    1908.2417962    1896.3424367    1919.4488703    1908.5819615    1902.8986185    1902.2664951    1897.3053119    1906.2795459    1908.9477768    4615.2062171    4614.9169047    4604.6600526    4626.1512310    4604.8525415    4615.6364482    4609.8587268    4596.2782198    4616.5486522    4601.5377486    4611.6974123    4607.6722562    4617.4974685    4627.6778073    4603.0516793    4612.9516214    4617.9264986    4606.3794861    4610.7779687    4585.2095028
   5905.3881248    5898.9100357    5894.2252085    5893.4230655    5898.6684453    5890.9908132    5902.8424115    5898.7632734    5908.3459324    5899.9569442    5890.9317637    5900.2814601    5890.7244534    5887.5826330    5893.5880066    5892.1903457    5915.4014819    5890.7844851    5905.1404441    5894.2724705      14.8473897       0.0000000       9.8602390      15.9014604       3.3047107       7.8437311       3.1489260      10.8116595       9.9600985       7.8461803      13.5564890      28.8460233      19.2486118       2.6201824      26.4663297       4.7561541       1.8181104       8.8676823       2.1753393       5.0428534    2558.7223170    2557.0843387    2570.9996389    2568.7584442    2567.4362216    2563.3292799    2556.3789985    2553.0463993    2563.0900199    2558.0187946    2577.7077081    2563.8622855    2555.2383096    2577.5383785    2578.4280222    2578.7099459    2568.7231777    2571.8763713    2556.8681471    2544.9045137    1925.0554555    1898.7052468    1905.3310590    1897.6916265    1914.7869236    1910.9941025    1916.3557365    1906.3894289    1918.5876514    1913.9035672    1910.5833494    1912.2351863    1900.1155132    1923.5379540    1912.5147203    1906.8394850    1906.1312062    1901.1878690    1910.2010768    1912.8742030    4623.3707757    4623.0161331    4612.8628902    4634.2840711    4613.0198382    4623.7847110    4618.0151425    4604.4760913    4624.7447250    4609.6981009    4619.8683964    4615.8398493    4625.6632493    4635.8505153    4611.1780471    4621.1262105    4626.1126255    4614.5771544    4619.0038931    4593.3600671
   5910.9572367    5904.4980084    5899.7843762    5899.0159799    5904.2401975    5896.5774581    5908.4411630    5904.3786033    5913.9355411    5905.5350223    5896.5173612    5905.8827234    5896.3208460    5893.1746183    5899.1879323    5897.7970214    5920.9860471    5896.3712241    5910.7576226    5899.8592846      24.5493733       9.8602390       0.0000000      14.4269145      10.6800248      13.9187346      12.3747694      19.2055149       2.1954404       3.3470240      20.4840371      21.5527332      17.5091314      12.3638586      16.7002297      13.2688344      11.1646237       5.4401691       7.7072080       4.8214332    2549.7340730    2548.1133259    2562.0340505    2559.7648736    2558.4595163    2554.3422687    2547.3943242    2544.0687945    2554.1177750    2549.0231483    2568.7257637    2554.8761854    2546.2403572    2568.5586566    2569.4377987    2569.7119860    2559.7586347    2562.8861182    2547.9201051    2535.9085457    1925.4888170    1899.1982321    1905.7380730    1898.1691910    1915.1817832    1911.3658939    1916.7840798    1906.8218018    1919.0504244    1914.3396358    1911.0488143    1912.7020461    1900.4314710    1924.0703300    1912.9398803    1907.2704029    1906.5098319    1901.5789111    1910.6185962    1913.2949992    4626.7825475    4626.3792679    4616.3032445    4637.6721681    4616.4336989    4627.1843418    4621.4208731    4607.9127818    4628.1799793    4613.1068032    4623.2849725    4619.2539175    4629.0759211    4639.2683015    4614.5614342    4624.5454672    4629.5404584    4618.0136460    4622.4614398    4596.7615556
   5921.1562385    5914.6733461    5909.9958221    5909.1851033    5914.4358940    5906.7544674    5918.6029329    5914.5194492    5924.1088187    5915.7227866    5906.6956868    5916.0413283    5906.4855912    5903.3449126    5909.3482253    5907.9488016    5931.1656623    5906.5481151    5920.8961286    5910.0360801      27.8900969      15.9014604      14.4269145       0.0000000      13.2200072      23.5921333      18.8770651      16.4854998      16.5624113      16.5385311      29.4372292      34.8894507       3.3915056      17.8844318      22.1915888      14.4412520      17.6611828       9.3210897      15.3072936      14.2026254    2558.0275868    2556.4567349    2570.3928345    2568.0427018    2566.7863698    2562.6393051    2555.6982542    2552.3932550    2562.4575526    2557.2950575    2577.0373114    2563.1758645    2554.5055490    2576.8766451    2577.7252633    2577.9768207    2568.1204458    2571.1735891    2556.3290608    2544.1797024    1939.5316201    1913.2207577    1919.7895798    1912.1969873    1929.2373257    1925.4289731    1930.8285339    1920.8648805    1933.0833093    1928.3815003    1925.0807631    1926.7335266    1914.5124680    1938.0793023    1926.9853847    1921.3139693    1920.5706688    1915.6356680    1924.6666359    1927.3419576    4639.1631153    4638.7985007    4628.6608926    4650.0716122    4628.8125935    4639.5746004    4633.8062644    4620.2733727    4640.5417307    4625.4898190    4635.6616973    4631.6326470    4641.4557702    4651.6440631    4626.9646135    4636.9200471    4641.9081675    4630.3744000    4634.8052361    4609.1503232
   5907.9363320    5901.4533555    5896.7759885    5895.9651024    5901.2159715    5893.5344805    5905.3829262    5901.2994630    5910.8888241    5902.5028314    5893.4757030    5902.8213211    5893.2655860    5890.1249134    5896.1282182    5894.7287978    5917.9456816    5893.3281280    5907.6761481    5896.8160927      15.6554447       3.3047107      10.6800248      13.2200072       0.0000000      11.0304727       5.7760280       8.6107877      11.4181978       9.6171000      16.3335664      31.0905901      16.4810276       4.6898511      26.6103282       2.6023012       4.7272853       7.8749585       4.3308505       6.2005667    2560.3483276    2558.7224802    2572.6415739    2570.3806782    2569.0703739    2564.9561644    2558.0075334    2554.6799155    2564.7273003    2559.6395495    2579.3381753    2565.4898146    2556.8574209    2579.1704117    2580.0526351    2580.3290579    2570.3658409    2573.5009615    2558.5222433    2546.5250361    1928.3313222    1901.9784350    1908.6080901    1900.9655238    1918.0644728    1914.2726342    1919.6318298    1909.6653507    1921.8622076    1917.1793209    1913.8577888    1915.5095615    1903.3963488    1926.8092794    1915.7909559    1910.1154707    1909.4094522    1904.4655897    1913.4776483    1916.1506296    4626.3563537    4626.0091121    4615.8440776    4637.2732599    4616.0051000    4626.7721454    4621.0016470    4607.4578468    4627.7266947    4612.6841537    4622.8532394    4618.8250782    4628.6486887    4638.8351671    4614.1679603    4624.1106419    4629.0957374    4617.5589370    4621.9824188    4596.3472286
