      0.0000000     100.1810643     138.0508166     147.8512046     121.4596572      76.1118199     120.5234523     127.6268264     140.4815591     111.3218780     153.6952007     167.2706260     136.8992057     125.7597958      92.0519724     119.4661256      90.9929105     117.9464096     130.3752575     166.0015672     145.5806534     106.8306308     142.0226438     109.9483826     114.7225001     135.2572677     129.8902716     129.1880696     129.4012926      99.0250806      99.7416870      99.4381240      70.8634409     104.0211014     152.0171471     110.8901192     175.2180904     125.8263029     122.2619313     109.1209438     119.1450054     140.7486009      93.6173732     133.5451590     177.1177365     166.2422334     115.2758790     139.5723777     103.8655038     147.3551644     117.7594598      99.1320745     134.4987348     172.1007370     101.5206953     109.7625559     151.8096326     122.9560069     141.5837357      95.4694607     108.7955192     118.0089868     100.2438785     135.2874790      78.8041419     150.3903834     116.1450132     149.4980889     133.9400094     117.7264834     114.0080153     125.2941734     127.0245402     162.8291369     153.7894882     155.9665310      85.5300547     107.3469202     124.9378262     104.1246987     149.6904130     131.8038953     106.1590514      92.7703886     118.2288225     150.8649278     144.5745664     102.5331477     131.6582198     131.3043281     132.1131606     151.7253340     110.7455216     113.2319303     123.8677144      52.5288479     126.6211230      85.4067844     144.9610517     132.3643999
    100.1810643       0.0000000     137.3633956     137.6648723      85.7571428     133.3781808     122.8070951     137.5527261     123.5169574     103.7524422     166.9847301     122.9137613     135.6532184     166.4109928     122.5371930     141.5134256     107.9805721      97.7648079     142.6181803     161.3320145     148.2407007     122.3139006     122.1996168     125.0630098     148.9134952      92.7004971     121.5011086     136.8262011     121.1931547     131.2751531      95.5469993     126.6488324     115.2754526     138.6592817     109.9521176     147.7433320     151.3683617     103.4117763     123.3790487     119.6298819      90.1306124     141.2371401     147.9796283     137.2753530     159.7947418     114.5761690     134.7338636     144.4736809      95.0653369     128.7365586     135.8083093     141.3028146     140.3106129     138.7776254     125.9918883     103.2856542     146.1450513     110.9785305     148.7235876     106.0028423     106.0109660      94.4435701     116.1042249     144.9997941     111.1424283     177.2114734      97.9967247     149.4117891      97.4009961     125.2191982     118.3822952     116.1731957     128.2648736     152.8756295     115.1583278     112.1263439     134.0266315     124.4119439     106.3138904      89.5068340     108.2306172     162.2943989     138.6750886     104.2423554     109.4560741     131.3852286     129.3997659     159.9426634     142.3101457     141.7971746     111.0092090     126.6448155      86.4663873     120.6118901      84.1324804     104.7733868     131.3864708      75.1141740     166.3968731     121.2822692
    138.0508166     137.3633956       0.0000000     162.3831753     148.6026538     148.3630777     175.3781451     163.4326980     144.4608606     148.5166365     142.0339121     205.8067086     176.8836643     146.5026871     195.6704333     148.1509172     155.6959154     109.1685239     144.1011068     123.9969135     143.6815905     179.2356104     159.2163365     114.8124757     103.1779268     121.9400878     114.5926036     100.1572398     128.9591674     156.0841202     120.8483769     119.6122392     121.0476823     161.5075992     166.5814930     129.2607982     177.1443539     197.0967189     159.2439864     131.2719073      76.4199566     153.9161929     175.2381912     152.1577646     180.9723749     151.7269869     153.3259240     156.3007977     103.7911069     170.5945276     169.5733646     114.0130838     133.3404673     141.9649928     178.5060361     174.9356530     186.7305475     116.5341959     134.7290320     153.4349035     119.8231914     110.9187131     143.3080510     156.9982309     133.8200577     176.7494415     150.6138571      91.6699207     122.3883474     186.8943839     150.9087763     149.9321232     112.5647308     189.9338835     155.7855967     144.4112463     179.8348867     121.2969919     123.0706590     113.4196805     140.4212545     154.0146433     129.4830210      99.2887718     133.7120269     136.3495278     118.3437131     162.9055185     140.2900240     157.7505481     157.7479273     148.8371555     157.4298925     132.0308575     143.0206614     159.6687084     161.9274155     112.3248405     166.0219520     110.9995365
    147.8512046     137.6648723     162.3831753       0.0000000     160.8642212     127.4545064     123.7673543     155.4117881     132.8645593      87.1359386     110.1576232     125.8356420     119.9021551     138.1261800     167.1302747     146.8617805     121.7170146     110.1211066     125.7141537     137.7367966     134.8491041     177.7008577     141.5876050     101.8940690     129.2299646     112.9063539     105.3096702      97.4292596     134.8361847     159.9086861     145.0296133     152.2230719     123.3880740     126.8089098     162.1036933     138.6092955     105.7512450     147.0473777      81.2323588     123.4232406     169.4842484      97.8245767     137.7390128     142.2842878     130.2678379     102.8376999     132.8791765     106.6085015     138.7696526     155.4512605     132.7751252     141.3955205     142.9436815     113.6856492     154.2641295     120.1805225     120.6626809     112.7224354     101.6103789     120.0077891     144.9577742     146.8204077     106.6981127     100.0879502     139.1557412     142.2485530     174.4054451     176.5506122     102.0405025     109.5433533      74.2919125     119.7097065     124.7007165     130.5795888     156.7080474      99.5164635     143.3686644     126.7915484     107.2019796     119.4929685     152.0159858     107.5432621     130.6320568     143.3009505     124.2461850     124.4289983      89.4669335     135.3182905     121.7352792     119.9681034     166.0539287      95.9631174     113.6047485     140.6611881     127.0743437     137.1629889     169.2849803     111.8320900     131.8201881     121.1422417
    121.4596572      85.7571428     148.6026538     160.8642212       0.0000000     144.1939181     140.3181832     106.7663579     131.7088415     118.8341130     195.8574391     147.2953160     169.5879270     146.5668686     138.0360774     173.0689659     140.1484229     110.4268484     162.3188341     191.4000935     131.7128787     154.0607259     158.6643518     154.3637617     171.6606512     137.8849549     103.2949169     159.9218400     121.9856379     119.3232572      84.5027251     103.1922655     141.8031498     160.9154052      90.1488661     128.1938369     148.6737888     113.0354392     121.5069677     151.2903137     102.8142190     144.0722715     183.6568055     114.4211889     164.7688310     124.6628482     129.8248515     131.8807818     112.8487876     125.9121894     138.6197174     141.7578870     132.9716016     125.9704927     104.9537162     116.7619135     172.9126018     126.5731712     129.1018174     131.8107891     113.4591229     124.8720160     136.4604472     131.3743386     133.5572805     167.6902843      88.6631558     147.1326555      97.1004671     158.4750580     130.7864520     121.3460266     118.4133624     139.0574894     104.9936835     138.9872335     136.2287520     109.0818636     112.6095460     127.8628862     119.8405585     175.3999010     132.0193611     127.7704526     123.6486748     119.0258359     150.4314459     173.1736455     140.6566708     143.5451559      99.8390583     131.4413242     104.7769299     171.3923850     134.7130114     109.8954224     104.3763954     100.5243090     176.1744803     138.0270361
     76.1118199     133.3781808     148.3630777     127.4545064     144.1939181       0.0000000     102.1101741     125.9703315     158.3803659      95.8710885     145.0005600     163.6385629     130.7083862      95.1860163     132.0658905     111.7932914     103.3062291     110.4969389     140.8969689     151.5038593     142.8426894     143.0782148     137.7921364     118.3975481     103.7025427     125.2518215     121.9975921     117.6472566     145.8643436      95.6296962     121.4585316     115.7246628      88.0869267      92.3961770     165.7030667      96.7005084     146.6150239     131.7428755     116.0852666     108.7663041     154.8896980      95.8417172     107.9746719     102.8680562     174.6278533     145.4581003      73.3610325     145.7621046     100.4931929     144.4798053      80.8885062      87.2413111     141.5897224     173.8542800      95.1810945     114.0943870     140.4429558     121.5108523     129.7711400     117.1908877     125.4299855     133.9548146      79.5318303      99.7551835      70.3652119     116.8776053     121.7067502     147.5226817     136.0796266     119.7223645      82.8855624      99.9312912      98.2979777     144.1524857     170.0788083     156.4921005      73.4832176     113.3517952     114.6575439     116.8155306     168.1560528      87.8054914     101.2383922     116.8015939      93.5665053     153.5823303     144.2773421      65.0461381     104.1288707      96.0985226     116.1345647     141.4323359      97.3547315     120.2422721     133.8704617      74.6105569     143.4559396     110.0034117     110.5884031     146.9427785
    120.5234523     122.8070951     175.3781451     123.7673543     140.3181832     102.1101741       0.0000000     126.2405961     108.5168064     124.0902239     129.3304511      84.2254016     147.3855831     120.0359756     128.9860180      86.2415939      97.4688909     125.1493216     104.3075713     138.1858449     103.6028527     129.9851240      99.3442608     105.2032652     120.5513521     126.0882605     132.7206187     126.8166178     112.6991422     102.9758456     106.8565966     136.6331313     105.2299228     118.7442016     119.7575330     116.0957803     123.5062373      96.5615485     109.2572406     108.7351006     166.7597456      86.4366666     135.1933265     113.4595875     160.3628173     127.6349477     123.6877219     166.3897537     105.8386008     104.7139800      93.4332645     122.1061162     149.1904588     159.9226398      87.7862295      64.7131464     111.1881591     104.5004970     133.5408908     129.7771312     123.7677795     110.5649800     107.9057778     121.8633707     119.0832922     129.5298694     106.1256383     138.9707224     101.0932342      91.2944329      77.9094776     109.8451597     109.1690735     106.4799153     140.4021407     109.4376063      93.9688263     129.8631258     134.5712709      92.9921585     125.5687551     102.0213523      99.4162490     122.4316034     116.9909297     135.5241628     145.6807586     109.4572360     104.6381220     103.9574170     143.9002599     125.0516925     101.6954260     119.1729865     124.2273403     108.4757333     123.0767398     120.5908775      79.3776044     125.1933122
    127.6268264     137.5527261     163.4326980     155.4117881     106.7663579     125.9703315     126.2405961       0.0000000     142.1214527     143.4717275     172.1049404     153.5890641     156.5403651     133.7729554     137.7299410     171.3937380     129.5529261     157.2597324     146.5513079     159.1900705     106.0200728     181.1823553     126.9729308     150.5565424     163.0956278     158.9258928     122.0158679     140.0978364     143.0094867     125.9695971     126.7977960     125.5645664     134.4790749     137.7321987     143.5477048      93.4580201     141.8844597      95.2643939     144.9728666     161.2113738     145.8166997     123.5212870     150.1022197     109.8034320     166.9280565     153.2002120     133.7975581     120.0742264     140.8737540     150.4526264     121.9505861      98.9099636     140.3418465     136.7352836     108.7465822     130.4506565     185.2274958     143.6717222     107.6244292     172.4236504     131.4429456     167.7384326     117.3914375     142.0719408     150.8309333     143.6509497     124.0018016     127.2810140     104.3118300     176.2449966     115.3871851     115.8153425     114.9873920     133.9966362      95.4332552     135.7299014     139.3747678     130.5693556     120.1966625     112.8024544     123.5116922     150.1958640     108.2385053     142.0721724     110.6855138     146.0284329     137.5977753     136.4969732     124.2271018     114.7125775     132.5379170     101.5403075     103.5944447     159.4421814     145.6872104     119.1001852     111.9686863     123.3653174     138.0713654     132.0601439
    140.4815591     123.5169574     144.4608606     132.8645593     131.7088415     158.3803659     108.5168064     142.1214527       0.0000000     145.2103527     106.4265039     114.6808084     159.6772579     126.7579618     142.5553468     109.5560058     135.0647232     124.6307322      77.1677890     144.8274884      81.5444557     121.1289467     115.4777121      85.0603269     115.1636232     135.2886159     115.0431762     116.9583070      38.9296721     140.4748662      98.5746725     119.7754091      99.5885577     139.9499482     101.0724577     112.4162558     139.4798944     138.9239131     119.1249104      98.7831143     127.7083060     132.8025207     154.9591162     147.6473925     130.2475713     143.5998434     159.4198179     137.5995149     128.8635250      91.7174137     150.4405403     132.7825204     149.6462126     126.8155699     135.8549556     101.2178505     120.7013006      91.3570414     118.4198827     139.3131618      98.2587554     104.4299750     131.8544790     151.8734384     159.0086398     164.3460406     129.3648379     125.5721744      74.3055818     120.7772946     121.5988786     138.7367535     133.4728036     120.1240557     125.9196528      97.3774634     139.0481271     123.3541973     135.8306623      92.7246420      92.6307491     151.7624884     115.2551470      94.4911303     155.5295404      86.6257855     108.1139362     164.9428414     135.9061667     134.6125663     179.3726709     119.2351196     139.5482011     123.5617368     149.4216220     138.4819607     126.1547549     115.4860203     138.8059661      70.4305647
    111.3218780     103.7524422     148.5166365      87.1359386     118.8341130      95.8710885     124.0902239     143.4717275     145.2103527       0.0000000     154.7338451     147.8372873     132.9910821     122.6145483     158.7498385     138.8279203     122.2515369      76.9895481     154.4324306     174.5687235     147.2725813     157.0221303     142.3608985     127.9519358     133.9200197      86.9625297      99.5235158     130.9360897     129.0439752     138.7492061     123.9425925     113.7667128     118.5115892     119.3114517     143.7322684     120.5713465     137.3231140     136.1854621      86.7313586     115.3024213     142.6559899     103.7480389     148.1734292     129.7105026     160.4974423     105.5388801      92.5987015     120.3076713     116.1684341     135.0839128     125.0379921     132.4771161     150.0433236     145.7558576     123.9407235     119.0884740     142.2728786     118.1223408     125.8942646     110.0931744     112.7447068     131.3049189      87.6792212      96.2309811     107.0030170     162.0964711     137.8333743     174.4095749     107.1169575     113.9511889      84.8747226     110.4208609      96.4877510     149.9496172     151.5571415     139.0027139     102.4240848     123.5107552      65.9101129     122.0083946     166.7088500     132.1294408     140.8689794     132.1498889     113.8931028     121.1224996     112.5611616     141.7801792     138.8950035     122.8503797     111.5891001     126.0142279      89.0434490     141.4191052     129.6639839      91.9691193     150.0285136      82.4256603     154.8870785     143.0615701
    153.6952007     166.9847301     142.0339121     110.1576232     195.8574391     145.0005600     129.3304511     172.1049404     106.4265039     154.7338451       0.0000000     152.5793777     149.5069433     128.8060246     174.1758825     104.0422916     127.3888553     144.9891178      94.6651245      99.8868267     114.5112714     153.3338572     126.8287803      64.9255991      73.5314833     134.8591025     126.9622972      76.0675188     116.2663582     156.2379486     145.1719154     165.0187177      96.6916049     112.2327375     170.0218225     128.3028245     143.5443212     178.6796573     142.1621656     104.6964365     167.5528172     117.2575621     130.9797270     161.7029514     151.3534733     155.9115815     162.7853923     145.1450689     139.3376369     151.4951272     155.2377412     130.7518545     148.0846452     149.6114305     168.3700245     134.2247380     120.4615284      94.8577746     130.7617498     151.3859854     149.5997865     138.5847723     117.1944118     147.5564159     150.0564458     148.5936287     179.2776639     136.1327507     122.1856920     125.4618881     124.0327939     141.7631684     142.3320404     147.4449648     182.6581998     111.6933238     156.6786346     135.6907473     144.6611591     109.3639366     137.2057844     106.8970042     123.3057840     119.8557147     149.2026986     145.4611755     102.8707655     134.3871065     128.8522623     123.5193035     202.0515343     119.3933161     157.8249808     112.3324875     160.9801612     167.1436655     167.7616494     132.9126344     123.9283307     100.5263198
    167.2706260     122.9137613     205.8067086     125.8356420     147.2953160     163.6385629      84.2254016     153.5890641     114.6808084     147.8372873     152.5793777       0.0000000     146.6187482     172.4774335     142.0929923     145.8763378     129.0451089     145.7077854     132.4609830     158.3910083     134.2037097     150.4137424     121.0140357     135.6129191     170.2044964     138.9418369     145.9674399     149.2109686     135.7895161     147.8498022     135.1012861     181.3000534     147.3922269     153.1586589     114.3046772     168.2480796     105.6178496      93.0870528     125.9420047     139.9749464     180.9497501     120.2488985     168.7338166     138.2839212     140.7490607     111.8728418     160.6103149     167.2311113     139.7961511     118.4340120     128.1283502     173.5718157     166.5426926     141.0233255     131.6552534      76.8457661     106.5578772     120.3114052     150.5842308     145.1915700     157.7526177     136.6663795     140.0217031     145.4634326     160.9466654     154.8803220     131.8408288     175.2613361     106.1868603     109.3547569     109.7471028     121.3378461     156.9449024      96.6415642     142.3594045      85.9075444     151.1431282     152.6165646     156.3581685     120.8914939     108.8187539     147.6995285     144.4947688     151.9234232     136.3108192     144.4086504     153.0994773     164.2038465     131.0782774     128.6524288     164.1895486     114.5769662     110.8655078     150.3490274     125.9276508     154.6236855     152.5113920     145.2021428     135.4243131     135.6902399
    136.8992057     135.6532184     176.8836643     119.9021551     169.5879270     130.7083862     147.3855831     156.5403651     159.6772579     132.9910821     149.5069433     146.6187482       0.0000000     163.6891069     124.5762024     168.1136205     154.8503535     135.3932223     146.3094982     153.1275172     185.8648882     156.1516533     133.6379352     138.7315938     151.6056417     136.7781141     150.1793554     112.4156802     167.0787565     172.9684864     173.9525725     169.6150250     110.2797037     125.1263583     193.9377615     153.6088255     119.5389282     124.3042964     145.2059868     108.3527788     157.7926533     144.7284496      98.3779992     136.3909052      94.8979010     145.4284395     117.5169940     122.7367042     155.1896577     154.1268985     102.3634554     127.0224055     188.2169369     150.7118731     167.7989097     140.9414589     115.2071258     148.7945429     134.7516260     143.2435846     143.1183851     170.1041755     109.0638416     150.3820927     145.8208263     139.5115553     155.6085910     183.9438164     145.6590488     148.4118812     102.8629664      98.8653198     173.4401768     132.6956123     169.4681219     136.3485740     154.7186695     154.5798974     147.5524809     127.1533370     150.8772642     147.9153729     150.0828061     119.2505814     108.8930363     147.6605619     115.8229313     129.2978947     127.4847864     107.4155556     157.2998571     121.0977964      90.8231239     104.0279044     120.1711156     132.4104837     208.5748423     152.8565954     159.8683376     126.8854665
    125.7597958     166.4109928     146.5026871     138.1261800     146.5668686      95.1860163     120.0359756     133.7729554     126.7579618     122.6145483     128.8060246     172.4774335     163.6891069       0.0000000     161.8543806     113.6926652     145.5199362     115.7627547     135.0141654     166.5241421     107.2542007     147.7626301     155.2273117     118.7612479      93.9319358     146.7615247      95.8219523     122.6906227     108.9274931     104.5925198     116.0198303     104.0335311     100.0999491     107.9198913     144.4765180      59.0309379     137.6578538     163.7274757     118.8065872     106.4874091     161.7919188      94.3891541     154.2647006     102.8335541     159.3092575     152.1343399      90.6547921     134.1801812     122.0860482     111.7466131     113.0791753     102.3967505     146.5957802     160.9505920     102.7251588     123.3294536     134.4733559     106.5124324     111.5141210     144.8981481     122.0634109     142.1843211     101.4283167      97.1648986     121.7710851     117.4886678     130.6629132     135.5471126     125.1786678     134.7510231     109.3457752     113.7736213      98.6274137     121.2232407     179.6772735     161.6000214      90.3290303     104.1910370     122.4099988     140.1809717     164.6939205     108.7995375     105.5209109     118.9109195     134.5027183     120.8971569     138.3782226     117.5176416     112.7057895      93.8882942     145.3583327     139.7305159     135.6017092     150.1862328     184.5224186     117.4613274     134.2620884     131.6400228     126.9080423     136.0154993
     92.0519724     122.5371930     195.6704333     167.1302747     138.0360774     132.0658905     128.9860180     137.7299410     142.5553468     158.7498385     174.1758825     142.0929923     124.5762024     161.8543806       0.0000000     158.7587415     120.4125658     159.7637947     136.6187170     188.3964893     165.0058043     102.8507109     157.4007476     137.7085859     163.0961255     179.1672016     159.6879570     155.0025142     151.6442948     122.6309521     130.0984130     150.0392179     103.2077481     129.6744148     157.4130834     150.4544057     165.2122049      98.6638276     140.9680420     133.1404929     156.1358739     167.8911106      97.8460902     143.0861829     151.0070644     183.3794485     147.6742650     144.6656991     147.4741439     149.8585968     118.5467465     139.1880842     161.7106448     172.5630335     114.7207103      99.1780042     135.3907700     147.3510618     154.4552616     116.0524760     146.6785534     154.0941116     134.6559021     161.1802028     132.4348826     145.2738218     128.0099708     183.8893677     153.4700728     124.7364934     132.6515343     132.3846320     183.1296251     136.7065263     162.7301383     155.8227406     120.7027579     130.7902867     175.1682689     132.6314916     137.5473245     160.3667878     126.1307942     118.5197571     140.9236660     165.7557308     170.5947766     126.7827483     139.3774608     138.3274072     165.5774964     154.3641354     120.5996865     137.6448370     137.7141085      96.8633783     151.2679097     139.8345752     162.7918112     141.7800358
    119.4661256     141.5134256     148.1509172     146.8617805     173.0689659     111.7932914      86.2415939     171.3937380     109.5560058     138.8279203     104.0422916     145.8763378     168.1136205     113.6926652     158.7587415       0.0000000     118.9947374     124.4915659     107.1752950     139.7894883     123.0209899     110.1362596     113.0054313      88.7052674      71.0794042     120.3766309     144.2990173     123.6646448     100.6388114     122.4587604     116.9284285     135.2567511      85.2012503     113.5125750     144.9819026     117.4583307     168.2869550     160.8203332     140.2431190      80.3461003     158.3681136     116.3044800     139.8278821     150.7146372     184.2994069     160.9366176     138.1498611     187.6060608     106.9740930     112.9967596     135.2830816     125.6497683     165.5055955     191.5959118     127.8870418     110.9151318     121.1550024      99.7139713     162.0904202     138.4430500     117.1210746      96.3981792     114.0790037     149.7035855     118.0833673     162.2141379     130.1781101     131.9405009     128.7295891     102.0079560     120.6289269     140.2295217     119.4259648     155.2368914     181.2765098     142.8809255     102.9765556     142.0004676     142.2111282     102.5207423     151.8232124     116.7632004     122.7818161     103.5135793     147.5824030     145.2063300     146.0031906     127.4268141     137.0817942     129.3046408     169.6607320     160.5787670     144.3987957      97.8516198     155.6732335     127.9651509     146.7740530     123.5078452     113.6650719     127.3364267
     90.9929105     107.9805721     155.6959154     121.7170146     140.1484229     103.3062291      97.4688909     129.5529261     135.0647232     122.2515369     127.3888553     129.0451089     154.8503535     145.5199362     120.4125658     118.9947374       0.0000000     136.9918991     127.7585250     134.5232555     119.0840763     132.1265636     131.9273607      96.3113242     121.0584943     126.7276933     120.8017067     120.8262625     139.2097407      93.7146520      97.7512229     149.3304151     104.8523161      99.8315893     133.6879492     136.6041069     154.6232663     118.7138582     118.8512492     137.3936695     151.5838481     110.4494413     117.2692507     137.1629140     189.0962707     139.2124319     146.0665088     146.0423433      98.3217677     161.4218551     131.8777572     133.3976502      95.2312141     153.4573019     102.3083650      83.2283621     145.2316287      97.4192631     144.1970528     102.2503123     152.2614429     119.0568714     101.5358305     122.8715958      87.3698470     143.1267931     137.2212306     146.9782471     118.3161072      94.6574857     111.1583865     124.2233091     121.5900087     150.9913978     152.0370944     114.3406465     114.8833891     106.0232286     124.2436737      97.1296035     126.5884091     101.3443313     105.2572657     131.8986171     110.7250484     171.9174156     146.1816990     107.0547437     120.9027388     126.9576249     146.4576920     120.0397097     116.0238405     133.6044009     113.4827471     112.3383893     100.6248958      76.6875147     123.8803763     138.0100260
    117.9464096      97.7648079     109.1685239     110.1211066     110.4268484     110.4969389     125.1493216     157.2597324     124.6307322      76.9895481     144.9891178     145.7077854     135.3932223     115.7627547     159.7637947     124.4915659     136.9918991       0.0000000     134.3231965     150.4226994     140.9585879     143.4248562     148.1256679     107.6670733     109.5726524      86.0244667      86.5374931     107.3554369     106.7955843     126.1759188      95.9967004     100.0891035     105.8964754     139.0636736     125.4070596     122.5767628     121.9606933     151.4893391      87.6600382      89.8912847     105.2088666     110.7212899     160.6727727     108.4592893     136.6672236      89.6307680      92.2759169     136.2956550      78.0832322     114.4559174     114.3238355     123.4287312     136.5204125     124.3518644     130.4651887     117.0564601     120.4740383      91.2710715     114.5875190      94.2535730      96.9521413      82.1565481     112.4042099      93.6228242      98.2707713     142.0108165     109.4745809     139.7067316      97.3522336     121.5089324      91.9786763     103.0598735      94.1833257     132.5801241     150.2753340     123.4967239     123.1289947      97.1064248      97.8335603     113.5423079     139.7758346     125.7089649     120.1886826      93.0211922     106.8769791      91.0725686     114.9714437     140.2737740     110.0368854     120.9283641     110.7720059     132.1039329     102.9520951     125.8986267     115.5444325     110.7688839     152.3076140      97.1623902     142.8051406     114.9198482
    130.3752575     142.6181803     144.1011068     125.7141537     162.3188341     140.8969689     104.3075713     146.5513079      77.1677890     154.4324306      94.6651245     132.4609830     146.3094982     135.0141654     136.6187170     107.1752950     127.7585250     134.3231965       0.0000000     113.7600533     101.8088100     145.2562497     122.2972500      58.5660072     100.8128802     154.4144734     140.6677682      91.2422393      87.9328605     147.6069919     119.6172014     121.2815981      85.4366713     149.2075963     155.1671558     118.0140639     147.3793083     147.8428526     113.0550105     101.8379151     142.7566779     140.3073309     118.3147236     153.5119706     132.2358268     163.0827600     164.9276737     148.6648560     133.9439382     138.4140474     136.5939166     105.8156673     151.1726186     135.9991192     151.5561823     117.9428238     128.6381579     117.1336568     104.2854651     132.3545848     108.4593071     111.2270656     143.1583692     154.9636500     155.2693532     145.4041943     152.3425658     126.5344669     100.3971662     126.5605552     102.2290584     150.8473674     139.4485401     135.2657763     132.0061448     102.3662403     146.2771686     127.8236240     158.7447831      81.3994931     116.3580208     124.6767491      82.0129462      91.1823618     152.5465858     107.2952022     112.1161504     126.0401990     116.3095705     142.2649516     199.3455783     134.1543367     147.4074846     102.4213395     128.0551510     130.9566699     153.6558658     130.1390323      95.6190520      59.6854268
    166.0015672     161.3320145     123.9969135     137.7367966     191.4000935     151.5038593     138.1858449     159.1900705     144.8274884     174.5687235      99.8868267     158.3910083     153.1275172     166.5241421     188.3964893     139.7894883     134.5232555     150.4226994     113.7600533       0.0000000     133.1831070     193.8859639     124.6481746      98.8843884     110.2195078     137.1372235     143.7630700      67.0628337     155.2429713     162.1302049     151.2803773     177.7287460     128.4235705     154.2176777     183.8483225     151.6008056     138.1093852     171.5850455     163.3691402     140.3621439     152.4746332     126.5274011     150.3016251     147.1270098     163.8726582     142.6998945     171.0177138     171.3453042     122.7066523     181.1670859     145.1100712     120.1361903     139.9356169     137.0302111     182.5544608     156.0523707     158.2750399     118.9663633     130.8715730     169.0237517     161.7896067     134.8576333     143.0362697     159.3087652     151.1880161     140.9130176     168.9052656      99.0420436     123.5584608     171.8740544     125.3214900     138.1510047     135.0728967     158.8079915     156.8374102      94.4418524     192.5971253     144.4839809     156.9979508      95.2649518     117.9271438     109.0252652     112.6117831     128.3590920     117.4376576     164.3189636     123.1507471     128.5723434     104.2932903     133.6547698     187.1592548     116.7437405     149.3113333     114.2146068     118.6376098     182.4898276     178.3533581     146.6570780     103.7120729     104.7973029
    145.5806534     148.2407007     143.6815905     134.8491041     131.7128787     142.8426894     103.6028527     106.0200728      81.5444557     147.2725813     114.5112714     134.2037097     185.8648882     107.2542007     165.0058043     123.0209899     119.0840763     140.9585879     101.8088100     133.1831070       0.0000000     163.6909672     127.1732793     100.3599738     118.0927808     147.3330249      98.9937364     118.3600429      84.3554333     117.4039799      93.8976825     121.5041538     121.9221203     137.4194534     106.6835178      89.0486197     137.6040360     142.6521694     121.6578917     139.1802424     149.8274675     102.9629949     168.6731965     128.8950220     167.5741962     141.3801955     156.4004781     137.4667558     123.1603578     125.9118573     147.4017370     120.3149202     116.3610142     124.2579852     115.3582883     109.7325508     156.8255315      94.8406561     102.6118465     157.0562753     127.4638170     126.7963696     127.9935365     130.0434777     152.0904005     145.3466228     136.9873368     102.4993146      73.7494397     141.3689401     117.8910864     136.8317439      96.4953969     123.9281589     121.4700442     105.6416686     137.9670036     110.7863660     124.6277200     103.1079928     107.5198769     124.8871539      91.1876475     130.2300451     142.5397014     119.6075917     125.1272653     146.9734270     119.4060990     124.8620400     169.3352011     105.7703734     143.4555223     155.2470940     160.9696317     144.4026336      85.9754776     112.1615408     112.8338671     104.0008933
    106.8306308     122.3139006     179.2356104     177.7008577     154.0607259     143.0782148     129.9851240     181.1823553     121.1289467     157.0221303     153.3338572     150.4137424     156.1516533     147.7626301     102.8507109     110.1362596     132.1265636     143.4248562     145.2562497     193.8859639     163.6909672       0.0000000     150.3159995     127.9380073     131.6533763     150.6192955     154.6145808     161.0254983     122.1561730     122.1086197     118.9823830     153.8776798      93.9533536     113.6789494     133.4512209     151.5891378     182.1368873     145.4119934     158.1184282      97.7198967     149.6283375     163.0741983     137.5668666     160.0570539     173.7173448     180.8112738     147.9041841     175.8866905     130.4260201     111.1584814     147.2953807     160.8906667     174.6251840     198.1735491     122.8464195     100.4984905     113.6779115     117.0644806     186.7003255     121.8901817     136.9624932     123.0571691     126.6768418     169.4130097     123.6851085     175.8507958     118.6468930     175.5639570     156.2238041     102.1128286     156.4994366     140.2424762     176.4061155     153.6911526     196.4245408     166.0593878     108.2278314     139.9673441     166.2953444     137.3893550     146.0442322     168.1969039     154.6724207     103.9624410     160.6028518     162.8618341     172.6121839     158.3915427     163.0064592     142.9871560     165.8832856     173.4451352     143.4324296     125.2694507     167.9488985     123.1634713     150.9170673     133.6066933     181.0073415     148.0732416
    142.0226438     122.1996168     159.2163365     141.5876050     158.6643518     137.7921364      99.3442608     126.9729308     115.4777121     142.3608985     126.8287803     121.0140357     133.6379352     155.2273117     157.4007476     113.0054313     131.9273607     148.1256679     122.2972500     124.6481746     127.1732793     150.3159995       0.0000000     125.0915034     132.1244323     104.4450725     151.9582325     123.0763795     123.4597201     161.3539648     149.1234025     155.9670069     113.8926984     122.7559892     152.8087142     123.0928701     147.6439591     109.9599931     164.0256908     110.9144992     147.8030419     120.2080567     136.9805169     149.9417932     160.6125981     145.6099278     146.0822887     165.3412723     136.8328990     120.5661576     134.1723236     117.5868930     185.0439975     169.2982035     149.4940886     129.1691534     148.1702887     128.7891946     152.3676406     179.2336323     111.4427713     140.1507316     102.1802405     174.9638110     156.8546627     179.2277433     130.5418477     126.6916466     101.9917772     150.2469475     113.9325010     121.0985545     128.3753052     150.0760929     123.9262399     110.6904959     144.9647451     172.0322618     120.1651953      68.2698981     118.4728049     152.7668024     143.6073555     119.6807158     122.9171081     143.5863756     110.0743880     152.2378578     146.3856587     117.2377274     156.3961976     112.6293021     103.8491922      85.1449256     128.6031278     141.4674621     160.5843970     127.4633019     131.1566907     111.1021466
    109.9483826     125.0630098     114.8124757     101.8940690     154.3637617     118.3975481     105.2032652     150.5565424      85.0603269     127.9519358      64.9255991     135.6129191     138.7315938     118.7612479     137.7085859      88.7052674      96.3113242     107.6670733      58.5660072      98.8843884     100.3599738     127.9380073     125.0915034       0.0000000      62.6861653     122.4023992     108.6042604      64.6160948      88.0726096     123.7422556      98.2452483     120.6514608      65.6199196     116.7471085     141.8723425     113.7393701     138.5594788     153.0264887     100.3350836      86.5181414     127.3215080     115.9056753     111.5454379     140.1711780     140.8505952     138.7556753     144.8485458     133.0880830     101.1190695     137.4528699     131.7880283     106.2730084     115.9551283     126.7880860     138.4906692     104.0028176     113.4208303      77.2858885     106.1933920     100.7435569     114.5916950      89.3937302     114.2464272     125.4688106     115.8318638     133.2681189     145.3204748     118.8303502      96.0707465     100.0820230      97.1209514     130.4638514     118.7556136     136.1282558     148.8379964      94.2512389     130.7562578      96.9550606     130.9683171      77.7158450     114.3821711      94.9963872      81.2688759      81.6260367     129.3712909     116.6066558     100.1466561     110.8346581     103.8421964     124.7805548     176.0857366     119.2811138     135.1912639      95.8845342     118.7945912     124.1883076     137.2837533      96.3080175     103.2963604      72.1480350
    114.7225001     148.9134952     103.1779268     129.2299646     171.6606512     103.7025427     120.5513521     163.0956278     115.1636232     133.9200197      73.5314833     170.2044964     151.6056417      93.9319358     163.0961255      71.0794042     121.0584943     109.5726524     100.8128802     110.2195078     118.0927808     131.6533763     132.1244323      62.6861653       0.0000000     119.5971141     114.1483481      76.7073301     104.6735334     121.9102358     114.8895950     123.5640206      66.5139620     104.2111332     159.6473721     100.1539925     153.8384496     177.1264169     131.8554461      77.5097142     136.4582215     110.9059356     126.4852684     136.4370347     163.6201101     152.9151796     126.5192000     153.7524586      98.6959262     135.6060937     131.6651529      97.9372287     136.4261103     161.3677766     141.9782845     129.3383074     125.0490357      84.4305301     129.0492664     128.1534522     118.9415096     103.5968061     104.5255221     128.6277635     106.6762102     135.9678358     144.3180048     109.8880851     123.6627449     122.8017106     115.0195575     128.2523215     109.8260908     152.1926280     180.5865879     135.3027830     123.3497685     110.7579936     129.6870602     102.3541445     145.4764075      93.4176460     101.0961768      84.8226813     130.1478651     134.1509166     117.2210295     108.1662287     112.6452291     115.5198719     167.8817060     140.9374518     145.1826164      96.2348103     150.9540247     133.2716778     151.7508752     114.5012359     113.9947600     105.0879375
