      0.0000000     100.1810643     138.0508166     147.8512046     121.4596572      76.1118199     120.5234523     127.6268264     140.4815591     111.3218780     153.6952007     167.2706260     136.8992057     125.7597958      92.0519724     119.4661256      90.9929105     117.9464096     130.3752575     166.0015672     145.5806534     106.8306308     142.0226438     109.9483826     114.7225001     135.2572677     129.8902716     129.1880696     129.4012926      99.0250806      99.7416870      99.4381240      70.8634409     104.0211014     152.0171471     110.8901192     175.2180904     125.8263029     122.2619313     109.1209438     119.1450054     140.7486009      93.6173732     133.5451590     177.1177365     166.2422334     115.2758790     139.5723777     103.8655038     147.3551644     117.7594598      99.1320745     134.4987348     172.1007370     101.5206953     109.7625559     151.8096326     122.9560069     141.5837357      95.4694607     108.7955192     118.0089868     100.2438785     135.2874790      78.8041419     150.3903834     116.1450132     149.4980889     133.9400094     117.7264834     114.0080153     125.2941734     127.0245402     162.8291369     153.7894882     155.9665310      85.5300547     107.3469202     124.9378262     104.1246987     149.6904130     131.8038953     106.1590514      92.7703886     118.2288225     150.8649278     144.5745664     102.5331477     131.6582198     131.3043281     132.1131606     151.7253340     110.7455216     113.2319303     123.8677144      52.5288479     126.6211230      85.4067844     144.9610517     132.3643999     105.2097187      96.3608493     123.4763495     112.5068101     156.9549450     136.0039154     125.3929247     123.3716882      92.7222214     112.3117866     130.5527257     127.5755571     158.8293140     125.3086384     124.1114563     116.9909262     119.8902699     115.3956665     125.8728101     157.2227177     139.0065551     123.2783761     117.4276763     122.0158702     141.8100332     107.3653024     120.8531992      69.6738012     112.9415006     137.2364057     125.0766724     129.8125477     134.6057188      72.1356288     138.9027175     110.9642098     141.4272070     136.5263972     111.7403503     165.0489587     149.7032921     175.0766169     111.1477696     144.6836042     148.7681691     132.7851032     122.3297127      87.9218673     176.5099748     148.3758274
    100.1810643       0.0000000     137.3633956     137.6648723      85.7571428     133.3781808     122.8070951     137.5527261     123.5169574     103.7524422     166.9847301     122.9137613     135.6532184     166.4109928     122.5371930     141.5134256     107.9805721      97.7648079     142.6181803     161.3320145     148.2407007     122.3139006     122.1996168     125.0630098     148.9134952      92.7004971     121.5011086     136.8262011     121.1931547     131.2751531      95.5469993     126.6488324     115.2754526     138.6592817     109.9521176     147.7433320     151.3683617     103.4117763     123.3790487     119.6298819      90.1306124     141.2371401     147.9796283     137.2753530     159.7947418     114.5761690     134.7338636     144.4736809      95.0653369     128.7365586     135.8083093     141.3028146     140.3106129     138.7776254     125.9918883     103.2856542     146.1450513     110.9785305     148.7235876     106.0028423     106.0109660      94.4435701     116.1042249     144.9997941     111.1424283     177.2114734      97.9967247     149.4117891      97.4009961     125.2191982     118.3822952     116.1731957     128.2648736     152.8756295     115.1583278     112.1263439     134.0266315     124.4119439     106.3138904      89.5068340     108.2306172     162.2943989     138.6750886     104.2423554     109.4560741     131.3852286     129.3997659     159.9426634     142.3101457     141.7971746     111.0092090     126.6448155      86.4663873     120.6118901      84.1324804     104.7733868     131.3864708      75.1141740     166.3968731     121.2822692     110.6332140     105.9598983     138.8688665     161.7884226     141.9678568     139.3619485     127.0550122     127.9520083     120.4448975     121.2959390     152.3125878     123.6607275     123.7629263     144.8537854      86.9222116     132.1287390      91.7335968     138.6613324     129.3720082     174.4536072     133.5674061     117.0863745     100.5794081      78.6425763     112.8332945      87.1687435     105.3373332      73.1297061     146.2083236     106.0094122      97.1992490     114.9372055     148.0943294     101.3355295     121.3097128     141.4950280     160.4993895     139.7982904     125.8736759     158.1483665     107.6298861      99.1536622     112.8416615     147.0927293      90.0640302     136.0155832     149.5456890     107.4115256     153.7368631     164.2630013
    138.0508166     137.3633956       0.0000000     162.3831753     148.6026538     148.3630777     175.3781451     163.4326980     144.4608606     148.5166365     142.0339121     205.8067086     176.8836643     146.5026871     195.6704333     148.1509172     155.6959154     109.1685239     144.1011068     123.9969135     143.6815905     179.2356104     159.2163365     114.8124757     103.1779268     121.9400878     114.5926036     100.1572398     128.9591674     156.0841202     120.8483769     119.6122392     121.0476823     161.5075992     166.5814930     129.2607982     177.1443539     197.0967189     159.2439864     131.2719073      76.4199566     153.9161929     175.2381912     152.1577646     180.9723749     151.7269869     153.3259240     156.3007977     103.7911069     170.5945276     169.5733646     114.0130838     133.3404673     141.9649928     178.5060361     174.9356530     186.7305475     116.5341959     134.7290320     153.4349035     119.8231914     110.9187131     143.3080510     156.9982309     133.8200577     176.7494415     150.6138571      91.6699207     122.3883474     186.8943839     150.9087763     149.9321232     112.5647308     189.9338835     155.7855967     144.4112463     179.8348867     121.2969919     123.0706590     113.4196805     140.4212545     154.0146433     129.4830210      99.2887718     133.7120269     136.3495278     118.3437131     162.9055185     140.2900240     157.7505481     157.7479273     148.8371555     157.4298925     132.0308575     143.0206614     159.6687084     161.9274155     112.3248405     166.0219520     110.9995365     109.3344315     141.5017556     162.1713672     155.5575315     160.3737717     131.2804551     137.2958422     120.5469673     110.3788299     119.7907820     144.1221092     172.9260984     169.3472002     174.4408357     158.5020939     148.5953128     170.9012966     136.3574000     141.2590358     131.4238708     149.8501130     190.5708527     129.7493560     182.6565883     149.5949427     127.9816129     124.6519996     100.8778854      97.9001182     126.8339430     142.2853149     159.8719028     182.8138321     129.4015085     125.5972179     149.7516653     130.5375989     172.5865148     127.7859190     165.6349801     133.4038302     186.0709021     139.2165825     111.3661153     143.1878169     170.3110365     162.6192653     140.9233795     194.1681252     153.6527956
    147.8512046     137.6648723     162.3831753       0.0000000     160.8642212     127.4545064     123.7673543     155.4117881     132.8645593      87.1359386     110.1576232     125.8356420     119.9021551     138.1261800     167.1302747     146.8617805     121.7170146     110.1211066     125.7141537     137.7367966     134.8491041     177.7008577     141.5876050     101.8940690     129.2299646     112.9063539     105.3096702      97.4292596     134.8361847     159.9086861     145.0296133     152.2230719     123.3880740     126.8089098     162.1036933     138.6092955     105.7512450     147.0473777      81.2323588     123.4232406     169.4842484      97.8245767     137.7390128     142.2842878     130.2678379     102.8376999     132.8791765     106.6085015     138.7696526     155.4512605     132.7751252     141.3955205     142.9436815     113.6856492     154.2641295     120.1805225     120.6626809     112.7224354     101.6103789     120.0077891     144.9577742     146.8204077     106.6981127     100.0879502     139.1557412     142.2485530     174.4054451     176.5506122     102.0405025     109.5433533      74.2919125     119.7097065     124.7007165     130.5795888     156.7080474      99.5164635     143.3686644     126.7915484     107.2019796     119.4929685     152.0159858     107.5432621     130.6320568     143.3009505     124.2461850     124.4289983      89.4669335     135.3182905     121.7352792     119.9681034     166.0539287      95.9631174     113.6047485     140.6611881     127.0743437     137.1629889     169.2849803     111.8320900     131.8201881     121.1422417     105.3365600     115.5636039     121.9147510     143.5221390     143.0848583      92.6680756     167.3600426     119.5518616     126.2367004     152.8849357     139.1006201     160.0280199     121.5740166     115.0929214     111.1014854     119.1955271     146.3455156     115.4067824     104.5595286     141.6675337     107.8672940     166.1725636      74.3040701     131.4032411     118.2774034     152.0012406      89.3013348     129.8684145     123.4202782     168.6744959      88.8071566     130.3043416     151.6708401     101.9402497     109.2670223     130.9743253     157.8370597     190.8237880     107.9207141     145.7689184     113.6323624     122.3977774     141.8245548      97.6623258     137.1187174     151.9939735     162.8800016     112.0017193      79.8619416     105.9460085
    121.4596572      85.7571428     148.6026538     160.8642212       0.0000000     144.1939181     140.3181832     106.7663579     131.7088415     118.8341130     195.8574391     147.2953160     169.5879270     146.5668686     138.0360774     173.0689659     140.1484229     110.4268484     162.3188341     191.4000935     131.7128787     154.0607259     158.6643518     154.3637617     171.6606512     137.8849549     103.2949169     159.9218400     121.9856379     119.3232572      84.5027251     103.1922655     141.8031498     160.9154052      90.1488661     128.1938369     148.6737888     113.0354392     121.5069677     151.2903137     102.8142190     144.0722715     183.6568055     114.4211889     164.7688310     124.6628482     129.8248515     131.8807818     112.8487876     125.9121894     138.6197174     141.7578870     132.9716016     125.9704927     104.9537162     116.7619135     172.9126018     126.5731712     129.1018174     131.8107891     113.4591229     124.8720160     136.4604472     131.3743386     133.5572805     167.6902843      88.6631558     147.1326555      97.1004671     158.4750580     130.7864520     121.3460266     118.4133624     139.0574894     104.9936835     138.9872335     136.2287520     109.0818636     112.6095460     127.8628862     119.8405585     175.3999010     132.0193611     127.7704526     123.6486748     119.0258359     150.4314459     173.1736455     140.6566708     143.5451559      99.8390583     131.4413242     104.7769299     171.3923850     134.7130114     109.8954224     104.3763954     100.5243090     176.1744803     138.0270361     141.6439984     118.3417819     129.4415868     173.1262053     148.2227605     156.5894966     129.3389243     151.0524451     144.6735475     142.8851611     159.7347255     148.6008111     145.5334607     141.9475162     120.3007885     137.1260756     117.3919521     170.4532953     124.3260937     166.0168811     145.4485094     139.6228461     141.7402155      92.4110664     148.0201982     114.7803816     132.5405323     105.7008310     147.3144268      93.9680776     101.5796447     130.9745410     107.6096615     125.3910657     135.1195890     148.6688941     163.9053416     156.7694866     140.9084752     143.1944949     112.5779698     114.1622597     150.6025810     163.9705876     109.0017480     126.2030356     151.0547798     113.2027688     158.1713469     157.4986063
     76.1118199     133.3781808     148.3630777     127.4545064     144.1939181       0.0000000     102.1101741     125.9703315     158.3803659      95.8710885     145.0005600     163.6385629     130.7083862      95.1860163     132.0658905     111.7932914     103.3062291     110.4969389     140.8969689     151.5038593     142.8426894     143.0782148     137.7921364     118.3975481     103.7025427     125.2518215     121.9975921     117.6472566     145.8643436      95.6296962     121.4585316     115.7246628      88.0869267      92.3961770     165.7030667      96.7005084     146.6150239     131.7428755     116.0852666     108.7663041     154.8896980      95.8417172     107.9746719     102.8680562     174.6278533     145.4581003      73.3610325     145.7621046     100.4931929     144.4798053      80.8885062      87.2413111     141.5897224     173.8542800      95.1810945     114.0943870     140.4429558     121.5108523     129.7711400     117.1908877     125.4299855     133.9548146      79.5318303      99.7551835      70.3652119     116.8776053     121.7067502     147.5226817     136.0796266     119.7223645      82.8855624      99.9312912      98.2979777     144.1524857     170.0788083     156.4921005      73.4832176     113.3517952     114.6575439     116.8155306     168.1560528      87.8054914     101.2383922     116.8015939      93.5665053     153.5823303     144.2773421      65.0461381     104.1288707      96.0985226     116.1345647     141.4323359      97.3547315     120.2422721     133.8704617      74.6105569     143.4559396     110.0034117     110.5884031     146.9427785     114.9690506     124.7618453     105.0736669      66.9383920     118.0392608     118.7068856     137.5642003      93.5364789      97.0003872     128.8790319      96.1417841     138.4207596     152.5012132      94.6559030     114.2376802     133.0285148     137.0805760     112.1175015     120.3340173     147.3156885     156.0190148     147.1905974     131.4229593     125.0053990     137.3111385     113.6205264     107.3484479     102.4009563     115.9514745     156.6790645     120.7996040     126.7956908     124.9927862      60.8291749     144.1035930      71.0948299     134.5125292     177.3196939     103.2381475     151.7422016     145.2122792     184.1706027     101.2756510     111.8734314     147.2752633     118.1336710     132.7726393      67.2893114     155.8497643     121.2836223
    120.5234523     122.8070951     175.3781451     123.7673543     140.3181832     102.1101741       0.0000000     126.2405961     108.5168064     124.0902239     129.3304511      84.2254016     147.3855831     120.0359756     128.9860180      86.2415939      97.4688909     125.1493216     104.3075713     138.1858449     103.6028527     129.9851240      99.3442608     105.2032652     120.5513521     126.0882605     132.7206187     126.8166178     112.6991422     102.9758456     106.8565966     136.6331313     105.2299228     118.7442016     119.7575330     116.0957803     123.5062373      96.5615485     109.2572406     108.7351006     166.7597456      86.4366666     135.1933265     113.4595875     160.3628173     127.6349477     123.6877219     166.3897537     105.8386008     104.7139800      93.4332645     122.1061162     149.1904588     159.9226398      87.7862295      64.7131464     111.1881591     104.5004970     133.5408908     129.7771312     123.7677795     110.5649800     107.9057778     121.8633707     119.0832922     129.5298694     106.1256383     138.9707224     101.0932342      91.2944329      77.9094776     109.8451597     109.1690735     106.4799153     140.4021407     109.4376063      93.9688263     129.8631258     134.5712709      92.9921585     125.5687551     102.0213523      99.4162490     122.4316034     116.9909297     135.5241628     145.6807586     109.4572360     104.6381220     103.9574170     143.9002599     125.0516925     101.6954260     119.1729865     124.2273403     108.4757333     123.0767398     120.5908775      79.3776044     125.1933122     139.3666648     124.6600971     105.4517389     125.8616938     120.8641707     128.3203553     130.9466395     123.2330092     118.3194820     119.9099094     122.6131829      99.5123924      88.7557332     105.0937585      80.6584792     101.4721999     106.4144684     121.5351661     139.4402969     137.4154585     123.0559616     105.5289800     129.1606307     119.9579885     128.5291638      94.2973623     107.1929316     135.4153746     139.8830631     137.9670809      99.0341111      68.0549867     121.6184495      98.7748441     118.4015728      89.6399961     142.6512811     144.3164546     149.7886173      93.9193225     127.6515829     140.2916973      99.9684722     139.3693725     115.6701015     121.9211999     137.5765107      85.5699762     142.1267987     128.1133943
    127.6268264     137.5527261     163.4326980     155.4117881     106.7663579     125.9703315     126.2405961       0.0000000     142.1214527     143.4717275     172.1049404     153.5890641     156.5403651     133.7729554     137.7299410     171.3937380     129.5529261     157.2597324     146.5513079     159.1900705     106.0200728     181.1823553     126.9729308     150.5565424     163.0956278     158.9258928     122.0158679     140.0978364     143.0094867     125.9695971     126.7977960     125.5645664     134.4790749     137.7321987     143.5477048      93.4580201     141.8844597      95.2643939     144.9728666     161.2113738     145.8166997     123.5212870     150.1022197     109.8034320     166.9280565     153.2002120     133.7975581     120.0742264     140.8737540     150.4526264     121.9505861      98.9099636     140.3418465     136.7352836     108.7465822     130.4506565     185.2274958     143.6717222     107.6244292     172.4236504     131.4429456     167.7384326     117.3914375     142.0719408     150.8309333     143.6509497     124.0018016     127.2810140     104.3118300     176.2449966     115.3871851     115.8153425     114.9873920     133.9966362      95.4332552     135.7299014     139.3747678     130.5693556     120.1966625     112.8024544     123.5116922     150.1958640     108.2385053     142.0721724     110.6855138     146.0284329     137.5977753     136.4969732     124.2271018     114.7125775     132.5379170     101.5403075     103.5944447     159.4421814     145.6872104     119.1001852     111.9686863     123.3653174     138.0713654     132.0601439     160.6259102     133.3924760      80.6847210     117.6774243     122.5103329     172.1980552      87.7680721     134.0094339     164.3630699     144.7606311     129.6252702     154.7251134     147.7442876      86.0710432     131.6125591     143.3687642     125.9320447     152.1586646     104.9581177     133.9224356     142.9814213     129.6862177     138.3750444     131.9160862     127.1244296     151.6161036     152.5525781     140.6649957     148.9644771     132.1912913      84.4613741     115.5024791     143.4541795     106.9536319     140.6280049     149.6551696     142.7209338     153.2343136     112.9301649     118.7206113     146.0155309     159.1958426     141.6457075     156.2700791     164.7166915     116.0190551     186.2844501     112.4869610     144.1049418     111.0849531
    140.4815591     123.5169574     144.4608606     132.8645593     131.7088415     158.3803659     108.5168064     142.1214527       0.0000000     145.2103527     106.4265039     114.6808084     159.6772579     126.7579618     142.5553468     109.5560058     135.0647232     124.6307322      77.1677890     144.8274884      81.5444557     121.1289467     115.4777121      85.0603269     115.1636232     135.2886159     115.0431762     116.9583070      38.9296721     140.4748662      98.5746725     119.7754091      99.5885577     139.9499482     101.0724577     112.4162558     139.4798944     138.9239131     119.1249104      98.7831143     127.7083060     132.8025207     154.9591162     147.6473925     130.2475713     143.5998434     159.4198179     137.5995149     128.8635250      91.7174137     150.4405403     132.7825204     149.6462126     126.8155699     135.8549556     101.2178505     120.7013006      91.3570414     118.4198827     139.3131618      98.2587554     104.4299750     131.8544790     151.8734384     159.0086398     164.3460406     129.3648379     125.5721744      74.3055818     120.7772946     121.5988786     138.7367535     133.4728036     120.1240557     125.9196528      97.3774634     139.0481271     123.3541973     135.8306623      92.7246420      92.6307491     151.7624884     115.2551470      94.4911303     155.5295404      86.6257855     108.1139362     164.9428414     135.9061667     134.6125663     179.3726709     119.2351196     139.5482011     123.5617368     149.4216220     138.4819607     126.1547549     115.4860203     138.8059661      70.4305647     142.2131998     125.4931333     131.3389345     176.1936849     162.9704302     112.1260622     133.2918029     144.6065892     128.0881953      93.6607553     140.1860561     134.7562830     110.2699557     139.5316497     113.6421729      62.8874706     114.8383775     111.1324538     120.0772026     120.4574998      74.4219955     108.6027527     111.4515932     155.7879958     133.2564273     111.7717898     127.9406303     135.8986098     118.5175604      97.8048382     107.6433257      88.1525561     140.3335293     124.3839543      54.1694451     142.4685882     112.9034441     100.0984299     168.1822125      86.8472513     116.9938216     123.0095583     136.5246960     160.5707216     131.3629579     148.1268655     149.3867441     114.7605960     152.0032029     125.9483245
    111.3218780     103.7524422     148.5166365      87.1359386     118.8341130      95.8710885     124.0902239     143.4717275     145.2103527       0.0000000     154.7338451     147.8372873     132.9910821     122.6145483     158.7498385     138.8279203     122.2515369      76.9895481     154.4324306     174.5687235     147.2725813     157.0221303     142.3608985     127.9519358     133.9200197      86.9625297      99.5235158     130.9360897     129.0439752     138.7492061     123.9425925     113.7667128     118.5115892     119.3114517     143.7322684     120.5713465     137.3231140     136.1854621      86.7313586     115.3024213     142.6559899     103.7480389     148.1734292     129.7105026     160.4974423     105.5388801      92.5987015     120.3076713     116.1684341     135.0839128     125.0379921     132.4771161     150.0433236     145.7558576     123.9407235     119.0884740     142.2728786     118.1223408     125.8942646     110.0931744     112.7447068     131.3049189      87.6792212      96.2309811     107.0030170     162.0964711     137.8333743     174.4095749     107.1169575     113.9511889      84.8747226     110.4208609      96.4877510     149.9496172     151.5571415     139.0027139     102.4240848     123.5107552      65.9101129     122.0083946     166.7088500     132.1294408     140.8689794     132.1498889     113.8931028     121.1224996     112.5611616     141.7801792     138.8950035     122.8503797     111.5891001     126.0142279      89.0434490     141.4191052     129.6639839      91.9691193     150.0285136      82.4256603     154.8870785     143.0615701      99.5465258     117.9103400     108.8342081     139.6228108     131.3183105      96.9508202     170.1643806      97.6076666     106.5854176     143.9833351     119.5897781     170.1989799     152.5372306     110.5718827     105.3447454     128.0458335     140.8907988     126.7334645      97.9811151     174.2701941     131.1653689     163.7877284      98.8122925      89.3640486     134.5694558     123.3087058      69.2973910     101.4908015     131.1191131     148.9758091      94.2202778     138.5819703     124.9563791      81.8322688     120.1415034     104.9034184     146.3452629     193.3516211     102.7749039     157.1297308     120.5366821     126.8649912     130.0002719     106.3883445     116.2500499     145.5807436     155.4278414      89.9492251     126.3385177     128.4291583
    153.6952007     166.9847301     142.0339121     110.1576232     195.8574391     145.0005600     129.3304511     172.1049404     106.4265039     154.7338451       0.0000000     152.5793777     149.5069433     128.8060246     174.1758825     104.0422916     127.3888553     144.9891178      94.6651245      99.8868267     114.5112714     153.3338572     126.8287803      64.9255991      73.5314833     134.8591025     126.9622972      76.0675188     116.2663582     156.2379486     145.1719154     165.0187177      96.6916049     112.2327375     170.0218225     128.3028245     143.5443212     178.6796573     142.1621656     104.6964365     167.5528172     117.2575621     130.9797270     161.7029514     151.3534733     155.9115815     162.7853923     145.1450689     139.3376369     151.4951272     155.2377412     130.7518545     148.0846452     149.6114305     168.3700245     134.2247380     120.4615284      94.8577746     130.7617498     151.3859854     149.5997865     138.5847723     117.1944118     147.5564159     150.0564458     148.5936287     179.2776639     136.1327507     122.1856920     125.4618881     124.0327939     141.7631684     142.3320404     147.4449648     182.6581998     111.6933238     156.6786346     135.6907473     144.6611591     109.3639366     137.2057844     106.8970042     123.3057840     119.8557147     149.2026986     145.4611755     102.8707655     134.3871065     128.8522623     123.5193035     202.0515343     119.3933161     157.8249808     112.3324875     160.9801612     167.1436655     167.7616494     132.9126344     123.9283307     100.5263198     125.1526105     145.3405038     137.6238037     142.2660591     157.2861865     102.3663329     147.6968550     119.8589190     132.0742795     101.2547014     129.7829781     152.3829176     134.3857524     136.1743692     133.8962332     101.3067965     161.3242279      91.1277381     129.3685554     114.1682760     102.9912443     154.1582127     102.5434945     188.0331824     125.5402153     145.2489277     134.5057746     146.7838232     114.4428207     153.7972990     130.1883820     130.0368462     181.4490996     121.2305501      95.3207852     148.2517737     115.9953693     159.4060465     148.2096885     136.6615975     150.9604076     178.2717215     143.3145738     121.7464955     167.7768299     171.4707809     163.1300936     126.8743652     144.2938202     119.8150118
    167.2706260     122.9137613     205.8067086     125.8356420     147.2953160     163.6385629      84.2254016     153.5890641     114.6808084     147.8372873     152.5793777       0.0000000     146.6187482     172.4774335     142.0929923     145.8763378     129.0451089     145.7077854     132.4609830     158.3910083     134.2037097     150.4137424     121.0140357     135.6129191     170.2044964     138.9418369     145.9674399     149.2109686     135.7895161     147.8498022     135.1012861     181.3000534     147.3922269     153.1586589     114.3046772     168.2480796     105.6178496      93.0870528     125.9420047     139.9749464     180.9497501     120.2488985     168.7338166     138.2839212     140.7490607     111.8728418     160.6103149     167.2311113     139.7961511     118.4340120     128.1283502     173.5718157     166.5426926     141.0233255     131.6552534      76.8457661     106.5578772     120.3114052     150.5842308     145.1915700     157.7526177     136.6663795     140.0217031     145.4634326     160.9466654     154.8803220     131.8408288     175.2613361     106.1868603     109.3547569     109.7471028     121.3378461     156.9449024      96.6415642     142.3594045      85.9075444     151.1431282     152.6165646     156.3581685     120.8914939     108.8187539     147.6995285     144.4947688     151.9234232     136.3108192     144.4086504     153.0994773     164.2038465     131.0782774     128.6524288     164.1895486     114.5769662     110.8655078     150.3490274     125.9276508     154.6236855     152.5113920     145.2021428     135.4243131     135.6902399     165.3738439     144.8404516     144.9137092     178.3007250     141.0240389     150.2042176     148.4470225     161.1683560     167.4841710     150.4313540     167.8995697     110.4568088      66.6951239     137.8890065      76.1323334     131.6900876      99.4351024     153.4183782     153.5150942     164.4870348     135.6998698     107.2624153     133.8878934     116.1074441     119.2599889     124.7218915     139.3901303     158.2370096     177.8104819     142.6131495     104.8018853      86.8516748     149.1967103     138.9110142     127.3901615     154.8053589     181.2434240     156.1225317     175.8582606     122.1158467     116.9086492      89.5441752     138.5150224     172.0829181     115.7612909     135.2070104     168.0751373     122.9919655     116.1192149     154.2063593
    136.8992057     135.6532184     176.8836643     119.9021551     169.5879270     130.7083862     147.3855831     156.5403651     159.6772579     132.9910821     149.5069433     146.6187482       0.0000000     163.6891069     124.5762024     168.1136205     154.8503535     135.3932223     146.3094982     153.1275172     185.8648882     156.1516533     133.6379352     138.7315938     151.6056417     136.7781141     150.1793554     112.4156802     167.0787565     172.9684864     173.9525725     169.6150250     110.2797037     125.1263583     193.9377615     153.6088255     119.5389282     124.3042964     145.2059868     108.3527788     157.7926533     144.7284496      98.3779992     136.3909052      94.8979010     145.4284395     117.5169940     122.7367042     155.1896577     154.1268985     102.3634554     127.0224055     188.2169369     150.7118731     167.7989097     140.9414589     115.2071258     148.7945429     134.7516260     143.2435846     143.1183851     170.1041755     109.0638416     150.3820927     145.8208263     139.5115553     155.6085910     183.9438164     145.6590488     148.4118812     102.8629664      98.8653198     173.4401768     132.6956123     169.4681219     136.3485740     154.7186695     154.5798974     147.5524809     127.1533370     150.8772642     147.9153729     150.0828061     119.2505814     108.8930363     147.6605619     115.8229313     129.2978947     127.4847864     107.4155556     157.2998571     121.0977964      90.8231239     104.0279044     120.1711156     132.4104837     208.5748423     152.8565954     159.8683376     126.8854665     161.2823763     159.6951260     162.2801312     124.1892094     134.7320204     122.7785738     142.4523149     134.6813874     156.2330812     158.4611090     125.1705859     153.2866913     140.4673002     121.5769635     103.0537512     170.2940704      95.6770027      92.2040441     109.1232695     161.9691439     175.4775434     124.3857940     120.2379046     143.4982412      83.0144600     149.4633532     152.4077457     128.8345145     149.8375277     167.8366581     134.0890131     120.0897974     185.1978433      87.8369123     131.1237403     151.8238621     153.3880710     157.2313322     129.8627387     174.5338201     120.9532787     151.0254757     105.4117638     162.9445384     176.8345610     100.4697744     187.6206932     100.9642008     123.7184394     114.1944282
    125.7597958     166.4109928     146.5026871     138.1261800     146.5668686      95.1860163     120.0359756     133.7729554     126.7579618     122.6145483     128.8060246     172.4774335     163.6891069       0.0000000     161.8543806     113.6926652     145.5199362     115.7627547     135.0141654     166.5241421     107.2542007     147.7626301     155.2273117     118.7612479      93.9319358     146.7615247      95.8219523     122.6906227     108.9274931     104.5925198     116.0198303     104.0335311     100.0999491     107.9198913     144.4765180      59.0309379     137.6578538     163.7274757     118.8065872     106.4874091     161.7919188      94.3891541     154.2647006     102.8335541     159.3092575     152.1343399      90.6547921     134.1801812     122.0860482     111.7466131     113.0791753     102.3967505     146.5957802     160.9505920     102.7251588     123.3294536     134.4733559     106.5124324     111.5141210     144.8981481     122.0634109     142.1843211     101.4283167      97.1648986     121.7710851     117.4886678     130.6629132     135.5471126     125.1786678     134.7510231     109.3457752     113.7736213      98.6274137     121.2232407     179.6772735     161.6000214      90.3290303     104.1910370     122.4099988     140.1809717     164.6939205     108.7995375     105.5209109     118.9109195     134.5027183     120.8971569     138.3782226     117.5176416     112.7057895      93.8882942     145.3583327     139.7305159     135.6017092     150.1862328     184.5224186     117.4613274     134.2620884     131.6400228     126.9080423     136.0154993     143.1899482     150.1410314     105.8608317     120.8333572     134.0603292      95.8213098     151.7755579     112.2381585     120.8163992     114.4465362      90.1394753     165.7572398     162.2401660     102.8180207     134.4374133     106.1480278     158.9700389     118.2165773     106.0762067     124.5381647     139.1700586     158.1298071     151.3859253     160.1480095     158.6837077     126.3063254     132.0517621     139.1728863     104.7735395     132.7020018     131.7114956     133.1595716      98.4169604     104.6594240     114.2570357      96.1747233      94.8080913     175.4679381     149.0620928     118.0578250     145.1187819     186.8199963     144.1480025     131.8072069     159.0403339     130.7238269     135.8924573      79.6082607     156.3694989     101.5362353
     92.0519724     122.5371930     195.6704333     167.1302747     138.0360774     132.0658905     128.9860180     137.7299410     142.5553468     158.7498385     174.1758825     142.0929923     124.5762024     161.8543806       0.0000000     158.7587415     120.4125658     159.7637947     136.6187170     188.3964893     165.0058043     102.8507109     157.4007476     137.7085859     163.0961255     179.1672016     159.6879570     155.0025142     151.6442948     122.6309521     130.0984130     150.0392179     103.2077481     129.6744148     157.4130834     150.4544057     165.2122049      98.6638276     140.9680420     133.1404929     156.1358739     167.8911106      97.8460902     143.0861829     151.0070644     183.3794485     147.6742650     144.6656991     147.4741439     149.8585968     118.5467465     139.1880842     161.7106448     172.5630335     114.7207103      99.1780042     135.3907700     147.3510618     154.4552616     116.0524760     146.6785534     154.0941116     134.6559021     161.1802028     132.4348826     145.2738218     128.0099708     183.8893677     153.4700728     124.7364934     132.6515343     132.3846320     183.1296251     136.7065263     162.7301383     155.8227406     120.7027579     130.7902867     175.1682689     132.6314916     137.5473245     160.3667878     126.1307942     118.5197571     140.9236660     165.7557308     170.5947766     126.7827483     139.3774608     138.3274072     165.5774964     154.3641354     120.5996865     137.6448370     137.7141085      96.8633783     151.2679097     139.8345752     162.7918112     141.7800358     162.0479191     123.5017072     156.5104194     147.1708932     177.7931037     166.1638838     124.4119008     175.2129156     153.3895848     141.8156132     166.7328135     108.8715958     145.4359213     139.8757671     124.4509909     136.4401782      87.5398712     136.3400213     145.3500747     167.0554070     159.5489780      78.5672499     144.6977836     133.5780635     140.2622916     135.9336749     172.9385416     119.5440279     152.6877628     148.2696225     143.6075415     121.0121403     146.8729054     112.2713718     154.4925746     157.3296740     174.6949925     110.5016847     158.3373797     171.1908194     154.3122861     165.5914977     135.2818127     199.4325409     175.8957668     114.5275353     140.8873408     108.4664327     167.5852281     160.7627367
    119.4661256     141.5134256     148.1509172     146.8617805     173.0689659     111.7932914      86.2415939     171.3937380     109.5560058     138.8279203     104.0422916     145.8763378     168.1136205     113.6926652     158.7587415       0.0000000     118.9947374     124.4915659     107.1752950     139.7894883     123.0209899     110.1362596     113.0054313      88.7052674      71.0794042     120.3766309     144.2990173     123.6646448     100.6388114     122.4587604     116.9284285     135.2567511      85.2012503     113.5125750     144.9819026     117.4583307     168.2869550     160.8203332     140.2431190      80.3461003     158.3681136     116.3044800     139.8278821     150.7146372     184.2994069     160.9366176     138.1498611     187.6060608     106.9740930     112.9967596     135.2830816     125.6497683     165.5055955     191.5959118     127.8870418     110.9151318     121.1550024      99.7139713     162.0904202     138.4430500     117.1210746      96.3981792     114.0790037     149.7035855     118.0833673     162.2141379     130.1781101     131.9405009     128.7295891     102.0079560     120.6289269     140.2295217     119.4259648     155.2368914     181.2765098     142.8809255     102.9765556     142.0004676     142.2111282     102.5207423     151.8232124     116.7632004     122.7818161     103.5135793     147.5824030     145.2063300     146.0031906     127.4268141     137.0817942     129.3046408     169.6607320     160.5787670     144.3987957      97.8516198     155.6732335     127.9651509     146.7740530     123.5078452     113.6650719     127.3364267     131.6467706     147.4391831     134.8500387     140.5433845     149.4296098     109.9404204     156.1896152     112.8249375      96.8996646      87.5296494     114.7160205     133.9601490     138.2313366     140.5158773     116.9881628      97.8891273     145.0188612     102.9065048     152.9031072     150.2558313     127.9450071     135.4776261     136.5630037     164.0967155     151.4846533      88.8637662     113.6204497     134.5660065     128.2063613     140.6924215     141.7018032     111.9699898     152.9058059     110.4335678     111.7293337      95.6219056     113.0065641     148.4736927     168.4906490     127.0886472     155.9396498     182.5074730     109.0441066     139.1489081     137.4097657     162.8394279     138.1861161     104.7170697     186.8278937     149.9437128
