      0.0000000      59.2148558      59.2480014      75.8209901      26.6135946      68.4150638      99.5114332      97.3953377      49.8603578     110.3103051     105.2814251      33.7307675      29.3281333      86.1779028      18.4500221      35.0058768      60.4586336      63.0692180      88.3105783      76.1397538      82.1499493      85.8177015      99.7568856      28.4827409      49.2726281      47.6574744      94.4179870      40.6561213      48.5409880      83.0483986      58.8392142      42.3825722      50.7992113      68.7533629     108.4860867     118.4289332      42.5907735      78.0250887      83.2230687      52.1086226      80.0193740      58.2159002      22.0555438      98.8433780     107.4206130      43.7894538      71.3704445      72.7702793      75.1789956      33.6965899      70.8979081      90.4328248     100.4555412      81.1965128      27.8452860      90.4473622      39.9284004      70.0644540      68.2847948      76.6625918      93.3788861      99.0905939      57.5924753      68.6335717      96.3204403      90.4990752      99.7406572      68.4903151      64.8610092      95.0684582      29.9549906      82.6191741      94.4548263      75.3572984      45.6645943     103.1936431      65.4654647      32.3144613      14.2455174      87.4615020      61.1493088      65.8260643      82.6382794     131.2899709      65.6825902      76.4943161      77.2954693      82.6480994      89.8967558      53.3115283      74.1110047      72.3660700      50.1741159      99.3523230      57.1492144      93.3869806      54.1838073      60.4102245      75.7310914      46.4413699      80.8433057      74.4307629      77.5502404      93.6274701      65.8914639      22.4013551      46.7594134      53.5794459      30.3612084      70.7650610      35.2806053      12.3232485      86.3257211      96.8532697      44.1841347      65.3777463     109.9875758      61.4200683      90.6290590      99.2750164     107.6607480      69.6675354      80.0107152      46.1436797      25.9644489      70.8775200      74.3574048      37.5766713      89.5069034      83.6756670      36.9480753      93.7880622      51.3144590      84.7762542      60.3517123      77.5640511      45.7760688      73.4293996      98.9944693      63.5014002      69.8048829      45.1704167      55.5442281      61.8951512      84.2192751      18.8595606      92.9198125      44.5413098      97.6204126      77.6823232
     59.2148558       0.0000000      38.1671454      69.4013927      74.0735378      65.2842645      72.8492816      91.1712992      94.2801646      82.9056941      93.0622092      63.2652257      79.1349234     115.7491103      64.2988346      80.1311072       7.6266480      41.9480534      52.5970847      76.7477403      68.8423362      46.7572375      99.6251707      80.9526334      74.5826993      83.2815061     107.8093166      73.0837495      82.1569301      99.3025245      89.8570213      40.6770452      74.2647804      56.6081192     102.5228261      90.6055571      93.8534341     100.5101672      92.9521059      83.9786915      31.3704582      84.3363609      73.9706509      98.1244084      76.4863901      72.6777173      94.3715860      18.9466222      29.2882447      58.7827197      97.6047175      66.7375032      98.5206933      68.2853705      75.5294372      49.1575915      56.6757863      86.0985039      86.7705618      29.1564573      73.9833301      75.8967722      66.4475550      63.3840019     111.5084838      65.8979176     121.5887810      97.8499349      62.0388893     116.2560978      82.5777603      44.9388245     112.2806505      37.5345043      72.9573936     110.2169890     100.2405058      72.2387915      49.5820390      82.3618455      89.0286043      83.3776840      69.3350371     108.7845074      97.5714182      86.4509673      79.1515057     102.2776191      82.5568508      42.2939213      56.5154721     102.1339153      39.0052307     120.0629161      41.3192988      97.6885883      77.3875569      73.2882429      29.8926946      86.9808280     107.0142743      46.0281231      50.8071767     112.2621799      11.5999210      62.5185300      77.7504809      32.6287593      39.7978739      75.8612008      63.8334282      67.8035402     104.5880118     114.4196131      88.0370696      83.6652207      84.8188701      47.3574875      80.2662835     110.9870874      80.8981218     101.9319886      90.8937698      27.5479270      61.8580201      93.6268989      52.4373509      89.5023442      67.0110129      45.2975723      68.9271711      91.6378545      73.8457504     110.6251175      72.6867807      67.2616208      35.8473804      95.1758452      90.6235631      87.1770250      18.8158010      39.1393309      73.2586600      64.7363452      80.2027196      76.6502377      70.6864601      49.6776468     122.1334391      61.6421175
     59.2480014      38.1671454       0.0000000      46.1435378      64.8374194      51.5580032      43.2488239      83.6607275      93.5361314      53.3172109      57.2969508      49.6870237      79.5406687      92.4814208      54.0299338      62.9365362      44.6307720      52.7055304      45.8310858      39.0867957      31.6733882      39.8356139      74.6207725      73.3931524      46.4215228      58.4381317      83.6762315      59.8293436      55.7529911      87.0532860      61.0465652      42.8016658      84.9384033      45.0549756      86.6947519      76.3885807      85.4294758      66.1100150      55.6784543      86.6605845      51.5199073      53.7077919      67.4653785      62.8062372      64.0649712      46.3987965      80.3363650      39.9913580      32.5603812      68.6239441      65.4940118      35.9767154      61.9922021      67.5970065      69.2369392      33.4759004      48.2309113      83.5998726      60.5849620      29.1318364      58.4560903      43.3651996      32.0605525      81.3420564      86.2763305      83.2121575      92.5076027      72.2543694      32.2967047      86.1131129      68.9000002      24.4442698      75.8442047      24.9388207      47.0098137      92.5517226      86.6592726      58.9272429      54.9580601      58.4961642      59.0760898      49.1968922      32.0594616      99.5916183      68.8569731      72.0367999      43.9163693      84.2697710      73.1841836      26.7493876      31.2740602      73.0203165       9.7923960      95.7356684      50.3530862      80.2870130      56.0656390      62.9602726      31.8980868      68.0997836      86.9882784      43.1111852      27.9453210      77.7599974      31.8789869      52.9565670      51.0224004      53.3566418      43.0732160      54.3435137      44.3932302      66.6723525      70.5574018      83.7480250      87.0192022      62.4475448      78.2559693      56.9582026      59.9008779      78.1766909      55.5502802      76.1331908      84.2210588      37.4156820      54.3098087      62.2199382      53.0439724      78.0034080      36.8276312      41.1196403      46.4538968      53.5243657      46.3106699      81.7589992      40.0901813      78.2169547      31.7298166      70.6765083      73.3504913      58.3523140      46.5220161      32.7708603      43.8914227      57.3252776      51.6536226      69.9087361      66.5451888      47.2496310     102.8545515      79.2843900
     75.8209901      69.4013927      46.1435378       0.0000000      86.8995210      18.2606834      47.0079216      44.2335495      83.6768921      59.0900791      51.8040865      45.9422126      79.9494168      61.0853150      73.6502322      63.3352279      76.8113490      48.8686369      38.5238389      42.7647358      43.6609083      41.7337802      30.3401479      73.2639144      62.6905128      71.5354748      42.2266153      47.9967765      60.4690961      49.5164339      71.8622351      45.0072018      78.8905588      19.9288139      41.7373423      47.9061458      78.7658311      65.1968309      58.4248039      74.0091798      92.4805901      54.8982483      70.2680277      41.9550941      41.7434688      57.6573149      47.9184992      78.0340191      74.3373706      70.8913780      72.9419237      37.9283416      47.4682442      40.4585854      67.3605730      65.7360311      40.2832474      56.6717596      32.6756774      54.6662488      23.7725977      51.2425543      43.9979946      74.6173116      46.1151014      72.2540910      59.7487381      49.8646628      18.2077235      55.8282765      76.0341869      53.2079011      75.3212549      67.6854008      65.9224346      47.4373589      61.7050826      55.1007004      69.5131439      13.4597106      53.4693611      51.6923108      48.4947498      63.6096845      58.3412751      33.4017597      31.0536368      46.3749648      33.9969552      29.0533247      18.2301376      56.5183080      48.2391532      57.1948215      47.4247216      35.4061130      35.6822364      35.2758848      50.6050516      88.4390270      53.1305742      33.9547353      28.9463227      59.0597522      64.5539781      56.9925425      58.6644817      61.6982522      53.6182955      15.3076099      69.3124795      75.7516418      52.6589691      51.9793445      78.4741097      31.4824606      47.2418481      49.5950195      16.3106129      48.3672352      42.4133820      55.7675666      49.8423137      77.5264907      82.3745519      47.5517922      36.8105006      74.7680717      33.7052530      41.1288273      63.3438358      56.2899511      40.5638677      55.3139336      62.3893930      61.7267409      73.5702735      39.5514675      28.8790664      42.3597045      84.6890830      74.2607627      67.6861582      31.5760992      14.3543313      82.1232661      38.1936124      87.1163101      64.7083905      70.3450232
     26.6135946      74.0735378      64.8374194      86.8995210       0.0000000      84.3682744     103.1797976     115.9492021      67.4607576     111.9290283     104.2089335      47.5137331      48.4092201      91.0804589      13.9349988      36.2034731      75.2757608      85.2037120     103.0326528      73.4048216      81.8954723      99.4194251     108.8209185      39.8448265      38.2575758      32.6512445     102.6764770      54.3404100      40.6406400      98.8674623      43.7799201      63.6128620      76.2746938      85.0945244     122.9687658     131.6332815      52.1392072      67.5008631      74.9665762      74.3966153      87.1672134      51.3464169      36.3360954      98.9350439     120.9853187      36.8506533      85.5128131      82.6378923      81.1640268      60.0173669      56.3799723      95.1262512      98.8282782     101.8601049      43.7953052      94.7739368      58.4154214      91.0150590      74.1388004      88.3226048     107.3851777     100.2496830      55.1695973      94.7842144     103.3406014     114.8436401     101.3201922      70.8989627      72.1827025      95.7025904      25.4937138      88.7105186      82.3350799      78.8292941      33.2890000     116.3539132      77.3146248      43.5831831      39.9584622      97.8380982      56.1702755      59.1912079      81.0583616     147.7057969      60.9990393      91.8013766      78.3343907      94.4706533     107.6155480      67.3623034      84.0660365      69.5108913      55.1036532     105.8322293      79.3837718     107.0577263      63.1001276      78.0136307      89.3272849      22.4341316      89.7723495      91.6901173      87.5030115      88.9631597      78.6654169      37.7032778      39.1791710      76.8645235      52.2925554      82.3788383      23.9805887      32.8333871      82.6087600      98.1089382      62.6494577      75.4903951     127.1855750      84.4521254     102.8894538      99.7518019     114.5994593      70.2938351      99.1232842      52.6953795      13.9646386      68.4932933      94.0148949      43.1096767      95.0620091      98.4683913      28.1510862      88.2561820      53.0700505      85.0241421      49.9604090     102.0233363      47.3113417      79.8805302     112.8003391      64.2009817      80.2106905      44.9850423      42.5949415      80.8824534      91.6517205      19.9949552     111.3504221      39.1813209     107.1952231     102.9028749
     68.4150638      65.2842645      51.5580032      18.2606834      84.3682744       0.0000000      62.2596179      34.2534978      70.3250283      74.9650327      69.7636676      39.1631901      68.2969703      60.7392847      70.5642038      60.0974914      72.1006303      35.8198047      40.5826529      56.9022895      58.4125882      44.8497728      39.8107822      64.8655445      67.8422215      74.8288898      45.5107078      39.6883279      63.7595610      38.8854993      77.7096718      33.4707901      62.2604501      10.9832067      41.5241200      54.8508700      69.7211656      75.4351820      71.9603696      58.2297334      92.6026347      61.3507689      61.8900091      59.1881424      47.8999659      61.0350136      38.2181699      77.7281492      77.3711211      56.5996011      81.2866156      52.8909483      64.9436206      25.8474232      57.7538744      74.2159875      29.2094154      39.9355820      36.6207683      56.8525412      28.6749427      67.0765465      52.7324711      57.5490358      50.1992976      57.9885287      66.2465984      51.7809450      29.2329761      63.4986901      72.2524123      61.5263684      88.0218573      73.4238085      70.0438671      44.9806507      52.7599960      48.5085423      60.0457629      26.0829455      59.3911283      61.3879859      62.8206584      64.0437739      63.0996581      23.3826909      46.2048799      41.0856523      24.3229248      26.7074084      29.3831001      61.7723584      51.8795254      59.1090341      33.9898922      32.4781727      33.3058118      20.4198662      51.1842425      90.0602476      49.6255398      29.0398693      37.9376906      70.7439188      63.1271033      49.8942794      62.2518096      49.5188060      43.8560759      16.5928858      70.8255530      66.7783572      63.9674444      61.0144712      65.3200869      29.1448360      45.5979250      34.5785548      25.1470526      60.8527286      57.4186095      57.7427398      34.9626433      75.7355623      80.4404383      55.5323956      25.7579366      67.9314592      48.9321959      42.1861001      65.1096374      72.4984634      44.3435211      60.8963568      70.8038130      44.7415839      74.1110970      41.1281488      31.1819386      47.7938269      82.7421958      75.1361255      74.4198075      13.7384325      31.6224488      76.2562373      31.5181541      87.1336142      61.1020930      54.2720279
     99.5114332      72.8492816      43.2488239      47.0079216     103.1797976      62.2596179       0.0000000      84.2870724     124.0582814      13.0605893      27.6031966      79.5949948     114.7014112      99.9934670      92.5007762      92.5496250      79.8065306      75.9306697      44.2313129      40.4078009      24.3707761      40.8723169      62.8492563     106.6040140      73.0546980      85.8980663      81.1239790      86.2184884      80.1595239      96.3495066      82.9653203      74.4136208     116.6113124      56.4558108      76.9938858      53.2025357     115.6160752      74.1817138      56.4253443     115.4877311      80.0455385      71.9683311     102.1027130      44.5032372      45.7323290      74.1573371      94.0297044      69.3322503      58.9965735     103.9172803      80.6494580      10.0683723      42.2575571      77.1386037     102.1112499      36.0678795      76.6952587     102.0809461      69.6648964      46.7267781      49.1826287       9.6646279      52.3286853     107.6788530      83.3469421      99.0609574      90.1749220      84.4647007      42.8692268      84.3465754     102.1322784      30.2064645      75.9688575      48.5653002      76.2776606      89.0527679     105.4776849      88.9189342      94.8562847      51.0718987      75.0322148      62.0815997      26.7597294      82.2000333      83.4204479      80.3507987      41.8049280      91.4434916      74.6135708      53.1325282      33.8195396      83.7165195      51.4641844      95.2676404      76.0755745      78.6875349      74.3205311      80.4509204      48.6389902     100.1396314      96.0016832      54.4956329      29.3297598      74.6470394      62.5004470      87.2669337      76.6085413      84.6412712      79.9274256      61.0664387      80.0741153     104.6107254      70.0830327      79.2191480     118.0586070      74.3487116      67.9893181      80.5643804      51.3483836      68.6511732      19.6734061      88.9409509      96.1686091      79.0413841      94.5318417      70.9962083      65.7241938     108.5161327      13.4854989      45.3381905      78.6861566      41.3356213      66.7987983      86.0284975      62.1139559      96.7915924      73.1500903      78.7467770      64.3838915      71.0836053      79.1523356      73.8782458      69.8148457      74.5342798      43.6072871     107.2903231      66.3147718      87.7058413     107.5966835     100.8304960
     97.3953377      91.1712992      83.6607275      44.2335495     115.9492021      34.2534978      84.2870724       0.0000000      84.5577131      95.8422382      91.5900196      68.8853330      89.7419829      71.1975143     102.3018068      88.5426595      97.4456148      52.5611634      55.5730442      86.6650037      87.1757364      63.3161260      44.3767354      89.5337821     100.8977775     106.7932240      50.3960422      65.4296790      94.6968959      35.7088209     109.1709903      60.6848204      73.9788460      38.8291202      23.5471424      51.3563887      90.2790086     103.6418559     100.6609581      69.5135342     119.2826976      91.8527231      88.0232211      79.1122709      51.4258554      93.6517728      46.6452704     104.0280993     105.5165741      76.6750886     111.6371218      76.9130785      86.3813815      24.4095602      82.0919845     100.1785202      58.0373239      41.0850897      60.1024159      81.2145760      35.9061031      91.0258020      85.7184088      62.9864853      55.7918117      54.8387287      77.0718012      73.1177848      60.9838386      77.5921664     100.9834461      88.0624016     114.7662099     102.8245848     103.3397415      32.8205708      64.7853901      76.0748150      87.6442853      41.0066434      88.0518242      92.0136936      92.0660374      42.5855733      89.0974804      30.3043603      73.7659117      45.5173801      10.6396090      59.3005319      57.1151577      85.1920914      85.2667253      62.8377899      53.7386817      26.6150723      60.2359115      39.4408047      74.1834114     122.4166824      58.2924927      48.2785098      63.7192680      91.7069252      89.2246954      79.1452882      94.0678902      69.1727427      72.2977351      41.7922596     104.4796654      93.4383508      86.6525303      74.6362117      81.5356394      50.9285496      33.5069356      49.8276789      35.3207119      76.2734250      72.0388209      78.8998347      28.6887013     106.7283567     113.0308880      81.4481858      39.3938193      91.9507555      72.4661882      60.0822738      98.1534307      99.3073597      75.3762945      78.2550861     104.1365712      43.5579509     106.7663551      59.2909727      25.5417564      74.5709966     109.0808691     108.1229931     108.0673799      35.6339364      52.7595343     104.8411294      28.0172359     120.1426076      60.1224781      56.2828407
     49.8603578      94.2801646      93.5361314      83.6768921      67.4607576      70.3250283     124.0582814      84.5577131       0.0000000     136.2143293     126.1511054      46.0455175      21.0027646      68.1580299      60.5454424      47.6765779      96.7139794      73.3531364     104.6407091     100.1741893     109.6085916     106.3176708      96.3436029      29.4669519      80.5407330      75.8733094      82.5481987      39.2586637      69.6762605      59.0978626      84.6310246      59.0385816      33.2378218      76.4960403      98.3341006     124.4703613      22.9300300      96.0315630     105.9918608      19.2957459     122.1039688      77.7330441      33.0137872     111.1068184     117.4232910      71.6475404      49.3905432     111.6031153     115.3813707      37.9611984      94.1120348     113.9989538     115.9746673      77.2424478      27.4248984     125.5716966      48.2721917      44.5886584      68.5179113     106.8258902      98.7488428     125.5456144      85.1350592      63.3451441      84.3750074      89.4951773      90.4881978      64.2175060      82.0470229      89.6024485      49.4443286     114.7340816     113.3274227     114.8516718      79.3910943      85.5495830      37.6324884      39.8013624      49.1172669      90.2349383      74.6827014      87.6632162     112.0002718     126.3542390      72.5352828      63.2041946      94.1264793      62.8950538      81.8741426      74.1517152      92.0304351      74.6106543      86.3188620      82.2705760      68.0826532      80.5809055      55.3853755      51.2005766     102.6424449      80.7426766      60.7127916      88.2158497      99.3999298      99.9325911     100.4665404      42.9780111      71.1411112      71.0334413      55.5728784      71.5260370      75.8180044      37.8625788      93.9305697      92.8873552       6.5767944      60.2503037     110.2291581      67.3518981      93.1458009     100.8672446     125.0251709      65.0193071      57.4549328      91.8095228      73.3365731      79.3852765      81.2485784      33.1805248     111.2464129     102.8075702      70.4093876     117.7671612      66.9257352      79.5966100      94.3992222      70.0971453      92.1742695      66.4454807      94.6487864      70.6058157     109.9047062      92.0039526      91.4133716      58.7840106      92.2636385      47.6525747      94.1491606      93.9919538      71.4928949      75.3570729
    110.3103051      82.9056941      53.3172109      59.0900791     111.9290283      74.9650327      13.0605893      95.8422382     136.2143293       0.0000000      27.0213563      91.2812651     126.5104157     109.2407223     102.1019725     102.6935424      89.4953373      88.6758210      55.7466398      46.8373699      31.2108461      52.1748270      71.6785392     117.7485652      80.4596471      93.3449046      90.3298127      97.9575463      88.4876036     108.0044075      89.2736418      87.1034504     129.4701782      69.4290456      86.7914365      60.6434413     126.7989885      79.0132207      59.9277692     128.1857083      86.2099450      79.6503991     113.3260669      48.8899164      54.8928473      82.7103507     105.6723785      77.0916632      65.5427392     116.4233165      85.6229958      22.7641626      44.9722393      89.7298018     113.6781718      40.4828681      89.1903945     114.7912133      79.8049486      56.5552362      60.5171005      11.9701757      60.7723944     120.5376835      92.0942297     111.1779079      97.2668514      93.8114167      54.5993807      91.3409938     111.8937923      38.4143374      78.0008073      54.6644711      83.7938189      99.0854124     116.8381070     100.1831668     106.3934305      61.8072524      83.0220134      68.8384671      32.0207344      90.1129369      91.3797625      92.2080101      50.1078047     102.2807767      86.4687636      65.8067599      46.7732909      91.6263473      61.4357072     103.9446286      88.9173287      89.4122115      85.4895937      92.9998680      59.3918257     107.1329525     106.3218286      67.1253685      42.2304078      79.5527122      72.1454665      98.6471061      84.9879664      96.9628668      92.0917001      72.7865378      88.3152684     115.8402983      75.9510717      86.0244861     130.2164530      85.5243930      77.9993920      93.4668495      62.4006036      74.4319158      26.3587354      97.9148382     108.4903513      87.7275096     103.1961632      78.8177621      78.4611111     119.2139369      26.1629640      56.9234387      87.3266485      42.5142784      76.6850485      93.8550933      67.9597230     109.6098340      81.2602088      88.7382789      74.8063079      80.1968598      87.0934928      81.7963380      75.8920001      87.4173539      53.9332883     117.4497886      78.0589291      95.0093282     117.4655687     113.4611779
    105.2814251      93.0622092      57.2969508      51.8040865     104.2089335      69.7636676      27.6031966      91.5900196     126.1511054      27.0213563       0.0000000      82.1600528     118.3119997      88.9476282      94.8240221      89.5035812     100.0717139      92.7462908      66.1168872      31.1870216      26.3613876      64.4657847      57.3326212     106.9595962      68.1710023      79.5727848      72.4038500      86.9268667      73.1806705      96.0501157      73.3141950      86.6170958     125.8339174      68.0948143      79.1718024      66.3856559     114.0274903      57.5571584      39.3015651     120.8037806     101.3027645      62.4599776     103.8656238      24.4845185      63.3071841      70.1463900      92.3650755      91.1986707      79.8332734     113.6069119      67.1514172      29.2103282      18.7756939      89.9159384     103.9324136      59.3277766      83.0752416     107.3097626      62.7131318      70.6488014      60.7394213      22.4313292      49.4366929     122.6164189      72.8813455     117.6519888      73.9944817      74.4737636      46.2919022      67.8391603      99.8205169      53.5821709      54.8258756      67.7187741      72.6542415      86.0640462     101.9627068      89.1639282     103.6007296      51.7663211      64.3464591      51.1384694      28.2341126      92.2045247      71.2457722      81.6088069      32.5159787      86.9828528      82.4059337      65.1990240      46.4245641      70.2907322      62.2687243      83.8159317      91.5996691      77.9734561      71.7488626      84.6390631      72.1526196      95.8370230      88.7524713      72.8519879      48.2561969      54.1583317      84.0568588      90.4199579      70.8237199     101.8043107      90.8752075      61.7559838      80.7943627     108.8645594      51.7715489      62.6273653     120.6523702      71.1601486      82.2435786      95.8318527      56.2916221      50.2802952      34.8290464      77.8569658     100.1905900      93.4699561      98.4584603      58.0480894      81.9422151     106.0829253      30.1202235      68.0570717      76.9252075      21.8420023      62.2545390      71.3714802      57.4806845     111.2763728      84.9071663      70.7585407      68.1749185      61.7519591     100.1127617      84.5969897      65.8318930      82.4326589      41.3436571     108.3612972      81.1673432      96.6090847      99.4036177     117.6245360
     33.7307675      63.2652257      49.6870237      45.9422126      47.5137331      39.1631901      79.5949948      68.8853330      46.0455175      91.2812651      82.1600528       0.0000000      36.3638653      56.7860391      34.4125163      23.3918379      68.0877409      50.4337010      69.0149071      55.4523881      63.7458461      68.9051041      66.6430287      28.1587960      41.8619736      43.8003723      60.9032329      11.3113308      35.1549280      52.9998049      50.9412561      29.7849412      49.8774844      43.0345633      76.6867468      91.7652648      37.2391570      60.0146929      64.3775110      43.4684700      88.8291692      40.0608548      24.4017263      70.9639664      83.0273085      32.9584519      41.2491176      77.1008702      76.7014800      37.6281028      59.3583160      69.6757220      74.4752105      57.8350981      22.6987688      82.5038326      14.3149308      47.3482330      35.8175682      68.2815233      65.7676944      80.2086620      40.2380783      63.1935576      63.0897514      79.0705880      68.9859154      39.6125525      38.2473248      64.7331925      33.5876912      71.5328602      76.7524626      73.1215546      42.0031280      70.3560325      40.4357802      11.1589165      31.6917203      55.8763880      39.5876375      46.8034989      66.0052382     103.1475680      43.3159320      44.5924724      51.1008892      50.6018331      61.0158876      33.4384951      50.1467354      47.0451286      42.7839910      67.1910473      44.5619550      60.6040441      21.1328586      30.6923707      65.5085917      55.5224144      50.0242541      55.3255658      57.4460879      67.2414583      65.4802008      11.8292213      34.1908168      51.2382434      27.0054336      37.9982279      40.4128071      30.8018617      59.7011115      65.7938499      39.9126768      31.7734565      84.2508000      47.9188701      60.1146473      68.6582769      83.5860755      42.7995421      52.7286559      59.5734329      47.2375695      44.6177006      54.2326876      32.1760263      67.4569283      66.7991539      33.8960288      73.7840513      25.4520448      55.6979588      52.2968022      62.8791311      56.2112915      40.9686412      67.6507966      35.3647544      78.5230528      55.9344718      51.5433750      34.8073767      53.6939689      37.4067054      68.5836354      62.8061476      67.1695006      68.5104313
     29.3281333      79.1349234      79.5406687      79.9494168      48.4092201      68.2969703     114.7014112      89.7419829      21.0027646     126.5104157     118.3119997      36.3638653       0.0000000      74.8705570      41.7316359      37.1765199      80.9592695      67.0314419      97.8424831      90.3292663      98.7550825      97.8666308      98.0199334      17.0072797      66.6432391      62.3519548      87.4180599      34.6775644      58.7557977      68.6204947      72.5531891      49.1352655      33.9657105      72.2289038     102.9652827     122.6629478      22.4102179      87.8523183      96.5596956      28.6931318     104.7863517      68.2250122      17.0694288     106.4343803     113.7376970      58.5685527      57.3055628      95.5689857      99.1888279      27.6241315      83.5184193     104.8316582     110.0494644      77.8169898      15.3763591     111.7953127      40.8054830      53.5887277      67.0877303      94.4331527      96.5715494     115.4433960      73.3230369      62.0870081      89.3038397      88.3430783      94.1467688      64.1789440      74.3556735      91.5390663      35.4718341     102.0142460     105.3205420      99.1399132      64.4814000      93.2021632      47.4393559      30.4072158      30.6574821      88.9970791      67.4049767      77.9235599     100.4269399     129.1691259      67.7726560      67.7981377      87.0388135      70.5643462      84.8245612      64.3716890      84.4480114      72.1105330      71.4242192      89.3652964      61.1494287      85.8491997      52.3470660      52.7199239      91.3749784      64.5703263      68.2941464      81.7762256      90.4341129      97.0165155      85.9460326      28.6786866      59.2113597      61.0760826      41.8298378      70.2101732      58.4926820      17.4323193      90.3096408      94.3753146      16.2562562      60.7318772     110.3771475      62.4182100      92.0940276     100.2797236     118.6277232      65.0349913      66.0280234      73.0143283      53.3716117      74.6955528      77.2510106      26.3679834     102.7557169      94.7531999      55.1680644     108.3444985      58.6012584      80.8729375      80.1988792      71.1368396      73.4255544      68.1292980      96.6150844      66.0647701      93.1037413      73.1139438      76.2935297      57.9823587      88.8548995      29.3220866      93.3039783      73.8247263      82.4533630      73.9320780
     86.1779028     115.7491103      92.4814208      61.0853150      91.0804589      60.7392847      99.9934670      71.1975143      68.1580299     109.2407223      88.9476282      56.7860391      74.8705570       0.0000000      82.2434448      55.1738321     121.7590203      91.7658505      98.6057448      72.5326451      86.7726502     101.9548078      52.0278860      63.7971910      72.7278058      71.1381478      29.5567919      48.1679216      58.4550941      40.9861943      70.3019457      79.2466477      86.6788276      71.0709272      66.5632797      99.7867807      57.8926985      61.7723147      72.2883435      70.4306466     140.6477235      56.0684997      67.0717266      65.8275233      98.9864509      65.5987619      32.8834805     127.7676096     124.4037381      85.2447521      70.1999980      91.7359936      72.3177644      79.6922928      62.6286085     120.3331587      61.8613171      59.9738803      32.4368153     110.8802662      78.7957645     100.0650406      69.4231038     101.1115245      26.9568341     111.6917187      24.5320835      23.2741304      63.5036489      27.0667732      67.5713140     108.4848573      73.4024201     117.2166511      76.0442166      46.7636720      31.4678874      53.9989242      86.9597089      57.9894296      47.6815738      61.5965941      90.1609798     102.8437759      40.0443715      43.8332386      61.4372210      26.2419649      68.0334927      75.5993628      76.7063735      32.7890367      88.5515139      19.5810997      87.7451726      47.5967300      38.6607209      50.6570823     107.2706058      87.7845838      14.2660779      89.2836642      87.8438020      47.2303803     114.9850378      64.9686536      61.7552134     100.2847520      81.9366290      47.2445099      83.6585647      78.8378515      45.1721937      31.6895949      66.7623882      33.1984729      95.5826213      87.9313940      65.6052919      44.0010360      97.0221739      23.6966208      55.1955545     114.0162392      96.0286356      40.7719032      85.8871258      56.9766550      88.3457250     100.5920722      72.7386684      82.9203878      49.9558214      21.8496108      82.0703917      92.7019930     108.1434314      22.5245358      65.3943913      38.1132035     131.5192065     107.2966506      83.7491966      61.3715434      58.4915132      79.6044277      87.3224508     114.2466673      22.2870515     104.2612971
     18.4500221      64.2988346      54.0299338      73.6502322      13.9349988      70.5642038      92.5007762     102.3018068      60.5454424     102.1019725      94.8240221      34.4125163      41.7316359      82.2434448       0.0000000      28.0220164      66.4603377      72.0239361      89.8825865      64.3210835      72.2497369      86.7001465      96.4442371      32.8482742      32.7043787      30.3566676      91.3113151      42.3828056      34.2071637      86.7781058      41.6310372      50.1940155      66.6785743      71.2061633     109.6258657     118.2562417      46.5328406      62.7238721      68.5912058      64.7609773      80.9802292      44.2638709      27.8228835      88.9954230     107.6558604      28.9115915      73.9596023      74.3659470      73.1763838      49.8011136      53.9676582      83.9428112      89.5427366      88.0449425      34.5996644      85.5970727      44.7933247      78.8729588      62.8862057      77.0780801      93.7679898      90.4268708      45.5666059      83.2617116      92.4304285     102.1184917      92.5181715      61.8110192      59.5880755      86.9604207      21.9925975      78.3379854      78.5008216      70.6178393      28.4728540     103.9076222      67.7575238      32.2637400      29.6436014      84.8676221      48.7053164      51.7864847      72.0511735     133.8892419      54.2933063      78.8829276      67.7757678      83.0016390      93.8583459      53.8003600      71.1602185      62.1792542      44.2520206      95.7447806      66.1674030      94.1766248      51.1193728      64.8468532      77.4128821      28.9705379      79.5101982      78.1386713      74.9637542      81.6972985      68.4694884      25.0448617      32.0431312      64.9434878      39.4074241      69.2956325      18.4424789      25.2263580      74.7477707      88.8391627      54.9817623      63.4000461     113.3150085      71.2587906      89.5363991      90.2610071     102.7130573      62.2149141      86.4457417      46.3623082      14.7037498      60.0170935      80.2485608      37.5509008      83.5135116      85.5429628      20.6043406      80.6717278      42.1976069      76.6711433      44.5901594      89.1248722      41.1944928      69.0918979      99.3536774      54.4993673      72.8937355      39.3875188      38.7384593      67.1873444      79.2696589      18.0466013      97.4376778      38.1852278      97.1225912      90.5735662
     35.0058768      80.1311072      62.9365362      63.3352279      36.2034731      60.0974914      92.5496250      88.5426595      47.6765779     102.6935424      89.5035812      23.3918379      37.1765199      55.1738321      28.0220164       0.0000000      84.0842329      73.4769034      90.1117924      59.7996263      72.4299556      89.2806532      79.0818416      20.8886369      34.1051168      28.8302939      68.7632246      24.2505622      22.3421950      65.9523851      37.0254847      52.0279009      63.5742242      64.9467947      93.4866015     111.0002432      28.5710494      50.9627187      61.7359884      54.1538059     101.5965577      32.1194579      21.0121449      76.7878485     103.0473444      25.5681383      51.7503431      92.0285302      89.9477048      52.0562692      46.9149716      83.2592264      79.2683248      80.4011909      23.3804083      96.1594440      37.5622092      63.8756914      42.2331492      86.5291960      85.5373236      90.9376271      43.6543126      83.4076589      69.1607887     101.8936016      67.9138830      36.4620971      52.7709984      63.3574782      14.1836297      86.4115333      68.4079173      85.1626320      33.5944610      83.1510586      43.0275955      14.7829654      41.8215766      71.4618344      31.4064497      43.0794802      73.6434145     123.0068593      32.5759849      60.7015674      58.1537349      59.6309810      81.1849946      53.9387323      67.7841926      39.0080429      54.4846639      70.3930065      67.4825870      75.4548082      31.1627474      49.9360898      85.1131648      39.2012821      53.8022504      77.7013245      75.3086803      63.0821342      82.6352159      20.5844578      24.1092506      72.1629240      45.8951877      54.1428766      34.9015485      30.6437442      56.5896370      66.3738980      42.9202904      42.8585578     105.5839771      70.9200490      77.7364157      70.8131947      98.8543878      36.1650036      69.5530573      68.9073931      42.2483800      40.9888543      77.4211293      18.0292044      81.6315913      87.8407920      26.0339098      76.0735371      27.7467516      52.1246800      49.1687251      85.0030993      63.1439909      45.6370136      85.2530584      34.3992613      92.6136331      61.6683098      45.8667097      56.7469383      67.0388686      26.0586105      90.8207180      64.2459717      71.1111579      90.5060864
