      0.0000000      16.8511349      26.8140865      16.3908672      35.3524293      29.8082192      25.6106773      33.4024046      37.9966794      15.1585759    5939.6248940    5945.6272986    5931.5982407    5930.6787321    5929.4067792    5935.0429948    5927.5834767    5943.4302201    5934.9944335    5939.8773253    5939.5551088    5957.7473898    5940.5788758    5941.5055456    5933.7801346    5939.7531646    5940.5318347    5938.5245475    5948.3343498    5930.0022657    7606.7135894    7601.0489586    7595.0630589    7596.8934171    7600.6966030    7607.9448979    7602.0186269    7588.4332735    7595.2207740    7577.9927945    2645.4333592    2652.9406986    2635.1204190    2643.9214807    2654.9844645    2643.2607014    2644.8642842    2660.9962241    2667.3025830    2652.5101012
     16.8511349       0.0000000      12.4437167      16.4343425      19.6795013      13.2083306      10.7614783      23.5495515      24.1073846      10.0133517    5929.0776864    5935.0916340    5921.0022457    5920.1295507    5918.8612916    5924.5083208    5917.0149404    5932.8914262    5924.4488716    5929.3170420    5932.3629555    5950.4797948    5933.3047468    5934.2586420    5926.5299377    5932.5067100    5933.2800667    5931.3092787    5941.0482627    5922.7493619    7595.3062092    7589.6308958    7583.6799220    7585.4812441    7589.3189278    7596.5480323    7590.5930561    7577.0568926    7583.8529444    7566.5905460    2660.3455515    2667.8822719    2650.0048016    2658.7871951    2669.9055560    2658.1566556    2659.7394713    2675.8835924    2682.1375239    2667.4031361
     26.8140865      12.4437167       0.0000000      17.5811296      20.8388289       7.3669705      16.5103253      22.5592163      22.9619675      21.1550324    5926.5536885    5932.6020419    5918.4694189    5917.6256863    5916.3424377    5922.0096446    5914.5241422    5930.3841024    5921.9640465    5926.8034279    5925.9463886    5944.0447081    5926.8509997    5927.8302889    5920.0982958    5926.0603890    5926.8373467    5924.8556737    5934.6132589    5916.3155892    7583.7223211    7578.0443637    7572.0914418    7573.9019079    7577.7402076    7584.9689102    7579.0024109    7565.4669786    7572.2792875    7555.0079589    2664.7391075    2672.3340470    2654.3997481    2663.1605810    2674.2977544    2662.5567195    2664.1057002    2680.2804869    2686.4307480    2671.7936322
     16.3908672      16.4343425      17.5811296       0.0000000      34.8988997      23.8332388      26.2814436      31.2745925      36.5968001      22.3260772    5940.1885255    5946.2379384    5932.1524670    5931.2703468    5929.9774031    5935.6409572    5928.1942952    5944.0164741    5935.6122161    5940.4561173    5933.8032248    5951.9823278    5934.7854270    5935.7467115    5928.0167473    5933.9655831    5934.7511442    5932.7185972    5942.5733741    5924.2360552    7593.0255791    7587.3578630    7581.3610245    7583.2154022    7587.0128159    7594.2642082    7588.3208820    7574.7270189    7581.5450151    7564.3063361    2649.2290755    2656.8170332    2638.9395691    2647.7167712    2658.7710891    2647.0802545    2648.6398023    2664.8169246    2670.9796999    2656.3150955
     35.3524293      19.6795013      20.8388289      34.8988997       0.0000000      13.7188926      10.6967258      26.2730981      16.5234201      22.6784532    5915.0224857    5921.0189335    5906.8839021    5906.0513195    5904.8035592    5910.4462812    5902.8950506    5918.8319009    5910.3568627    5915.2321101    5927.3900144    5945.4114056    5928.2465187    5929.2147966    5921.4846744    5927.4827484    5928.2441528    5926.3406498    5935.9517119    5917.7022918    7589.6043051    7583.9159383    7578.0204062    7579.7666836    7583.6560506    7590.8564231    7584.8715876    7571.4093936    7578.1990334    7560.8950440    2678.3919530    2685.9129464    2668.0032674    2676.7781958    2687.9681975    2676.1686267    2677.7542827    2693.8843101    2700.1657464    2685.4206604
     29.8082192      13.2083306       7.3669705      23.8332388      13.7188926       0.0000000      12.0441815      21.9928734      18.3422730      20.7555367    5921.8850735    5927.9184790    5913.7790787    5912.9434807    5911.6716101    5917.3323029    5909.8230256    5925.7098145    5917.2720231    5922.1210620    5925.6483857    5943.7152041    5926.5298187    5927.5083931    5919.7766503    5925.7503368    5926.5219161    5924.5682536    5934.2730994    5915.9937724    7584.3941896    7578.7119281    7572.7803914    7574.5679099    7578.4255752    7585.6435339    7579.6684951    7566.1607991    7572.9668324    7555.6819115    2670.4716671    2678.0464362    2660.1139697    2668.8773374    2680.0367665    2668.2747741    2669.8331392    2685.9951713    2692.1812316    2677.5161531
     25.6106773      10.7614783      16.5103253      26.2814436      10.6967258      12.0441815       0.0000000      27.0418266      21.9687945      15.4528233    5924.6455875    5930.6411992    5916.5266449    5915.6776150    5914.4265129    5920.0670328    5912.5310587    5928.4534077    5919.9838558    5924.8619977    5933.9906414    5952.0544789    5934.8855461    5935.8469042    5928.1174747    5934.1065385    5934.8731150    5932.9402537    5942.6071365    5924.3359326    7595.7685962    7590.0843125    7584.1640805    7585.9388630    7589.8065534    7597.0189616    7591.0404445    7577.5471368    7584.3484801    7567.0573040    2670.3762935    2677.8932305    2660.0305280    2668.8188172    2679.9381647    2668.1820984    2669.7756914    2685.9088452    2692.1973716    2677.4320672
     33.4024046      23.5495515      22.5592163      31.2745925      26.2730981      21.9928734      27.0418266       0.0000000      12.9060866      22.3198405    5909.1193485    5915.1637366    5901.0948831    5900.2001146    5898.9074513    5904.5671591    5897.1276639    5912.9442023    5904.5399294    5909.3890477    5909.2752514    5927.3952705    5910.2289506    5911.1723811    5903.4450514    5909.4293499    5910.2005093    5908.2380996    5917.9623856    5899.6653226    7579.7524581    7574.0879637    7568.1429194    7569.9101952    7573.7438921    7580.9753525    7575.0665022    7561.5252293    7568.2580520    7551.0316041    2659.3557501    2666.9234402    2648.8797454    2657.6131172    2668.9608617    2657.0765413    2658.6237912    2674.7670853    2680.9672525    2666.3263470
     37.9966794      24.1073846      22.9619675      36.5968001      16.5234201      18.3422730      21.9687945      12.9060866       0.0000000      24.0740976    5905.2481593    5911.2716373    5897.1680090    5896.3051162    5895.0331715    5900.6859965    5893.1930681    5909.0666398    5900.6296444    5905.4895061    5912.4240601    5930.4801029    5913.3187115    5914.2738453    5906.5452836    5912.5421768    5913.3058573    5911.3863648    5921.0287890    5902.7641773    7580.5176192    7574.8415587    7568.9318872    7570.6714878    7574.5406844    7581.7523816    7575.8114265    7562.3207863    7569.0660651    7551.8023787    2671.5076792    2679.0546576    2661.0368895    2669.7793858    2681.1112404    2669.2301684    2670.7900804    2686.9232893    2693.1596001    2678.4830298
     15.1585759      10.0133517      21.1550324      22.3260772      22.6784532      20.7555367      15.4528233      22.3198405      24.0740976       0.0000000    5925.5632283    5931.5586254    5917.5107294    5916.6076937    5915.3440692    5920.9786154    5913.4955038    5929.3668520    5920.9178726    5925.8035287    5930.9151488    5949.0493444    5931.8916740    5932.8219112    5925.0962894    5931.0866448    5931.8566759    5929.8959134    5939.6178572    5921.3177100    7600.1941724    7594.5243329    7588.5756986    7590.3607646    7594.1959241    7601.4265191    7595.4946430    7581.9551615    7588.7199805    7571.4758567    2656.2282769    2663.7273278    2645.8479350    2654.6335647    2665.8021873    2654.0084779    2655.6081739    2671.7275431    2678.0489152    2663.2635202
   5939.6248940    5929.0776864    5926.5536885    5940.1885255    5915.0224857    5921.8850735    5924.6455875    5909.1193485    5905.2481593    5925.5632283       0.0000000      20.1382005      28.4078244      17.2559547      10.6054451      13.8210167      35.9779390       9.3838121      26.6444722      14.3488710    3816.0006187    3800.7127093    3802.8112245    3800.3731349    3798.3612435    3809.9209871    3805.9762498    3826.4882047    3789.9612882    3797.2161266    6931.9109968    6928.2501475    6935.6805345    6918.9926851    6930.0136933    6930.2053888    6931.5236708    6934.6500529    6923.3479751    6912.6138495    7415.8360116    7420.4240088    7396.6057000    7399.4264509    7426.5000691    7405.8927721    7405.7247815    7414.9102806    7420.2776158    7413.0560330
   5945.6272986    5935.0916340    5932.6020419    5946.2379384    5921.0189335    5927.9184790    5930.6411992    5915.1637366    5911.2716373    5931.5586254      20.1382005       0.0000000      30.7767697      16.5800104      23.0415886      12.5549954      27.2787106      11.1278884      13.9030028      13.6444321    3834.5515338    3819.3057774    3821.4205962    3818.9537374    3816.9455739    3828.5143529    3824.5690843    3845.0747671    3808.5617481    3815.8030518    6951.2490597    6947.5821675    6955.0255232    6938.3315863    6949.3669921    6949.5506917    6950.8500202    6953.9967937    6942.7083123    6931.9546791    7422.8160567    7427.3713517    7403.5828558    7406.4175249    7433.4826015    7412.8684424    7412.7203578    7421.8906564    7427.3196380    7420.0388522
   5931.5982407    5921.0022457    5918.4694189    5932.1524670    5906.8839021    5913.7790787    5916.5266449    5901.0948831    5897.1680090    5917.5107294      28.4078244      30.7767697       0.0000000      21.1996620      26.4681636      28.2336722      20.9933308      29.6403234      25.1839620      18.3908316    3831.4944366    3816.1877726    3818.1782561    3815.8194669    3813.7714487    3825.3167374    3821.3811610    3841.8759021    3805.3958260    3812.6068221    6930.9126527    6927.2175518    6934.6938098    6917.9966417    6929.0820805    6929.2459666    6930.4618127    6933.6628740    6922.4493207    6911.6045531    7417.0373210    7421.6408166    7397.8205100    7400.6791857    7427.7134693    7407.1166324    7406.9614685    7416.1942392    7421.5874152    7414.3036823
   5930.6787321    5920.1295507    5917.6256863    5931.2703468    5906.0513195    5912.9434807    5915.6776150    5900.2001146    5896.3051162    5916.6076937      17.2559547      16.5800104      21.1996620       0.0000000      12.1651342       8.4151569      20.0436768      15.3126785      12.3769507      10.6010073    3827.0565527    3811.8595951    3813.8953806    3811.4592193    3809.4220105    3820.9913822    3817.0540470    3837.5336001    3801.0876128    3808.2648024    6940.4615586    6936.7837537    6944.2084309    6927.5417946    6938.5767516    6938.7728196    6940.0456141    6943.1667313    6931.9196447    6921.1314360    7409.8787849    7414.4520237    7390.6510381    7393.4924432    7420.5482624    7399.9401473    7399.7883330    7408.9799183    7414.3929347    7407.1154179
   5929.4067792    5918.8612916    5916.3424377    5929.9774031    5904.8035592    5911.6716101    5914.4265129    5898.9074513    5895.0331715    5915.3440692      10.6054451      23.0415886      26.4681636      12.1651342       0.0000000      11.6926504      31.5636909      15.1765088      24.1291596      16.1484370    3815.1867027    3799.9725909    3802.0213136    3799.5839677    3797.5519440    3809.1196279    3805.1807851    3825.6667308    3789.2048628    3796.3972481    6931.3378145    6927.6694819    6935.0793388    6918.4172333    6929.4330456    6929.6381533    6930.9396544    6934.0369660    6922.7662986    6912.0086768    7406.3724426    7410.9585383    7387.1435275    7389.9709429    7417.0383961    7396.4316175    7396.2677180    7405.4576115    7410.8358513    7403.5988739
   5935.0429948    5924.5083208    5922.0096446    5935.6409572    5910.4462812    5917.3323029    5920.0670328    5904.5671591    5900.6859965    5920.9786154      13.8210167      12.5549954      28.2336722       8.4151569      11.6926504       0.0000000      26.8441853       9.5044798      15.2908852      12.5951615    3824.7655501    3809.5673438    3811.6421978    3809.1809032    3807.1571045    3818.7302179    3814.7894250    3835.2768775    3798.8098422    3806.0070080    6942.7958148    6939.1280219    6946.5443033    6929.8758440    6940.8951225    6941.0961199    6942.3979285    6945.5046678    6934.2297323    6923.4737656    7411.6599546    7416.2258294    7392.4279658    7395.2592360    7422.3260276    7401.7142443    7401.5602769    7410.7364935    7416.1469635    7408.8830192
   5927.5834767    5917.0149404    5914.5241422    5928.1942952    5902.8950506    5909.8230256    5912.5310587    5897.1276639    5893.1930681    5913.4955038      35.9779390      27.2787106      20.9933308      20.0436768      31.5636909      26.8441853       0.0000000      32.3916594      14.2240988      23.3020990    3843.9122404    3828.7388836    3830.7179415    3828.3090251    3826.2514022    3837.8190570    3833.8872360    3854.3502974    3817.9466506    3825.0836776    6949.2115269    6945.5117526    6952.9626751    6936.2929895    6947.3672383    6947.5474898    6948.7551275    6951.9194405    6940.7304079    6929.8713579    7412.1777553    7416.7428443    7392.9559446    7395.8249692    7422.8550151    7402.2491806    7402.1144029    7411.3239259    7416.7821542    7409.4409560
   5943.4302201    5932.8914262    5930.3841024    5944.0164741    5918.8319009    5925.7098145    5928.4534077    5912.9442023    5909.0666398    5929.3668520       9.3838121      11.1278884      29.6403234      15.3126785      15.1765088       9.5044798      32.3916594       0.0000000      20.6146232      11.6650556    3823.9034255    3808.6334756    3810.7486897    3808.2919431    3806.2849738    3817.8495486    3813.9037307    3834.4149046    3797.8888353    3805.1427343    6941.1948633    6937.5335894    6944.9682397    6928.2769164    6939.3010312    6939.4900330    6940.8063684    6943.9391556    6932.6366788    6921.9011567    7419.5034087    7424.0749819    7400.2708180    7403.0955465    7430.1678211    7409.5565824    7409.3970827    7418.5722372    7423.9668072    7416.7215966
   5934.9944335    5924.4488716    5921.9640465    5935.6122161    5910.3568627    5917.2720231    5919.9838558    5904.5399294    5900.6296444    5920.9178726      26.6444722      13.9030028      25.1839620      12.3769507      24.1291596      15.2908852      14.2240988      20.6146232       0.0000000      15.5193143    3838.9844248    3823.8016182    3825.8466958    3823.3984168    3821.3637427    3832.9365381    3828.9986945    3849.4768626    3813.0335469    3820.2080799    6951.8208755    6948.1383889    6955.5760208    6938.9020315    6949.9499843    6950.1379976    6951.3955684    6954.5368109    6943.2991343    6932.4957253    7415.2347813    7419.7899995    7396.0060229    7398.8570799    7425.9062028    7405.2946701    7405.1548149    7414.3398021    7419.7892160    7412.4750803
   5939.8773253    5929.3170420    5926.8034279    5940.4561173    5915.2321101    5922.1210620    5924.8619977    5909.3890477    5905.4895061    5925.8035287      14.3488710      13.6444321      18.3908316      10.6010073      16.1484370      12.5951615      23.3020990      11.6650556      15.5193143       0.0000000    3829.1446200    3813.8616115    3815.9312914    3813.5101280    3811.4881276    3823.0458138    3819.1037221    3839.6089173    3803.0996449    3810.3376939    6939.4129239    6935.7378003    6943.1914925    6926.4959266    6937.5464140    6937.7238637    6938.9987124    6942.1624151    6930.8955065    6920.1152286    7419.7646981    7424.3451899    7400.5379476    7403.3775576    7430.4340161    7409.8276331    7409.6720437    7418.8681575    7424.2690250    7417.0021083
   5939.5551088    5932.3629555    5925.9463886    5933.8032248    5927.3900144    5925.6483857    5933.9906414    5909.2752514    5912.4240601    5930.9151488    3816.0006187    3834.5515338    3831.4944366    3827.0565527    3815.1867027    3824.7655501    3843.9122404    3823.9034255    3838.9844248    3829.1446200       0.0000000      35.5771653      32.1065500      22.5745903      24.0439007      21.8246891      23.3045206      20.9513950      39.9977086      26.0209917    4633.2205805    4633.6051639    4630.6691136    4621.5320103    4621.4478744    4627.3911645    4639.8628300    4628.0760709    4611.1399280    4613.4238462    6484.5693457    6493.0891581    6467.8437245    6465.8653240    6492.6310728    6475.5454039    6471.3875331    6479.1947430    6472.1122338    6479.1879000
   5957.7473898    5950.4797948    5944.0447081    5951.9823278    5945.4114056    5943.7152041    5952.0544789    5927.3952705    5930.4801029    5949.0493444    3800.7127093    3819.3057774    3816.1877726    3811.8595951    3799.9725909    3809.5673438    3828.7388836    3808.6334756    3823.8016182    3813.8616115      35.5771653       0.0000000      20.5373329      18.1721831      25.0294227      23.9809945      20.6601103      39.0209385      12.9475409      28.5067656    4621.3678515    4621.7480341    4618.9693433    4609.6624128    4609.6881122    4615.5421241    4628.0022030    4616.4303007    4599.4002755    4601.6689391    6513.5898801    6522.1188731    6496.8480991    6494.9033339    6521.6744785    6504.5678975    6500.4234927    6508.2722506    6501.2292035    6508.2380955
   5940.5788758    5933.3047468    5926.8509997    5934.7854270    5928.2465187    5926.5298187    5934.8855461    5910.2289506    5913.3187115    5931.8916740    3802.8112245    3821.4205962    3818.1782561    3813.8953806    3802.0213136    3811.6421978    3830.7179415    3810.7486897    3825.8466958    3815.9312914      32.1065500      20.5373329       0.0000000      14.4967669      14.3108388      11.1329315       8.8358550      28.1352520      18.4661412      15.4962927    4611.4655801    4611.8229780    4609.0015233    4599.7527931    4599.7756186    4605.6586645    4618.0661192    4606.4335674    4589.4881929    4591.6848902    6498.0858525    6506.6407666    6481.3561135    6479.4200304    6506.1723722    6489.0790653    6484.9286885    6492.8067397    6485.7376165    6492.7545501
   5941.5055456    5934.2586420    5927.8302889    5935.7467115    5929.2147966    5927.5083931    5935.8469042    5911.1723811    5914.2738453    5932.8219112    3800.3731349    3818.9537374    3815.8194669    3811.4592193    3799.5839677    3809.1809032    3828.3090251    3808.2919431    3823.3984168    3813.5101280      22.5745903      18.1721831      14.4967669       0.0000000       7.9482940      12.5035573       8.7214200      28.8916310      17.8985161      11.9212609    4625.7027990    4626.0651076    4623.2332743    4613.9933940    4614.0037590    4619.8917779    4632.3107808    4620.6644438    4603.7138217    4605.9262553    6495.4412815    6503.9689907    6478.6994309    6476.7534430    6503.5252286    6486.4186258    6482.2741205    6490.1206851    6483.0778386    6490.0879101
   5933.7801346    5926.5299377    5920.0982958    5928.0167473    5921.4846744    5919.7766503    5928.1174747    5903.4450514    5906.5452836    5925.0962894    3798.3612435    3816.9455739    3813.7714487    3809.4220105    3797.5519440    3807.1571045    3826.2514022    3806.2849738    3821.3637427    3811.4881276      24.0439007      25.0294227      14.3108388       7.9482940       0.0000000      12.6221910       9.8179219      28.5070186      21.5872478       3.9878900    4624.0162498    4624.3656624    4621.5257514    4612.3012471    4612.3207113    4618.2158975    4630.6049187    4618.9463441    4602.0329978    4604.2045887    6488.7996163    6497.3330207    6472.0576037    6470.1177394    6496.8870505    6479.7798298    6475.6361653    6483.4934944    6476.4517092    6483.4538442
   5939.7531646    5932.5067100    5926.0603890    5933.9655831    5927.4827484    5925.7503368    5934.1065385    5909.4293499    5912.5421768    5931.0866448    3809.9209871    3828.5143529    3825.3167374    3820.9913822    3809.1196279    3818.7302179    3837.8190570    3817.8495486    3832.9365381    3823.0458138      21.8246891      23.9809945      11.1329315      12.5035573      12.6221910       0.0000000       4.5038023      18.2624273      25.7192598      14.4106019    4616.0534064    4616.4217161    4613.5505288    4604.3506552    4604.3280737    4610.2374556    4622.6707430    4610.9711752    4594.0319436    4596.2636590    6492.8140967    6501.3632748    6476.0909962    6474.1389798    6500.8900375    6483.8054817    6479.6492798    6487.5065381    6480.4208129    6487.4679622
   5940.5318347    5933.2800667    5926.8373467    5934.7511442    5928.2441528    5926.5219161    5934.8731150    5910.2005093    5913.3058573    5931.8566759    3805.9762498    3824.5690843    3821.3811610    3817.0540470    3805.1807851    3814.7894250    3833.8872360    3813.9037307    3828.9986945    3819.1037221      23.3045206      20.6601103       8.8358550       8.7214200       9.8179219       4.5038023       0.0000000      22.6411781      21.3965512      12.3235445    4617.8716239    4618.2364514    4615.3856884    4606.1652352    4606.1601732    4612.0585433    4624.4835605    4612.8115919    4595.8673540    4598.0878782    6494.6570970    6503.2013454    6477.9275649    6475.9801172    6502.7371900    6485.6449016    6481.4930102    6489.3510695    6482.2802862    6489.3116376
   5938.5245475    5931.3092787    5924.8556737    5932.7185972    5926.3406498    5924.5682536    5932.9402537    5908.2380996    5911.3863648    5929.8959134    3826.4882047    3845.0747671    3841.8759021    3837.5336001    3825.6667308    3835.2768775    3854.3502974    3834.4149046    3849.4768626    3839.6089173      20.9513950      39.0209385      28.1352520      28.8916310      28.5070186      18.2624273      22.6411781       0.0000000      43.5881644      29.2858003    4612.8096801    4613.1972060    4610.2379849    4601.1247955    4601.0219454    4606.9779183    4619.4565486    4607.6384728    4590.7105846    4593.0038948    6485.7796552    6494.3407152    6469.0806061    6467.1048823    6493.8363281    6476.7811359    6472.6080660    6480.4503924    6473.3082857    6480.4226017
   5948.3343498    5941.0482627    5934.6132589    5942.5733741    5935.9517119    5934.2730994    5942.6071365    5917.9623856    5921.0287890    5939.6178572    3789.9612882    3808.5617481    3805.3958260    3801.0876128    3789.2048628    3798.8098422    3817.9466506    3797.8888353    3813.0335469    3803.0996449      39.9977086      12.9475409      18.4661412      17.8985161      21.5872478      25.7192598      21.3965512      43.5881644       0.0000000      23.9353060    4621.2121363    4621.5663377    4618.8193571    4609.4909096    4609.5669162    4615.4078860    4627.8071882    4616.2762351    4599.2893188    4601.4753448    6508.2792610    6516.8090347    6491.5253638    6489.5997104    6516.3775769    6499.2556867    6495.1207232    6502.9896709    6495.9760784    6502.9419714
   5930.0022657    5922.7493619    5916.3155892    5924.2360552    5917.7022918    5915.9937724    5924.3359326    5899.6653226    5902.7641773    5921.3177100    3797.2161266    3815.8030518    3812.6068221    3808.2648024    3796.3972481    3806.0070080    3825.0836776    3805.1427343    3820.2080799    3810.3376939      26.0209917      28.5067656      15.4962927      11.9212609       3.9878900      14.4106019      12.3235445      29.2858003      23.9353060       0.0000000    4622.8944427    4623.2371690    4620.3947732    4611.1763913    4611.2017064    4617.0996285    4629.4730784    4617.8104974    4600.9153625    4603.0657615    6485.7191339    6494.2558255    6468.9770133    6467.0407128    6493.8085990    6476.7010036    6472.5578390    6480.4214078    6473.3802730    6480.3777709
   7606.7135894    7595.3062092    7583.7223211    7593.0255791    7589.6043051    7584.3941896    7595.7685962    7579.7524581    7580.5176192    7600.1941724    6931.9109968    6951.2490597    6930.9126527    6940.4615586    6931.3378145    6942.7958148    6949.2115269    6941.1948633    6951.8208755    6939.4129239    4633.2205805    4621.3678515    4611.4655801    4625.7027990    4624.0162498    4616.0534064    4617.8716239    4612.8096801    4621.2121363    4622.8944427       0.0000000       9.3514451      21.3094493      13.0555192      20.0668562       9.6618870      15.5933657      29.3438439      30.0259253      28.9405602    8702.8569641    8716.8144985    8692.2364266    8691.9242985    8709.6150093    8699.1546751    8693.6274327    8706.9417968    8692.7653172    8702.8997084
   7601.0489586    7589.6308958    7578.0443637    7587.3578630    7583.9159383    7578.7119281    7590.0843125    7574.0879637    7574.8415587    7594.5243329    6928.2501475    6947.5821675    6927.2175518    6936.7837537    6927.6694819    6939.1280219    6945.5117526    6937.5335894    6948.1383889    6935.7378003    4633.6051639    4621.7480341    4611.8229780    4626.0651076    4624.3656624    4616.4217161    4618.2364514    4613.1972060    4621.5663377    4623.2371690       9.3514451       0.0000000      23.0903841      12.8395373      26.4959094      18.1406353       7.8622847      29.9518428      35.6425036      25.5392122    8699.4838228    8713.4432227    8688.8626415    8688.5612503    8706.2469770    8695.7846822    8690.2621173    8703.5882544    8689.4241318    8699.5373435
   7595.0630589    7583.6799220    7572.0914418    7581.3610245    7578.0204062    7572.7803914    7584.1640805    7568.1429194    7568.9318872    7588.5756986    6935.6805345    6955.0255232    6934.6938098    6944.2084309    6935.0793388    6946.5443033    6952.9626751    6944.9682397    6955.5760208    6943.1914925    4630.6691136    4618.9693433    4609.0015233    4623.2332743    4621.5257514    4613.5505288    4615.3856884    4610.2379849    4618.8193571    4620.3947732      21.3094493      23.0903841       0.0000000      25.3550914      17.2512567      22.9420952      26.8814317       8.3764880      25.3303103      23.7344042    8687.8273430    8701.7939782    8677.2341030    8676.9131724    8694.5705116    8684.1409361    8678.6053849    8691.9158990    8677.7054451    8687.8739948
   7596.8934171    7585.4812441    7573.9019079    7583.2154022    7579.7666836    7574.5679099    7585.9388630    7569.9101952    7570.6714878    7590.3607646    6918.9926851    6938.3315863    6917.9966417    6927.5417946    6918.4172333    6929.8758440    6936.2929895    6928.2769164    6938.9020315    6926.4959266    4621.5320103    4609.6624128    4599.7527931    4613.9933940    4612.3012471    4604.3506552    4606.1652352    4601.1247955    4609.4909096    4611.1763913      13.0555192      12.8395373      25.3550914       0.0000000      21.5432843      14.5316151      20.3463178      31.5042788      27.7046069      20.8361973    8693.9893410    8707.9404544    8683.3508382    8683.0425263    8700.7562998    8690.2759216    8684.7533195    8698.0680267    8683.9118751    8694.0274596
   7600.6966030    7589.3189278    7577.7402076    7587.0128159    7583.6560506    7578.4255752    7589.8065534    7573.7438921    7574.5406844    7594.1959241    6930.0136933    6949.3669921    6929.0820805    6938.5767516    6929.4330456    6940.8951225    6947.3672383    6939.3010312    6949.9499843    6937.5464140    4621.4478744    4609.6881122    4599.7756186    4614.0037590    4612.3207113    4604.3280737    4606.1601732    4601.0219454    4609.5669162    4611.2017064      20.0668562      26.4959094      17.2512567      21.5432843       0.0000000      13.8337571      33.3557429      22.6271561      11.1195672      27.5600880    8691.5859477    8705.5410167    8680.9695850    8680.6368641    8698.3330302    8687.8796302    8682.3429448    8695.6353494    8681.4326909    8691.6094056
   7607.9448979    7596.5480323    7584.9689102    7594.2642082    7590.8564231    7585.6435339    7597.0189616    7580.9753525    7581.7523816    7601.4265191    6930.2053888    6949.5506917    6929.2459666    6938.7728196    6929.6381533    6941.0961199    6947.5474898    6939.4900330    6950.1379976    6937.7238637    4627.3911645    4615.5421241    4605.6586645    4619.8917779    4618.2158975    4610.2374556    4612.0585433    4606.9779183    4615.4078860    4617.0996285       9.6618870      18.1406353      22.9420952      14.5316151      13.8337571       0.0000000      25.1234661      30.6577876      22.7807746      30.6076650    8701.8763538    8715.8293102    8691.2495252    8690.9270390    8708.6322352    8698.1662495    8692.6356619    8705.9371584    8691.7549963    8701.9054012
   7602.0186269    7590.5930561    7579.0024109    7588.3208820    7584.8715876    7579.6684951    7591.0404445    7575.0665022    7575.8114265    7595.4946430    6931.5236708    6950.8500202    6930.4618127    6940.0456141    6930.9396544    6942.3979285    6948.7551275    6940.8063684    6951.3955684    6938.9987124    4639.8628300    4628.0022030    4618.0661192    4632.3107808    4630.6049187    4622.6707430    4624.4835605    4619.4565486    4627.8071882    4629.4730784      15.5933657       7.8622847      26.8814317      20.3463178      33.3557429      25.1234661       0.0000000      33.1485821      42.9211276      30.2216996    8702.0041200    8715.9676903    8691.3898528    8691.0956703    8708.7677605    8698.3121642    8692.7915129    8706.1271280    8691.9647150    8702.0683736
   7588.4332735    7577.0568926    7565.4669786    7574.7270189    7571.4093936    7566.1607991    7577.5471368    7561.5252293    7562.3207863    7581.9551615    6934.6500529    6953.9967937    6933.6628740    6943.1667313    6934.0369660    6945.5046678    6951.9194405    6943.9391556    6954.5368109    6942.1624151    4628.0760709    4616.4303007    4606.4335674    4620.6644438    4618.9463441    4610.9711752    4612.8115919    4607.6384728    4616.2762351    4617.8104974      29.3438439      29.9518428       8.3764880      31.5042788      22.6271561      30.6577876      33.1485821       0.0000000      27.9273810      23.9505394    8680.4190156    8694.3883816    8669.8332280    8669.5111833    8687.1587074    8676.7373731    8671.2001050    8684.5109967    8670.2927056    8680.4680621
   7595.2207740    7583.8529444    7572.2792875    7581.5450151    7578.1990334    7572.9668324    7584.3484801    7568.2580520    7569.0660651    7588.7199805    6923.3479751    6942.7083123    6922.4493207    6931.9196447    6922.7662986    6934.2297323    6940.7304079    6932.6366788    6943.2991343    6930.8955065    4611.1399280    4599.4002755    4589.4881929    4603.7138217    4602.0329978    4594.0319436    4595.8673540    4590.7105846    4599.2893188    4600.9153625      30.0259253      35.6425036      25.3303103      27.7046069      11.1195672      22.7807746      42.9211276      27.9273810       0.0000000      29.6489349    8684.2955734    8698.2455993    8673.6704689    8673.3300986    8691.0426987    8680.5806483    8675.0421898    8688.3241911    8674.1210710    8684.3069553
   7577.9927945    7566.5905460    7555.0079589    7564.3063361    7560.8950440    7555.6819115    7567.0573040    7551.0316041    7551.8023787    7571.4758567    6912.6138495    6931.9546791    6911.6045531    6921.1314360    6912.0086768    6923.4737656    6929.8713579    6921.9011567    6932.4957253    6920.1152286    4613.4238462    4601.6689391    4591.6848902    4605.9262553    4604.2045887    4596.2636590    4598.0878782    4593.0038948    4601.4753448    4603.0657615      28.9405602      25.5392122      23.7344042      20.8361973      27.5600880      30.6076650      30.2216996      23.9505394      29.6489349       0.0000000    8674.4230595    8688.3795896    8663.7969818    8663.4910089    8681.1861295    8670.7189922    8665.1952996    8678.5153340    8664.3507025    8674.4695123
   2645.4333592    2660.3455515    2664.7391075    2649.2290755    2678.3919530    2670.4716671    2670.3762935    2659.3557501    2671.5076792    2656.2282769    7415.8360116    7422.8160567    7417.0373210    7409.8787849    7406.3724426    7411.6599546    7412.1777553    7419.5034087    7415.2347813    7419.7646981    6484.5693457    6513.5898801    6498.0858525    6495.4412815    6488.7996163    6492.8140967    6494.6570970    6485.7796552    6508.2792610    6485.7191339    8702.8569641    8699.4838228    8687.8273430    8693.9893410    8691.5859477    8701.8763538    8702.0041200    8680.4190156    8684.2955734    8674.4230595       0.0000000      15.4369613      19.6482464      21.2163524      11.1316929      11.9764863      14.2709145      22.1892182      34.0454282      12.5426922
   2652.9406986    2667.8822719    2672.3340470    2656.8170332    2685.9129464    2678.0464362    2677.8932305    2666.9234402    2679.0546576    2663.7273278    7420.4240088    7427.3713517    7421.6408166    7414.4520237    7410.9585383    7416.2258294    7416.7428443    7424.0749819    7419.7899995    7424.3451899    6493.0891581    6522.1188731    6506.6407666    6503.9689907    6497.3330207    6501.3632748    6503.2013454    6494.3407152    6516.8090347    6494.2558255    8716.8144985    8713.4432227    8701.7939782    8707.9404544    8705.5410167    8715.8293102    8715.9676903    8694.3883816    8698.2455993    8688.3795896      15.4369613       0.0000000      26.7337366      27.6557107      15.6893275      18.3022333      23.9687466      20.5385739      40.5657587      16.5114763
   2635.1204190    2650.0048016    2654.3997481    2638.9395691    2668.0032674    2660.1139697    2660.0305280    2648.8797454    2661.0368895    2645.8479350    7396.6057000    7403.5828558    7397.8205100    7390.6510381    7387.1435275    7392.4279658    7392.9559446    7400.2708180    7396.0060229    7400.5379476    6467.8437245    6496.8480991    6481.3561135    6478.6994309    6472.0576037    6476.0909962    6477.9275649    6469.0806061    6491.5253638    6468.9770133    8692.2364266    8688.8626415    8677.2341030    8683.3508382    8680.9695850    8691.2495252    8691.3898528    8669.8332280    8673.6704689    8663.7969818      19.6482464      26.7337366       0.0000000      10.7878005      29.9830510       9.6559413      12.3596161      25.9015632      39.8666833      18.5645306
   2643.9214807    2658.7871951    2663.1605810    2647.7167712    2676.7781958    2668.8773374    2668.8188172    2657.6131172    2669.7793858    2654.6335647    7399.4264509    7406.4175249    7400.6791857    7393.4924432    7389.9709429    7395.2592360    7395.8249692    7403.0955465    7398.8570799    7403.3775576    6465.8653240    6494.9033339    6479.4200304    6476.7534430    6470.1177394    6474.1389798    6475.9801172    6467.1048823    6489.5997104    6467.0407128    8691.9242985    8688.5612503    8676.9131724    8683.0425263    8680.6368641    8690.9270390    8691.0956703    8669.5111833    8673.3300986    8663.4910089      21.2163524      27.6557107      10.7878005       0.0000000      28.9558119      10.8527625       8.0645398      18.5909433      30.7952565      14.0166219
   2654.9844645    2669.9055560    2674.2977544    2658.7710891    2687.9681975    2680.0367665    2679.9381647    2668.9608617    2681.1112404    2665.8021873    7426.5000691    7433.4826015    7427.7134693    7420.5482624    7417.0383961    7422.3260276    7422.8550151    7430.1678211    7425.9062028    7430.4340161    6492.6310728    6521.6744785    6506.1723722    6503.5252286    6496.8870505    6500.8900375    6502.7371900    6493.8363281    6516.3775769    6493.8085990    8709.6150093    8706.2469770    8694.5705116    8700.7562998    8698.3330302    8708.6322352    8708.7677605    8687.1587074    8691.0426987    8681.1861295      11.1316929      15.6893275      29.9830510      28.9558119       0.0000000      21.0656248      21.9678810      22.4009284      31.6182205      16.2664461
   2643.2607014    2658.1566556    2662.5567195    2647.0802545    2676.1686267    2668.2747741    2668.1820984    2657.0765413    2669.2301684    2654.0084779    7405.8927721    7412.8684424    7407.1166324    7399.9401473    7396.4316175    7401.7142443    7402.2491806    7409.5565824    7405.2946701    7409.8276331    6475.5454039    6504.5678975    6489.0790653    6486.4186258    6479.7798298    6483.8054817    6485.6449016    6476.7811359    6499.2556867    6476.7010036    8699.1546751    8695.7846822    8684.1409361    8690.2759216    8687.8796302    8698.1662495    8698.3121642    8676.7373731    8680.5806483    8670.7189922      11.9764863      18.3022333       9.6559413      10.8527625      21.0656248       0.0000000       7.9680787      18.2074682      34.2451140       9.5940711
   2644.8642842    2659.7394713    2664.1057002    2648.6398023    2677.7542827    2669.8331392    2669.7756914    2658.6237912    2670.7900804    2655.6081739    7405.7247815    7412.7203578    7406.9614685    7399.7883330    7396.2677180    7401.5602769    7402.1144029    7409.3970827    7405.1548149    7409.6720437    6471.3875331    6500.4234927    6484.9286885    6482.2741205    6475.6361653    6479.6492798    6481.4930102    6472.6080660    6495.1207232    6472.5578390    8693.6274327    8690.2621173    8678.6053849    8684.7533195    8682.3429448    8692.6356619    8692.7915129    8671.2001050    8675.0421898    8665.1952996      14.2709145      23.9687466      12.3596161       8.0645398      21.9678810       7.9680787       0.0000000      17.8713946      27.9280088       9.7947183
   2660.9962241    2675.8835924    2680.2804869    2664.8169246    2693.8843101    2685.9951713    2685.9088452    2674.7670853    2686.9232893    2671.7275431    7414.9102806    7421.8906564    7416.1942392    7408.9799183    7405.4576115    7410.7364935    7411.3239259    7418.5722372    7414.3398021    7418.8681575    6479.1947430    6508.2722506    6492.8067397    6490.1206851    6483.4934944    6487.5065381    6489.3510695    6480.4503924    6502.9896709    6480.4214078    8706.9417968    8703.5882544    8691.9158990    8698.0680267    8695.6353494    8705.9371584    8706.1271280    8684.5109967    8688.3241911    8678.5153340      22.1892182      20.5385739      25.9015632      18.5909433      22.4009284      18.2074682      17.8713946       0.0000000      24.8558461      10.1988949
   2667.3025830    2682.1375239    2686.4307480    2670.9796999    2700.1657464    2692.1812316    2692.1973716    2680.9672525    2693.1596001    2678.0489152    7420.2776158    7427.3196380    7421.5874152    7414.3929347    7410.8358513    7416.1469635    7416.7821542    7423.9668072    7419.7892160    7424.2690250    6472.1122338    6501.2292035    6485.7376165    6483.0778386    6476.4517092    6480.4208129    6482.2802862    6473.3082857    6495.9760784    6473.3802730    8692.7653172    8689.4241318    8677.7054451    8683.9118751    8681.4326909    8691.7549963    8691.9647150    8670.2927056    8674.1210710    8664.3507025      34.0454282      40.5657587      39.8666833      30.7952565      31.6182205      34.2451140      27.9280088      24.8558461       0.0000000      26.8120959
   2652.5101012    2667.4031361    2671.7936322    2656.3150955    2685.4206604    2677.5161531    2677.4320672    2666.3263470    2678.4830298    2663.2635202    7413.0560330    7420.0388522    7414.3036823    7407.1154179    7403.5988739    7408.8830192    7409.4409560    7416.7215966    7412.4750803    7417.0021083    6479.1879000    6508.2380955    6492.7545501    6490.0879101    6483.4538442    6487.4679622    6489.3116376    6480.4226017    6502.9419714    6480.3777709    8702.8997084    8699.5373435    8687.8739948    8694.0274596    8691.6094056    8701.9054012    8702.0683736    8680.4680621    8684.3069553    8674.4695123      12.5426922      16.5114763      18.5645306      14.0166219      16.2664461       9.5940711       9.7947183      10.1988949      26.8120959       0.0000000
