      0.0000000  319998.5709267  319398.9835432  364802.1988470 4097544.2830005  347113.4847412 1260785.0835627 19791671.4257505 6968976.6162473 4430970.4371297 16656837.8866456  121264.1358104 1831600.2526449 27568464.7233724  687734.0184367 7014609.9191449  320004.5193262  357022.3923322  321283.8287454  363624.8630721  379986.3974498  320358.0331025 13353575.2422187 6407597.9747073 1042076.6337854 9726596.8817397 4844915.2069601  221426.8832831 5616846.4869540 18694223.5523477 14161830.1611493  319479.6991439 6729309.2754326  324587.8322559 8893135.5029624 10379293.4556240 31773422.2977916 10615986.7804560  614255.4214418 9322502.3993645  320020.2588395 2949598.2150043 2103693.1039446 20236294.7121685 1258770.6677694 1035608.9969559 3469057.9280324  320017.8271519  320011.3963168  409647.4071845 19148412.8624103  571106.0421598 20379622.3749428 2642396.5628944 1631696.0163022  320083.4626192  297834.7092924 27764900.6031787  215094.4342470  320017.7115696  639041.0286696 1342303.6047753  236987.5002986 9608512.2278993 7264762.6674407 10823665.4445201 20296073.7313490 7922415.5476692  316950.7993874 12874985.6262718 17890905.9297050  320130.8559977 13929419.6684342  319986.2464229 1090486.6936803 13172260.7222236 7101157.4236697  856965.7476733  277457.7020869 1398361.4685168 5328147.1498643  667446.3096905  356348.4282011 24387106.3203044 21374217.4566370 1967194.7918969  597047.1814602 3193117.3498800 3536094.3725252  318873.5130615  325631.7988283 21381440.0142120  317603.5889512 8076126.5220685  341848.4122659 3263984.7344035   80940.9563643  796391.5359195  320015.6564817 24892044.4666115 4143833.6145061  320918.8306547  322204.5368971 10953754.4178255  320009.8255623   47534.8409407 2525236.7973507  324614.1723856  314533.7897040  326696.9895126  217776.9247714  623186.7526668 4510861.8930357 14933852.7052046 3236055.8554341  136425.7290664 1438341.6535716  500392.3592008 1184201.2167959 28641876.1320885 6505144.5573303 21722394.6991253 30322522.4773771  319280.4145560  167580.0345412 3084737.8532465  374319.7874838 27974943.8332437  615443.9933721  320156.5973751  856837.9534048 2513486.9276850  203278.2327671 16816604.5370658   53471.9250914 14023451.8096301  317524.8625932  972594.8503028 2690875.0500405 1477363.6360706  320015.8626908  315910.3136947  248446.4889494  588447.8718572 1308005.6676622 6552789.4775198  843173.8569567  304447.5028360 16346054.1502084 8200725.7824073
 319998.5709267       0.0000000    1603.0780715  179122.8466229 4417537.5629871  141022.0148878 1219500.3102136 19790844.2600206 7224872.1312878 4419393.7734276 16653798.4245427  199827.3617634 2150419.1207494 27888380.4763787 1007725.3018416 7334604.2146519      66.3079436  160176.4725685   28915.7449638  230144.6618149  207910.5480291   14967.3798774 13350000.6386290 6727596.5200821 1362068.1698709 10046590.4340527 4857742.4038283  536357.7934482 5936839.9019832 18695365.2001483 14481823.7658560   29926.8487719 6724778.4731340   58627.3775287 8888390.2325475 10374362.2441718 32093420.8066304 10935915.6361669  801465.5630983 9328251.2368944     303.6309804 3269587.2573097 2423690.4951686 20234296.3631846 1217436.6800373 1355600.7231029 3501993.8201727     286.9387082     311.1701934  283809.7491007 19468406.2288217  473102.2168512 20377600.1995758 2624714.2049485 1951572.6424686    6525.1203993   54227.2578543 27765166.5266423  504376.9496366     945.1277750  553390.9431919 1303626.6238274   84245.6308534 9604941.3445275 7291155.4506929 10820688.0546784 20518863.2683274 8242394.3135634   46901.4627200 13113050.2659164 18210899.7141585    8996.5019080 14246515.9369777     578.0749192 1410478.5288902 13170799.5442304 7401581.1081023 1176945.2785812   43097.1652398 1361930.8278399 5648135.8506592  986758.1617886  161111.4719110 24385622.9442446 21694210.4366576 1947418.2405982  525615.8577055 3235717.8247676 3523375.5582261    3957.8239927   62267.0898218 21701425.2544237    2482.6917689 8248782.4158248  122436.9730122 3251155.3360472  397135.5046131  742234.1953775    1105.2935890 25212038.1450505 4444848.4330000   26151.9985875   38165.6059623 11190114.5531840     166.8713278  367222.2047526 2845229.7262742   56764.2153315   11765.2747638  124237.5575870  537761.2152739  943176.0820413 4778968.0990547 15008395.5158876 3503237.3637275  267214.9032588 1403781.6407793  386563.5607721 1140421.2230887 28650179.8529380 6497261.8065167 22042387.4621084 30322774.2298977     774.8761813  487561.5628295 3404108.4617616  196006.7875723 28294939.3154274  525784.6703940   10129.0330436 1176829.4087403 2497993.7690816  523124.1016608 17135678.8535351  266796.8516570 14021556.1817720    2493.3990642 1285925.4180208 2672292.3712683 1797086.2587318     284.4686156    4101.0881340  568429.5041765  497975.3968844 1269593.4445898 6872783.3484623  781839.7925402   15556.1719710 16480125.5005702 8196234.7202349
 319398.9835432    1603.0780715       0.0000000  177683.3745185 4416933.2835617  141055.2750504 1218038.8699617 19791090.8384998 7224541.2907660 4417932.2613958 16652336.8119338  199245.3848114 2149839.4185680 27887754.4792991 1007121.8529090 7333999.9094981    1601.7895512  160444.0454798   27570.4950366  228606.4018206  206444.0742495   13564.6870647 13348541.1437590 6726993.5044425 1361462.8155228 10045985.9268214 4856278.3392459  535788.9705358 5936234.9581552 18695617.7661190 14481218.9618348   30189.5356403 6725037.5228618   58579.7155076 8887333.3756249 10372902.3510241 32092817.9295102 10935282.4047624  800012.9460440 9328494.7135200    1595.4766012 3268976.0865713 2423088.5437660 20232833.8142468 1215980.3666995 1354995.6220028 3502157.8969479    1583.3170824    1516.5037865  284027.7337994 19467799.8568023  471640.8572515 20376137.7268698 2624971.9247443 1950976.9951982    5094.6900855   54183.8447352 27765427.2125824  503410.5462571     823.7333044  551975.1371959 1302165.1286037   83444.2102309 9605202.8375182 7289655.9504146 10820949.5302104 20517397.3066200 8241775.3152227   45379.1909119 13111629.9417302 18210295.2721418    7554.9082165 14245722.8295690    1135.7116002 1409874.1088830 13170547.9530806 7401101.9894510 1176345.3558717   42567.0848217 1360476.2295805 5647523.8018811  986077.2910687  159642.7933295 24384349.6003435 21693602.8312689 1947619.5031631  524117.8592767 3235768.4922843 3523578.7850995    3632.6939179   60811.3079581 21700810.2086215    1990.8282382 8247284.3314170  122706.2925146 3250833.3370568  396511.8561534  742467.0405249     921.6421816 25211433.6673778 4444302.9897853   26194.6825008   36711.2762537 11188689.4280995    1551.7741795  366626.1968554 2844624.5474833   57046.6837613   11815.9264739  123037.6978803  537158.4193784  942575.8355283 4777680.6801719 15006831.1425398 3502865.7838184  266490.0292710 1403240.8833542  386827.4570271 1138979.5231871 28648699.9990783 6495800.2978191 22041777.9197911 30323034.6785589    1472.4846075  486959.1792547 3403418.6230865  196251.2882407 28294335.1268649  524323.2972115    8919.5828340 1176225.4385730 2496523.0778332  522494.6614010 17134966.6150732  266171.1907946 14021817.6226526    2372.6489089 1285100.7487116 2670946.9833046 1796428.4446233    1593.8780192    3778.3191100  567823.1484491  498224.3412566 1268130.6859174 6872179.0433900  781992.0946311   15020.7341758 16480006.8447986 8196496.2404804
 364802.1988470  179122.8466229  177683.3745185       0.0000000 4419056.9673668  199840.7625216 1041165.2832226 19774518.2639998 7216286.9004772 4240969.0339849 16475351.6579362  265734.0534415 2154474.0220496 27883300.5097515 1021439.6055676 7334665.7066107  179135.0557826  229734.1122039  150608.2247614   61543.5384496   33331.4002452  164162.1412151 13171416.9756529 6727789.8385814 1371509.2977177 10046063.2695971 4679015.9419683  561538.9301620 5937355.2549637 18680291.9349782 14480775.0620040  178953.4604897 6711823.4799448  170836.1931575 8733054.8958975 10195827.9924504 32091714.0628626 10931737.8060348  687336.8698155 9314585.3367748  179155.3102333 3271528.6463284 2428069.4401203 20055845.0425966 1038803.9891046 1365125.1473558 3490026.7369235  179142.0309566  179073.1528601  322292.8495783 19466884.4100821  295065.8257445 20199149.1942243 2614987.1045336 1957200.5588182  172657.3943759  182531.0083070 27750411.2947167  484806.0715501  178204.4885166  374522.5748196 1125282.7170131  185563.7270814 9591282.2412659 7112893.7328752 10806840.6445498 20390323.4676194 8240320.0998098  132856.1334033 12993975.2842142 18209666.4141614  170192.6884874 14221838.9579972  178658.7643973 1419635.6143877 13096824.4272840 7396413.9071111 1188149.5198354  183195.9350998 1183157.1971899 5647918.1411673  991348.9602730   23351.0359538 24213416.2102676 21692451.7259583 1933950.3572650  347887.3011313 3212994.8216830 3505466.1169133  177015.8450332  117058.7403992 21698752.7325465  178539.0347665 8099445.1749537  208037.4122078 3172450.1412929  428124.8435541  747335.9179624  178036.3695189 25210561.3795941 4433840.0833904  174065.5096587  141104.5363200 11070322.5057854  179096.7493415  406357.2982520 2848627.9458413  183213.1655376  178540.5195034   87048.8883424  564785.6831998  957781.7523050 4684982.8210831 14834828.9266639 3497853.7889961  284729.1872547 1305375.2308926  411854.0193505  961358.5813563 28471750.7207526 6318826.7353406 22040347.5676035 30307903.9886132  179146.7233169  517447.0706282 3396108.9010182  251773.3462524 28293375.8842212  347682.0076888  169436.9097207 1188254.7775787 2319581.1221228  547715.5708493 17121089.5005474  317044.8352587 14007371.4274645  179133.5196551 1265228.2676175 2496082.3908890 1797212.0202272  179154.0953340  179143.2997070  593547.8504110  513342.8810542 1091166.8645955 6873001.7963267  773612.8701426  179647.2131173 16454141.3573026 8182861.0562397
4097544.2830005 4417537.5629871 4416933.2835617 4419056.9673668       0.0000000 4417749.3959916 4582745.9040514 20278038.2872153 4513071.4475360 6248650.9392479 17229177.7458618 4218219.5900939 2282123.0169770 23472652.3287993 3409812.2620442 2917067.9564617 4417543.1411546 4420404.8503521 4417650.7343159 4387261.3849762 4420491.5009612 4417581.4178891 14058622.4107845 2310229.4965291 3055470.5881699 5629052.8910120 6324998.0367660 3885515.9381731 1519303.8498681 19181844.8403517 10064286.4001562 4415886.1959053 8030830.3554058 4417494.6894422 9925429.3750233 11275742.4883807 27675980.3607944 6519829.7383026 3883861.2200838 10202614.7370962 4417557.4407623 1148093.9579778 1994021.8265342 20703632.7371372 4582247.8114187 3061937.6954056 5231152.3622182 4417555.1147245 4417548.5770066 4404551.8274556 15050873.5531438 4442690.2908750 20844220.4900062 5138511.5081547 2467620.5435796 4417558.9406946 4392069.9442309 28109788.7713878 3934850.0835237 4417554.6053525 4452026.6237621 4605752.5734255 4334218.4929152 10572277.3529323 8122627.3444312 11687917.9574038 17708565.4828215 3825410.3415497 4411316.2791008 10229500.3627742 13793362.1911813 4417550.7768293 9885476.3120073 4417523.0647953 3007059.2517749 13881920.6482165 3586113.0061930 3240769.0734709 4374963.5751683 4620142.8788466 1230882.6588727 3432599.8854251 4418326.8563319 24782614.1984091 17276685.7965170 4801813.3649121 4414097.3013659 4994546.7540406 5650394.6101843 4416409.9240934 4417606.8572856 17284034.3314023 4415140.5193352 6876621.7910812 4419084.6712939 5474629.8471224 4021592.1039196 4454050.4826179 4417554.4758715 20794500.5872181 1496291.3788659 4417610.2800936 4417640.9723173 8429917.3053342 4417547.8817013 4050406.8885670 1572309.8416331 4417830.8461712 4411972.6087235 4402249.3468785 3879776.4212883 3474443.7835069 2560334.8532049 14578693.3858416 2368016.1809869 4177147.6492266 4635300.3787974 4434313.2035567 4561790.4546399 28850666.6505513 7856789.4934036 17624887.5407276 30640571.4966279 4416817.6852535 3929976.0720945 1039256.9921753 4421871.6252205 23877405.3327685 4448585.4240608 4417567.2153882 3240708.2148005 5041068.7139034 3894519.4866722 12734932.4521015 4150782.4911066 14701192.6746146 4415062.0245059 3160526.0477381 5162469.5517803 2622570.5462504 4417553.1656153 4413447.4307285 3849110.1575183 4441877.4848589 4591270.0452408 2455246.1600682 4486240.6918769 4401984.3437305 15154784.6902742 9311118.8049767
 347113.4847412  141022.0148878  141055.2750504  199840.7625216 4417749.3959916       0.0000000 1205872.3957710 19651319.9396869 7141352.9374830 4399872.0455782 16632646.1566406  234750.8137128 2141192.2809366 27883670.1317119 1015528.4463228 7333852.6588158  141088.0590535   30078.2849681  132675.4758865  250804.7201551  232700.2998055  137848.6314328 13327687.1949294 6726317.9229183 1367317.0605281 10045535.6651897 4822732.1184195  536266.0762164 5936461.8641802 18555974.0835888 14480460.9293811  111566.2822506 6585485.7745797   82615.4685380 8792203.6497031 10352708.1000596 32090833.5348397 10934351.7287005  797280.0345909 9188956.2218048  141322.5141521 3270485.5751258 2424629.8367417 20213035.7558800 1201209.1927715 1360880.0850210 3363791.5304615  141304.2809242  141308.3573823  146640.8258041 19466843.7970135  472453.7546682 20356337.5386585 2485424.6339495 1950341.1471552  140466.7061962   96981.2860479 27625850.6110840  510987.6706807  141021.3435361  531600.3251679 1289471.1240884  161796.6668609 9465645.0303730 7262856.9766008 10681388.7182578 20502002.9210374 8240975.9836242  140571.2208638 13097677.7579964 18209390.1998412  140206.4706439 14242301.9918351  141246.4480538 1415491.6039486 13032393.6351804 7353117.0041722 1181274.8922790  140409.2282715 1343435.6515007 5647732.5913112  993641.0152811  197269.4841868 24316118.9040552 21692570.2129397 1807477.2670175  522719.7639831 3097171.1493365 3383337.6897325  137458.8340340  143869.0247221 21699664.0390524  141165.4740630 8211357.4556202   27492.6038021 3114342.1489687  409824.3930851  603160.4739522  140572.5998582 25210387.2309887 4398009.8826942  114884.4806752  139984.9815537 11174969.9707402  141175.6345735  388654.4497902 2846670.8544649   85393.6453215  130826.6431556  115738.8935174  554029.5909414  950022.8206507 4767769.5721706 14987318.1906823 3429249.7773146  244686.2340846 1274823.0788158  248191.4983293 1118227.4987863 28628712.2265227 6477022.8223493 22040611.8131104 30183450.3439645  141297.5956123  505652.9792135 3403672.2014550   59679.4754692 28293088.5688765  522998.9314339  136195.7187353 1183237.6870420 2480160.3766681  539209.0609561 17132456.5125775  299768.8929754 13882251.6177903  141301.7435017 1279786.7792112 2618686.8085705 1799589.1559056  141303.8006670  141317.3921203  583690.8992113  359091.6054280 1255004.8268186 6872156.7233647  641378.6772460  141951.9784518 16351933.9219255 8056942.7818206
1260785.0835627 1219500.3102136 1218038.8699617 1041165.2832226 4582745.9040514 1205872.3957710       0.0000000 19816309.7968884 7327212.7906005 3199893.4867042 15434298.1523595 1235395.3936872 2472138.8181638 27892781.0180364 1581968.4720400 7435221.8980168 1219506.8293909 1229856.5556228 1191420.2046040  992873.3174604 1011600.7672441 1204626.7364596 12130562.1856520 6837200.6652251 1827212.8220238 10120225.8976036 3652312.9111030 1331641.4169171 6060269.2067742 18731343.7883379 14532750.6284017 1219780.5619138 6834740.3676812 1208029.0315156 7913428.2196688 9154889.8084967 32116551.7838729 10979657.0380134  874987.6815997 9407908.0845614 1219506.3677361 3484118.5839335 2713171.8662516 19014797.8740091   22703.7636771 1822547.5245668 3701646.3085326 1219494.5146069 1219424.1193070 1252160.3587484 19504943.1261425  746398.1420257 19158101.4384028 2891333.8499886 2301235.8511566 1212982.2160310 1220332.9366995 27792171.2271593 1186571.8381516 1218565.9858741  674362.6036288   84126.3648241 1210031.7629089 9682332.5061445 6081915.9619917 10889463.7841864 19666798.3801037 8319447.5389784 1173075.9811544 12339497.3299251 18251653.4953781 1210508.4301549 14136379.4348921 1219008.2712498 1864150.2360003 12808628.0909146 7500757.9482169 1694631.3003573 1220268.7726907  147110.6140980 5771943.3273357 1527092.1402468 1058405.5343231 23249806.8534510 21725804.0558502 2261086.9085059  695896.3521488 3379341.2387609 3682527.6886094 1217657.4590014 1157248.6611948 21726780.2665939 1218907.0682202 7280177.3259429 1225536.4308737 3002268.8803522 1271809.0300796 1423812.5168347 1218434.6629803 25241481.8783482 4559104.5352553 1215066.1692156 1181336.1970505 10416525.0095528 1219460.0162942 1273531.2248143 3094742.6001710 1220832.3391036 1219543.2815968 1114959.5565635 1332726.9729355 1541663.2274194 4259679.1320476 13828633.0364232 3709546.0589082 1197333.1830209 1291463.7678820 1279259.2646115  110044.5018903 27431312.7851267 5277761.5372434 22071674.4303391 30347061.0473955 1219506.6704416 1313347.4287915 3547136.5303048 1232125.3803639 28321174.2849971  693715.6699753 1210077.3149042 1694512.2991414 1278779.0527939 1317870.0985858 17087415.7993783 1243867.1073035 14074758.2556158 1219499.7547408 1616483.8228837 1526299.9804373 2133715.5251952 1219506.8571059 1219503.1455556 1344174.6843551 1314061.3827035   50664.4388100 6980108.8920988 1398366.5772849 1219606.2478916 16442100.4198098 8286740.7594285
19791671.4257505 19790844.2600206 19791090.8384998 19774518.2639998 20278038.2872153 19651319.9396869 19816309.7968884       0.0000000 16552772.5439153 20234755.6787146 25736137.3126653 19777924.7631634 19725535.1660869 33888447.7125086 19816559.3422670 21103189.4361092 19790910.0719202 19630674.5842609 19783764.5327446 19790157.9997205 19790121.2238295 19789039.6869774 23655955.3251017 20870485.7957104 19837905.8310529 22194935.7510804 19807050.7427924 19734220.0540771 20662128.2290238 1110667.3492172 24523476.3512003 19760969.6430657 13066677.2024567 19733518.2970983 16388945.8194609 22195176.4593579 37601755.0093284 22609480.7092318 19801684.5838939 10471236.8234596 19791147.2245577 20059076.0571121 19919375.3748968 28159908.9367059 19793632.9654941 19837389.2599561 16332365.3784593 19791130.5301123 19791144.9772304 19507923.1905438 27761206.0729084 19791944.7794318 28262146.7466549 17166211.5238979 19827046.9390132 19791082.1510638 19743126.2277122 7977883.1414511 19777057.2508468 19790976.4369092 19722315.5781773 19820826.9815754 19791152.6306876 10186863.8964297 20633844.9492881 8971383.4468395 28364718.9268199 21418549.0826001 19789419.7257007 23651812.6030621 26893447.3191041 19791044.3833767 24369722.8129770 19791142.3917044 19841299.0725144 8544222.8948947 18604491.2285939 19808405.7210763 19784229.5967106 19785403.0000112 20580577.0098614 19815138.8149526 19790165.9556901 25185545.4571978 29364145.4403225 17844344.5739204 19792575.4056297 16622267.7010042 16269359.1248099 19787513.4738897 19789025.3779639 29367695.7048092 19791089.6128505 20277313.8169476 19668412.5267611 16820677.7294987 19767642.5443172 19049079.0886632 19790540.9699221 32051814.1981515 18796211.5845706 19765074.3579735 19790176.0239651 22669157.3521249 19791005.4539368 19786414.3273065 19994431.1254655 19734083.0074582 19780486.2282981 19728218.9908364 19798422.3451410 19802302.2125244 20334454.1618361 24707826.6654184 18165608.2716247 19690668.2792814 18600964.7578474 19404299.6501821 19738390.8560343 34653817.1725316 20767343.1079104 29611856.1369554 10534635.4510472 19791130.9797626 19797117.4066184 20078816.3825997 19594840.6949529 34511071.7422391 19792675.1930296 19787052.1861736 19826016.5546935 19923006.0786730 19796822.0119160 26156294.6821874 19792893.7423190 5771758.7247385 19791142.2718034 19754829.2099024 19251459.0847021 19869367.7828588 19791128.2762670 19791144.1897185 19799283.8801448 19292885.1013765 19813288.1718478 20948892.7142468 19010731.8137372 19791153.4834447 8553057.3303466 11595329.5948368
6968976.6162473 7224872.1312878 7224541.2907660 7216286.9004772 4513071.4475360 7141352.9374830 7327212.7906005 16552772.5439153       0.0000000 8469491.9770868 18152823.1232972 7057065.1421800 5509520.1032547 22391955.9971814 6442180.3683222 4551234.1947748 7224915.6803914 7130844.5181418 7220895.0568810 7199567.4619968 7226479.6542549 7223916.6395808 15140329.8089480 4355143.7323866 6182582.3628800 6029719.3711349 8194489.3695003 6763775.4174148 4294003.2749732 15485256.2511864 9674374.1044061 7205749.9034269 6274678.0314721 7190697.1317957 9381032.2445429 12620682.3823648 26598328.4582958 6686226.1941698 6794855.7062132 7480812.4661367 7225068.0836257 4988648.5499754 5453002.8970030 21476268.4738740 7313665.1445907 6187185.7086221 5375921.5612959 7225056.3656500 7225060.1141605 7042272.0637341 14315282.7047305 7240403.5503850 21612017.1012452 6046169.8263450 5728799.9178629 7225068.3913653 7175855.4583888 24174483.3601037 6830294.6602463 7224969.9711284 7204071.6353064 7341613.9534958 7158170.0053956 7874149.2603112 9645660.7145195 8740728.9930125 17484927.7793487 4915000.0405192 7219221.5753074 10476904.3357641 13120584.3829810 7225052.8844292 9541177.4983474 7225040.5544451 6147833.4648179 10906364.8387055 2095827.2672487 6305213.8421545 7186691.6398474 7327477.2253575 4295207.6225728 6459216.4667760 7225118.6882313 23926884.1731351 16451954.3311928 6241546.6120897 7216109.6609732 5363062.0196391 5864060.6635888 7221996.3699294 7224079.6075675 16458708.8652524 7223093.3781923 7571183.2398501 7152687.7459020 6070432.9449294 6893525.4523980 6788454.8525164 7224711.9181736 19869409.5805583 3262227.6116528 7209616.7167258 7224734.6842591 8971921.7692052 7224976.4451318 6928126.8772335 5217648.2007933 7191235.1499272 7214233.1036610 7175348.9626634 6799976.1458658 6483177.7676422 5285803.8961287 15327089.0098751 3739949.5963562 6970597.5090195 6625606.3256053 7002030.0092992 7270469.5288812 29368314.9435500 9716651.0524276 16784444.8400964 26667786.6062972 7224463.3871446 6838980.0621258 4927824.5042122 7110175.4460688 22883243.1686830 7243979.5224207 7222695.9064987 6317178.6498648 7615186.0184837 6810715.3009384 12127563.7732443 7012265.5345424 11333119.4152783 7223057.9758500 6204522.7149301 7310417.0283468 5876683.9967095 7225053.3843681 7221760.4647725 6776231.0949711 6937538.2301160 7328227.7161122 4419974.2245444 6791005.4110125 7212547.3092942 10726750.2742633 7001405.3566002
4430970.4371297 4419393.7734276 4417932.2613958 4240969.0339849 6248650.9392479 4399872.0455782 3199893.4867042 20234755.6787146 8469491.9770868       0.0000000 12234404.7085441 4423538.6222866 4914821.0242612 28156665.4762857 4532826.2235917 8563004.6936427 4419400.3020605 4422150.0858294 4391298.3025662 4192264.8915108 4211492.8973326 4404519.0896455 8930901.0961523 8049309.3110082 4623107.7364672 10975387.6052788  750467.6347211 4451175.9424579 7399673.8402926 19196635.3961796 15140097.7659626 4419403.2772570 8047223.7351135 4406929.0363100 5811496.5300585 5955115.7785723 32396263.6705236 11713754.0666179 3902656.3830594 10322445.3664631 4419399.8532453 5484807.3556750 5040359.0345273 15814910.6048595 3202241.2313476 4621421.5848495 5622510.1990630 4419388.0003531 4419317.6051211 4428523.4565429 19958074.7894697 3946291.6250905 15958213.2360099 5133863.4776308 4831098.5811187 4412875.7016460 4419346.4155604 28114809.2473979 4310043.4237046 4418459.4660819 3871171.2749832 3115767.1823414 4407841.8876173 10573162.6136023 2949321.2039338 11688630.1229266 17637507.2113935 9311549.9506647 4372956.0653111 10711877.2125513 18739457.8798186 4410401.9162780 14345008.5528079 4418901.7576016 4638434.2043892 12389341.4163867 8618512.6196894 4573211.0480249 4419610.9606461 3058256.7515778 7153183.1954080 4476376.2911857 4258297.4387953 20315364.3749410 22130433.0080525 4766032.1093777 3895079.7673446 5296220.4340896 5541360.4514190 4417546.7564281 4357141.3368833 22115339.8033965 4418798.9025502 5260610.3776172 4420974.0324142 4366571.0734380 4426003.2879889 4476779.1925996 4418328.0518232 25596427.2091443 6133932.1881276 4414757.9721339 4381229.5735752 8876317.5272557 4419353.4982197 4434569.6595675 5254382.6631968 4419760.5705754 4419394.0674281 4313472.5689461 4451919.6068628 4518923.0257875 4468934.8511806 10775193.8883276 5639571.6641446 4376006.5741638 3874711.4203008 4436160.0148291 3282190.7215772 24233387.4213638 2077868.0638796 22465415.6272416 30641600.5416564 4419400.0193932 4446211.8455975 5416016.6713259 4420646.3918899 28637974.7780307 3893609.1451501 4409966.0574481 4573132.3117288 1922090.6444971 4440452.6427197 17372127.9397620 4422877.7066206 14701772.8082143 4419391.4785299 4390011.7916552 1960855.4892215 4708157.6116501 4419400.3429253 4419391.7594076 4454394.5499778 4443854.2808621 3149832.3191841 8171052.2375665 4429769.7109190 4419428.2833408 16768394.5300792 9312040.1475749
16656837.8866456 16653798.4245427 16652336.8119338 16475351.6579362 17229177.7458618 16632646.1566406 15434298.1523595 25736137.3126653 18152823.1232972 12234404.7085441       0.0000000 16654600.0170529 16791792.0465467 32218810.9928104 16684125.7761867 18196288.5178271 16653804.9568561 16654415.0521689 16625698.7176096 16426548.6402465 16445896.9740423 16638923.4291226 3306755.5177282 17960508.6586629 16707748.5049112 19447821.6014015 11855074.4520047 16661710.9321161 17677301.2182434 24996207.6810824 22065600.7567997 16653731.7532925 17960393.6159603 16641057.7650513 10597270.0121419 6279954.2607515 36155163.6481473 19740481.4677458 16104758.2693825 19088461.4136011 16653804.5145754 16955962.8551676 16828918.4451177 3580611.5786613 15436582.6481036 16707447.6029592 16997579.5222410 16653792.6613650 16653722.2653343 16656225.5062122 25601485.8924055 16180696.2720578 3723894.1656221 16852121.3653787 16767485.3651370 16647280.3626163 16653500.9358160 32376425.0986745 16524088.4491012 16652864.1248549 16105082.8946664 15350171.8332624 16641656.6162297 19225235.6229725 9452855.8177529 19860506.2450767 14505576.6260472 18503376.5876897 16607356.2239835 12652299.1501130 24676010.6783229 16644806.5756635 20427038.6772510 16653306.4145272 16712629.6487332 17376094.9404506 18219875.9551576 16694959.2017350 16653855.4308342 15292463.2640458 17556472.0363427 16630076.8088033 16492701.4179591 10619014.8640459 27319145.7514510 16698662.0912923 16129362.5186847 16746915.7248125 16884608.2819395 16651950.0762841 16591545.7232328 27257153.3343765 16653202.7752188 10938384.1642582 16654126.7975271 15695017.5502412 16647250.7589287 16665722.5821254 16652732.6831664 30213983.2529879 17053446.1595597 16649106.2478590 16615634.1919599 12408438.2073058 16653758.1566552 16657744.1229003 16892747.9895292 16653894.5470899 16653785.9726204 16547519.2421770 16662336.9778922 16680368.3018005 14688977.3054933 4204949.0601932 17017926.1736572 16604580.5525851 15964573.5040562 16658156.4196757 15515937.4235571 12016005.1098187 10156536.7111593 27576662.4894737 34589222.1435017 16653804.5425335 16660876.0085780 16798602.4808273 16651848.0451019 32830282.6455478 16128013.7877073 16644369.3831735 16694901.4268372 14156152.1436752 16652095.0627408 22979442.7279192 16651333.1237967 21770529.8562607 16653795.3096529 16486064.3919341 14087871.0066461 16683319.1085782 16653805.0036843 16653794.5018222 16662007.3945645 16657689.8216786 15384228.6392777 18015391.9262113 16613292.1666768 16653810.8366608 22614303.7191794 18561559.7226674
 121264.1358104  199827.3617634  199245.3848114  265734.0534415 4218219.5900939  234750.8137128 1235395.3936872 19777924.7631634 7057065.1421800 4423538.6222866 16654600.0170529       0.0000000 1950617.0319680 27688840.3859565  808505.0302803 7135269.9232288  199837.5317031  247206.4569915  201404.4593151  279851.9354484  286773.2828331  200262.5587279 13350838.4888749 6528199.2167960 1162812.8465813 9847258.8796852 4845516.1952059  336920.7736940 5737515.2005828 18681185.0111189 14282488.9895516  198231.2073289 6712993.0845030  203943.3689084 8882433.5375726 10375830.5272499 31894000.3626914 10736615.5559976  673029.6329459 9310556.4175788  199868.5330780 3070278.4379190 2224277.7717020 20234575.8850079 1233112.3878107 1156344.9981709 3465278.3607770  199865.0124457  199859.4521285  322168.3578975 19269069.3956963  513194.1895098 20377898.8089346 2618388.2749029 1751914.7465882  199959.3675344  176874.6074218 27751743.3159113  316694.9460937  199854.6304876  586330.1699201 1318469.5699115  117478.9643840 9593092.2862448 7271990.2689217 10808609.2279431 20379470.0783542 8043036.6169330  198721.5662049 12964069.9819611 18011562.4691452  200037.2569283 14048920.2603170  199833.9116022 1211219.9374804 13158607.5666263 7209738.5415522  977481.0286899  156930.6887703 1375365.2875983 5448812.5482411  787877.0983568  254793.8702350 24381150.2211686 21494872.3617414 1940835.2059129  549524.7035267 3192763.4193969 3515088.1010077  198501.3164535  208755.2689357 21502089.1286625  197453.8311040 8138052.8576532  226828.9759561 3243499.4586766  197448.9451899  748286.4626810  199824.7807336 25012700.4246224 4252589.1122434  199732.1415480  203287.6467098 11042132.5095372  199848.9107213  167907.6536504 2645925.3233197  203821.9347185  193797.0669968  216293.9269249  338717.3391897  743776.0314879 4610986.6890923 14960826.1177952 3328540.5860785  109651.1363498 1405948.5613769  422553.4258192 1156440.6606382 28644213.6646862 6499962.8466160 21843039.9223733 30309396.2333718  199129.5014354  288569.2878857 3205144.2068307  269968.3433201 28095585.5148616  562086.9363420  199826.7158451  977590.0859875 2502521.1811378  324092.2272008 16936870.8749761   69026.8277324 14009056.1340864  197379.1501248 1089404.5063327 2675785.5303927 1597927.2571853  199862.9221943  195768.9074963  369361.2102473  522088.9327750 1283976.4438862 6673453.3840441  793386.7303583  184338.2971781 16384323.2732536 8184745.0305604
1831600.2526449 2150419.1207494 2149839.4185680 2154474.0220496 2282123.0169770 2141192.2809366 2472138.8181638 19725535.1660869 5509520.1032547 4914821.0242612 16791792.0465467 1950617.0319680       0.0000000 25743405.0943734 1149492.9424547 5194980.3814320 2150430.2477570 2142769.8307566 2150054.8637358 2126589.1263379 2158549.0892249 2150349.1383775 13518755.3759132 4587185.6058739  801638.1399439 7905988.6817479 5149918.0069482 1614486.8571587 3798505.7946976 18622666.2239383 12340467.0693305 2146347.1904660 6876017.7627605 2145938.7488768 9043962.6520817 10593810.2701346 29950123.2149014 8795623.6065478 1675207.8324640 9330700.9432308 2150464.5923365 1141586.6797554  324566.6890676 20344661.3369884 2469501.5857128  807919.6937885 3672185.5481500 2150460.8697924 2150455.6415702 2123005.3045197 17326664.0695630 2201761.2225877 20487446.5130345 3249254.6013051  227551.0745255 2150471.1896251 2121227.4148429 27663873.8453560 1671212.2241955 2150448.2062705 2214650.1032775 2514620.8968478 2067452.9178079 9663454.9956164 7374779.7868601 10852321.8311475 19080183.4412863 6101955.7761111 2144394.1178181 11595525.5799786 16069214.4812575 2150466.4975913 12127480.5693886 2150430.3882668  754575.1484698 13169943.7278922 5355773.9341096  979811.0546011 2107430.9603182 2540397.0911759 3510198.7817905 1172813.1974257 2154335.7470605 24415773.8646992 19552352.8515118 2754419.5954578 2179877.0203408 3390088.0876814 3969285.8300872 2149016.5699239 2150843.6255193 19559610.5787991 2148052.0447168 7260352.3946242 2143374.9733309 3747810.2867304 1753544.9940798 2189732.8801855 2150411.3472162 23070055.1437619 2425757.5363915 2148393.9278149 2150669.7048375 9701023.3451265 2150443.0927484 1784086.8155940  725766.9702478 2146285.7561974 2144007.3155724 2131742.0240376 1615260.8546591 1211718.6776832 3177930.8500407 14636893.2765169 1875624.4444512 1903173.4871356 2481826.5166435 2152318.8427482 2428059.5490998 28663258.8658304 6843888.4160035 19900385.7625561 30215589.2264376 2149726.1232093 1665148.7217096 1284434.5749511 2142728.0103340 26152651.4226087 2213651.2942453 2150147.6932153  982916.1406734 3270841.3462160 1629804.1258341 15000798.8547201 1884788.6718512 14004434.0404880 2147977.7477588  909902.3326820 3393113.5015985  396440.5055615 2150458.7260240 2146369.1271932 1584796.8317921 2162225.6314288 2492297.1578961 4733530.0042860 2225268.1572745 2134947.9996237 15523864.1421768 8295727.3761168
27568464.7233724 27888380.4763787 27887754.4792991 27883300.5097515 23472652.3287993 27883670.1317119 27892781.0180364 33888447.7125086 22391955.9971814 28156665.4762857 32218810.9928104 27688840.3859565 25743405.0943734       0.0000000 26881016.2588528 20557110.4762416 27888387.4132924 27885776.1533850 27887772.8221328 27849007.9446125 27883432.3608262 27888100.3853684 30687009.3825624 21163095.0331983 26526782.5051230 17847175.7544292 27862078.6460593 27354854.7981695 21954078.9887670 33176068.2174598 13416783.1712842 27886078.5764182 28537089.6995630 27886695.6281052 29051445.5899022 29576555.7014069 4257358.3079989 16955686.1297764 27309755.6883762 28975350.4301969 27888406.1715534 24619789.6147094 25465286.6636392 34127825.4477320 27892358.0549223 26533250.0561853 27540850.6118483 27888403.3180115 27888395.7838536 27862392.0024483 8440646.9260321 27883660.9506894 34212819.2706669 27962142.7937484 25937304.6159786 27888284.6550611 27861793.6945243 38958674.5566283 27400887.1454399 27888383.0659245 27882489.8278725 27894954.4994207 27804854.4493318 29324378.8970925 27943769.1799405 29723444.1936844 19562315.8240920 19647897.1618921 27881089.3401829 19822280.9549484 9695437.0589167 27888227.4727826 13837619.4441687 27888362.7053778 26478406.6581994 30526786.4251402 21027125.6538355 26711645.3500889 27845690.9913428 27893392.5053704 22242092.2356439 26902446.2534734 27883765.6199240 36607893.7964729 6223989.9569936 27890108.8404663 27849046.4313677 27438265.6638528 28041259.5466711 27887155.5726830 27886921.0444118 6209956.5170186 27885978.1036828 24156893.6759969 27886184.8374148 27985452.0720175 27491755.7619221 27858463.2119928 27888372.3070976 2765204.2901259 23708063.5560970 27887816.1986387 27887643.1979537 20747641.4281667 27888393.1073288 27521220.2843510 25044203.3737961 27887294.5719970 27882611.1923056 27868538.8097307 27350811.9033743 26945391.9539599 23918710.3621712 28014273.2553850 24956894.7861727 27643894.5605281 27887808.7774977 27883648.8908287 27888957.0018148 38975159.3287053 28519612.0227713 5874416.0477182 40796864.7715541 27887666.3664310 27400994.9463176 24488227.9367029 27885298.2319543  821867.5875898 27883618.9067305 27888158.5281923 26711972.8610631 27915976.8748526 27365335.8379951 10831480.4431769 27621637.4931081 30977944.5622354 27885911.3545479 26618860.6942628 27955739.3171892 26091944.3000041 27888401.5498332 27884297.3311939 27320131.7318702 27879694.7942177 27888736.9874850 21018698.7601998 27883590.3297715 27872838.4602932 25392121.2485938 28919370.9175402
 687734.0184367 1007725.3018416 1007121.8529090 1021439.6055676 3409812.2620442 1015528.4463228 1581968.4720400 19816559.3422670 6442180.3683222 4532826.2235917 16684125.7761867  808505.0302803 1149492.9424547 26881016.2588528       0.0000000 6326879.0715852 1007730.8792717 1020346.3765602 1008158.7615993  997788.3664386 1027049.3422188 1007854.9585573 13387191.5127636 5719887.1569083  354345.1857741 9038865.1367524 4889221.0012258  479452.4078871 4929114.7071141 18715911.8248753 13474098.4989345 1006417.5034990 6795823.2018907 1009000.0684035 8945301.1507162 10423191.3002333 31085715.4665031 9928407.7065273  707597.6239901 9352883.0493630 1007745.2035951 2261878.5664736 1416021.8460396 20257676.7959154 1580412.2363401  347877.1156331 3503268.7637479 1007742.8743899 1007736.3415070 1025461.4347240 18460681.8337805 1113154.2368013 20400935.3436719 2811574.8438883  944836.2787642 1007762.9529941  983159.6295927 27782422.3969225  540546.3466846 1007742.6779500 1149641.8028425 1647630.9751829  924470.9968345 9657739.1378004 7255920.5019604 10867606.0205219 19826259.1198653 7234735.8521144 1002336.3403035 12375835.6097018 17203174.4249767 1007769.4724910 13248382.9356092 1007710.9187625  402753.5759146 13206937.7109986 6464050.5918474  169994.3792517  965169.4939493 1692612.3910922 4640427.7369342   57354.5070184 1018398.6333648 24406468.2257193 20686487.5937500 2179710.8475229 1105361.9144015 3214983.6904842 3664631.4961003 1006603.2979037 1009278.1404047 20693727.8743401 1005328.4074077 7737687.1514932 1014992.2121574 3399991.4343868  612376.5375531 1230730.5535178 1007742.6898675 24204312.8466319 3510624.8376077 1008060.8309364 1008386.2408217 10460813.9206004 1007735.6250759  640635.5782150 1837504.8128226 1009253.5687570 1002202.1127587  998333.0261997  469964.2053201   65558.2851300 3960788.9997814 14795792.0968514 2704848.1187819  774158.3274831 1728112.5201973 1079239.0686177 1521468.8809162 28636100.6611419 6574944.8733946 21034669.3741442 30339023.0639433 1007005.4450329  520163.8457933 2398904.9784457 1026605.5050269 27287214.7741511 1136524.6384478 1007794.3512269  169104.3332481 2679066.2603661  484795.5343422 16130975.6002121  740981.8064670 14057811.0090734 1005249.7863897  344820.7218898 2855804.7298326  790964.6918465 1007740.9248927 1003635.1929704  439299.9599643 1120780.5385509 1617623.7274069 5865058.0939476 1275516.6489914  992172.1069949 16080893.0478070 8258044.8168451
7014609.9191449 7334604.2146519 7333999.9094981 7334665.7066107 2917067.9564617 7333852.6588158 7435221.8980168 21103189.4361092 4551234.1947748 8563004.6936427 18196288.5178271 7135269.9232288 5194980.3814320 20557110.4762416 6326879.0715852       0.0000000 7334609.8246389 7336239.8888571 7334675.4384133 7301966.7888253 7335605.8297467 7334636.6451441 15226875.3813854  607891.8937231 5972537.3148013 2711989.0440531 8498799.2950575 6802324.5115932 1397769.7145605 20034316.0624380 7147221.3710838 7332898.1977927 9928133.8773977 7334378.4992383 11521881.0957363 12705054.8192488 24758969.6559062 3605658.1991222 6783526.4540871 11691851.9529462 7334624.2349306 4065083.9923705 4911017.8373350 21510757.8880081 7434924.8167035 5979004.4377619 7662092.0014553 7334621.9008925 7334615.3672967 7317855.7952307 12133812.6764668 7349720.4138387 21646426.9673202 7788955.1403561 5384251.8772409 7334623.5864180 7309009.8965681 28706692.3419692 6850870.0543428 7334621.2514842 7355359.0410181 7449382.9233547 7251277.7564177 12082592.6400283 9789220.4957620 13069663.8758305 16249316.3051898  911555.1739477 7328283.3988028 9032526.8343476 10876296.3300325 7334613.5996852 7044350.1070140 7334589.8301522 5924126.1723804 15057106.4145707 2560137.1345130 6157803.5110049 7292024.9635070 7457265.3992052 1686810.2586494 6349477.9343522 7334219.4303627 25463490.4564051 14359631.9922034 7560456.0139814 7318692.6524702 7475104.2769190 8135261.4390323 7333474.2597140 7334496.1029943 14367111.4768726 7332207.2523535 7413952.2893426 7335417.5487929 8009790.0642990 6938599.6313818 7346100.9057241 7334620.8926097 17877434.9355080 3472213.2672713 7334633.5408568 7334640.5211507 7529567.8878117 7334614.6087754 6967466.4039640 4489376.0998197 7334725.0221653 7329029.4086681 7318596.4380994 6796843.2667744 6391496.4137825 4146936.0193850 15017679.8763886 4752738.2200385 7093528.0767815 7467223.3536709 7344491.5032408 7422069.0427941 29348828.9121735 9798343.4844261 14707853.8334346 31190038.7036424 7333884.4720849 6847042.9112517 3941664.0407367 7337115.7065175 20960337.4373019 7353274.0520613 7334627.1197186 6157775.1108763 7711474.5205874 6811579.9992943 9837169.1887052 7067848.1066641 15821240.3778061 7332128.8163538 6073543.6184783 7805353.1242133 5539179.0595612 7334619.9511407 7330514.2234918 6766176.8515547 7347596.0163129 7438411.2643879  461824.0064382 7375830.1541395 7319051.1398495 14942248.8801759 10996511.3276764
