      0.0000000       3.5499784       0.8686851       3.1872642       2.5697823       2.7815023       2.0634529       1.8927570       0.8323881       2.7915790       2.3313927       2.5234835       3.6083117       1.0411525       3.3568788       3.5590130       2.1116507       2.0544139       2.5818587       1.8119783       3.1967385       2.2608006       3.4857994       3.1335069       2.2516950       3.9025373       1.9810887       2.2019485       1.6087036       2.2000961       0.9162058       2.5612303       2.0764701       1.9892320       1.8067956       2.0314384       2.1687274       1.9872793       1.5339133       3.7921445       2.4480035       2.1871078       1.1629448       0.8777692       3.3531375       2.5912911       1.1075028       2.6089210       1.4586557       1.7862184
      3.5499784       0.0000000       4.1777014       1.0452934       3.7317321       1.7620141       1.6630387       3.5752021       3.3229976       3.0533273       2.0843762       2.7662475       4.0115257       2.5320299       2.5146954       4.4744610       2.8729860       2.8917591       3.2691321       3.8088607       2.8588190       2.3869242       5.0420925       2.9441519       2.8930981       3.4738408       2.4559685       2.9281915       2.1984068       3.7985367       3.0552682       2.4582340       2.0086192       4.1583888       1.9260774       1.8373055       1.4853809       2.0016742       3.4480707       2.7760868       4.0710245       5.4013164       2.9642018       2.7795721       3.1142888       1.2884132       2.9425464       3.2027623       2.9595108       3.4879842
      0.8686851       4.1777014       0.0000000       3.8184274       2.2537669       3.1419038       2.5924246       1.7772612       0.9558064       2.7337764       2.6611439       2.6127209       3.3137068       1.6690639       3.5074660       3.1228631       2.1306964       2.2337860       2.4298056       1.4416564       3.2156090       2.4271361       3.0104849       3.3184844       2.2787106       3.8283717       2.2153193       2.1660540       2.0361699       1.8182207       1.2944843       2.6726782       2.4273501       1.4192485       2.3735713       2.5213364       2.7455033       2.4528613       1.5413100       3.8530347       2.0106111       1.4468747       1.8781014       1.4019880       3.2855715       3.0648812       1.3406325       2.5006121       1.5307805       1.5454552
      3.1872642       1.0452934       3.8184274       0.0000000       3.6898121       2.1892660       1.3337386       2.9706525       3.1113616       3.1897806       2.3528765       3.0163517       4.0122965       2.2568154       2.1810447       4.3675024       2.5340648       3.1179306       3.0287015       3.3841397       2.6304992       2.2110552       4.4650415       3.4902933       2.4809774       3.8224425       2.0242473       2.7805094       1.9836770       3.5161229       2.5625930       2.4081411       2.0236362       3.9155677       1.4533544       1.3857129       1.5861073       1.4627319       3.4847364       2.8424090       4.0212878       5.1770040       2.3511492       2.4613523       3.1515106       1.3657108       2.5727633       2.8762666       2.6327778       3.1284661
      2.5697823       3.7317321       2.2537669       3.6898121       0.0000000       2.1670021       2.4617646       2.0503400       1.7791557       0.8682189       1.8580453       1.2923227       1.1362529       2.2926137       2.3801471       1.1677519       1.3759643       1.6660669       1.0207846       1.4427566       1.8032095       1.4914692       2.6163472       2.2273722       1.5780586       1.7288253       1.8594989       0.9296078       1.9442717       0.8636561       2.2171393       1.3668328       1.8052854       1.0264153       2.5396319       2.4216002       2.5418994       2.4275748       1.6398667       2.1129715       0.5111224       2.7248567       3.1252533       2.1134954       1.3466735       2.4695779       1.7868218       1.3287283       1.4536023       1.2119530
      2.7815023       1.7620141       3.1419038       2.1892660       2.1670021       0.0000000       1.3872342       2.8455556       2.1987255       1.4209556       0.5033240       1.0306524       2.5701258       1.8420636       2.1129669       3.0356962       1.8707731       1.3339307       2.0778789       2.7281642       2.0211698       1.3127813       4.1506631       1.3581535       2.0276592       1.9438153       1.7526436       1.6112189       1.3465383       2.5097568       2.3801198       1.2166335       0.8274963       2.7799158       1.7011874       1.5653590       0.9911277       1.7436250       2.0266308       1.8962909       2.4797070       4.0885973       2.7934456       1.9822744       1.8250330       0.8821496       2.0353134       2.1752915       1.9142379       2.3561193
      2.0634529       1.6630387       2.5924246       1.3337386       2.4617646       1.3872342       0.0000000       1.9715778       1.8158611       2.0833208       1.2919229       1.8825058       3.0142668       1.0654629       1.7833092       3.2955284       1.4033778       1.9227047       1.9557934       2.1958395       1.9201827       1.0841692       3.5866242       2.5561156       1.4511080       2.9616952       0.9158633       1.5805628       0.6514156       2.3018112       1.4220431       1.3699110       0.8190229       2.6262324       0.3614832       0.2502783       0.6871000       0.4494229       2.1941170       2.3060053       2.7360966       3.8888610       1.6072557       1.2264821       2.2813986       0.6700754       1.3038835       1.8785303       1.3506525       1.9064075
      1.8927570       3.5752021       1.7772612       2.9706525       2.0503400       2.8455556       1.9715778       0.0000000       1.7215726       2.3868198       2.5442707       2.5882472       2.6270291       1.8138839       2.0996914       2.4964821       1.0823790       2.6730016       1.4299339       0.7559848       1.9313642       1.6082627       1.7930803       3.6019575       1.0025819       3.4050138       1.1753281       1.5264776       1.6983667       1.2608294       1.1343331       1.8947403       2.0523186       1.5937002       1.7877368       1.7600359       2.5027578       1.5957197       2.4134712       2.7708162       2.1848800       2.9715009       1.8565654       1.5732635       2.4180795       2.4462141       1.1504039       1.2713060       1.0688393       0.8701423
      0.8323881       3.3229976       0.9558064       3.1113616       1.7791557       2.1987255       1.8158611       1.7215726       0.0000000       1.9931998       1.7137323       1.7495818       2.8449912       0.9230409       2.8969579       2.8411906       1.5750839       1.3535300       1.9417874       1.3987902       2.6257450       1.6774618       3.1996686       2.4498192       1.7816832       3.0969229       1.5968625       1.5016604       1.1991770       1.5783488       0.9526300       1.9069241       1.5249335       1.3829671       1.6803895       1.8038529       1.8542592       1.7961672       0.8396499       3.1424147       1.6779394       2.0887271       1.6525046       0.6968592       2.6273003       2.1948726       0.7397203       2.0441323       0.9235593       1.2521950
      2.7915790       3.0533273       2.7337764       3.1897806       0.8682189       1.4209556       2.0833208       2.3868198       1.9931998       0.0000000       1.2484271       0.6824737       1.2493663       2.1980724       2.0269395       1.6626339       1.3969096       1.3708909       1.1635241       1.9792466       1.5316327       1.1601420       3.1952746       1.6329824       1.5986755       1.1271110       1.7281390       0.8724901       1.6965393       1.4952165       2.3626942       0.8783307       1.3306791       1.7841754       2.2753546       2.1073072       2.0400512       2.1766189       1.7519098       1.5515559       1.2806910       3.3842614       3.1511641       2.1286051       0.9084641       1.8771731       1.9058393       1.4269813       1.5862544       1.6397950
      2.3313927       2.0843762       2.6611439       2.3528765       1.8580453       0.5033240       1.2919229       2.5442707       1.7137323       1.2484271       0.0000000       0.7442334       2.4673555       1.4620820       2.2164128       2.8492275       1.6315654       0.8862809       1.8786287       2.3603218       2.0409394       1.1457126       3.9051646       1.2755934       1.8306676       2.0184669       1.5519179       1.3360924       1.0287433       2.1708068       2.0025436       1.1225364       0.5651462       2.3639597       1.5317857       1.4511742       0.9142637       1.6087960       1.5313107       2.0881098       2.1055596       3.5921345       2.4862275       1.5721192       1.8378171       1.0271996       1.6363814       2.0041188       1.5368820       1.9970740
      2.5234835       2.7662475       2.6127209       3.0163517       1.2923227       1.0306524       1.8825058       2.5882472       1.7495818       0.6824737       0.7442334       0.0000000       1.9213041       1.8747691       2.3665847       2.2915287       1.6400902       0.7605622       1.6469462       2.2083602       1.9966751       1.2838781       3.6797952       1.0691653       1.8742430       1.4917267       1.8040111       1.1531849       1.4650485       1.8516544       2.2457426       1.1176715       1.0635843       1.9905794       2.0809338       1.9768976       1.6375218       2.0895281       1.3569924       1.9962800       1.5293927       3.2980278       2.9226098       1.8732724       1.5131593       1.6583947       1.8050839       1.8727053       1.5975931       1.8553049
      3.6083117       4.0115257       3.3137068       4.0122965       1.1362529       2.5701258       3.0142668       2.6270291       2.8449912       1.2493663       2.4673555       1.9213041       0.0000000       3.1824982       2.2026695       0.6531411       1.8778858       2.5530233       1.2739754       2.1905962       1.5761558       1.9357706       2.6431843       2.7530823       1.9622052       1.3427711       2.3740834       1.5505594       2.6786589       1.5901458       3.0836536       1.6640240       2.4149842       1.9873228       3.1670627       2.9567133       3.1565300       2.9619529       2.7261282       1.6124490       1.5369635       3.7511591       3.9648236       3.0364357       0.9296913       2.8616302       2.6697556       1.5036340       2.2855826       1.9918947
      1.0411525       2.5320299       1.6690639       2.2568154       2.2926137       1.8420636       1.0654629       1.8138839       0.9230409       2.1980724       1.4620820       1.8747691       3.1824982       0.0000000       2.5785532       3.3129595       1.5659348       1.5462952       2.1193094       1.8456407       2.5076030       1.4846559       3.5392253       2.5076623       1.7109091       3.2553692       1.2706459       1.6480398       0.6628399       2.0736371       0.7831685       1.7934142       1.1429030       2.1279645       0.8800337       1.0962033       1.1413459       1.1227008       1.4592334       2.9941479       2.3663523       2.9643391       1.0780334       0.3087451       2.6952124       1.5614822       0.7428984       2.1260972       1.0420548       1.6312005
      3.3568788       2.5146954       3.5074660       2.1810447       2.3801471       2.1129669       1.7833092       2.0996914       2.8969579       2.0269395       2.2164128       2.3665847       2.2026695       2.5785532       0.0000000       2.5430277       1.4037759       2.8901806       1.4607574       2.3434901       0.6378444       1.2911602       2.8490138       3.2508507       1.2487831       2.4948665       1.3767177       1.6417441       1.9723443       2.2125621       2.4981424       1.2738605       1.8252043       2.8361881       1.9606625       1.6598777       2.2391817       1.6350601       3.2002212       1.0994562       2.8472439       4.6236215       3.0061475       2.5557630       1.4448978       1.6783813       2.2726095       1.2586770       2.0119035       2.0964920
      3.5590130       4.4744610       3.1228631       4.3675024       1.1677519       3.0356962       3.2955284       2.4964821       2.8411906       1.6626339       2.8492275       2.2915287       0.6531411       3.3129595       2.5430277       0.0000000       1.9988270       2.8035077       1.3894826       1.9860502       1.9134075       2.2220812       2.2138864       3.1677648       2.0711597       1.9454100       2.5440891       1.7455973       2.8949736       1.4058811       3.0820302       2.0362420       2.7399685       1.7193989       3.3843527       3.2060874       3.4966915       3.1774503       2.7946297       2.1643749       1.4111745       3.4243185       4.0046365       3.1147795       1.4800244       3.2613286       2.7056816       1.6025648       2.3353163       1.8940912
      2.1116507       2.8729860       2.1306964       2.5340648       1.3759643       1.8707731       1.4033778       1.0823790       1.5750839       1.3969096       1.6315654       1.6400902       1.8778858       1.5659348       1.4037759       1.9988270       0.0000000       1.9343362       0.6320844       1.0534651       1.1019013       0.5767811       2.3221835       2.6826685       0.2624742       2.3918539       0.5532268       0.5481915       1.0939925       0.9997107       1.3441075       0.8143031       1.1794265       1.5235284       1.4237590       1.2608851       1.8140901       1.1980480       1.9725178       1.8109423       1.7051418       3.2270455       2.1444801       1.4165830       1.4388263       1.6275826       1.0135378       0.5615188       0.6685005       0.7365056
      2.0544139       2.8917591       2.2337860       3.1179306       1.6660669       1.3339307       1.9227047       2.6730016       1.3535300       1.3708909       0.8862809       0.7605622       2.5530233       1.5462952       2.8901806       2.8035077       1.9343362       0.0000000       2.1029978       2.2826362       2.5774237       1.6547396       3.9643077       1.0979407       2.1862596       2.2077670       1.9956177       1.5382074       1.4134359       2.0780064       2.0419388       1.6481883       1.2166327       2.0158532       2.0349571       2.0453163       1.5609141       2.1588319       0.7869205       2.7012641       1.6960965       2.8991571       2.6142586       1.5707170       2.2229464       1.8631961       1.6650499       2.3060701       1.6120956       1.9742311
      2.5818587       3.2691321       2.4298056       3.0287015       1.0207846       2.0778789       1.9557934       1.4299339       1.9417874       1.1635241       1.8786287       1.6469462       1.2739754       2.1193094       1.4607574       1.3894826       0.6320844       2.1029978       0.0000000       1.1799766       0.9207430       0.9241169       2.1168760       2.7090861       0.7027380       2.0212233       1.1618324       0.5865988       1.6320234       0.8027231       1.9019880       0.8896464       1.5626025       1.4282111       2.0285502       1.8386149       2.2811404       1.7963552       2.1654422       1.5653378       1.4413338       3.2967870       2.7548456       1.9546848       1.0228442       2.0272797       1.5378706       0.3146397       1.1515528       0.9133790
      1.8119783       3.8088607       1.4416564       3.3841397       1.4427566       2.7281642       2.1958395       0.7559848       1.3987902       1.9792466       2.3603218       2.2083602       2.1905962       1.8456407       2.3434901       1.9860502       1.0534651       2.2826362       1.1799766       0.0000000       1.9786571       1.5732356       1.8040684       3.2156785       1.1259064       3.0125546       1.3945893       1.2315127       1.7277940       0.6268392       1.2924727       1.7708571       1.9873409       0.8404546       2.0721586       2.0417034       2.5685216       1.9332502       1.9348670       2.7224965       1.4797326       2.4065330       2.1983380       1.5618980       2.1792975       2.5672753       1.1056212       1.1938025       0.9137549       0.3763727
      3.1967385       2.8588190       3.2156090       2.6304992       1.8032095       2.0211698       1.9201827       1.9313642       2.6257450       1.5316327       2.0409394       1.9966751       1.5761558       2.5076030       0.6378444       1.9134075       1.1019013       2.5774237       0.9207430       1.9786571       0.0000000       1.0671360       2.5349761       2.9531502       1.0084736       2.0340316       1.3231669       1.2058653       1.8958271       1.7148596       2.3967429       0.9439165       1.7071659       2.3464622       2.0881872       1.8074397       2.2988066       1.7868887       2.8469623       0.8775347       2.2856818       4.1960715       3.0729041       2.4331456       0.8932257       1.8165697       2.0895941       0.7935959       1.7553409       1.7188525
      2.2608006       2.3869242       2.4271361       2.2110552       1.4914692       1.3127813       1.0841692       1.6082627       1.6774618       1.1601420       1.1457126       1.2838781       1.9357706       1.4846559       1.2911602       2.2220812       0.5767811       1.6547396       0.9241169       1.5732356       1.0671360       0.0000000       2.8671360       2.2639582       0.7163789       2.1025054       0.6126320       0.5800707       0.8585311       1.4293836       1.5565659       0.3790040       0.7045936       1.8862412       1.2418989       1.0262391       1.3756775       1.0576176       1.9144133       1.5399852       1.8687859       3.5153690       2.2346888       1.4409160       1.2753380       1.1176789       1.1906047       0.9303120       0.9118412       1.2166436
      3.4857994       5.0420925       3.0104849       4.4650415       2.6163472       4.1506631       3.5866242       1.7930803       3.1996686       3.1952746       3.9051646       3.6797952       2.6431843       3.5392253       2.8490138       2.2138864       2.3221835       3.9643077       2.1168760       1.8040684       2.5349761       2.8671360       0.0000000       4.7341975       2.2033955       3.8889689       2.6804913       2.5894615       3.3153373       1.9074422       2.8885726       2.9632335       3.4967891       2.2317105       3.4856418       3.3746437       4.1024436       3.2238203       3.6848696       3.2959842       2.7267648       3.6067880       3.6193737       3.2780743       2.9080706       3.8945365       2.8118115       2.0011547       2.5914230       2.0444325
      3.1335069       2.9441519       3.3184844       3.4902933       2.2273722       1.3581535       2.5561156       3.6019575       2.4498192       1.6329824       1.2755934       1.0691653       2.7530823       2.5076623       3.2508507       3.1677648       2.6826685       1.0979407       2.7090861       3.2156785       2.9531502       2.2639582       4.7341975       0.0000000       2.9118849       1.8605760       2.7554288       2.2192868       2.2392739       2.8756276       3.0671459       2.0977768       1.8261128       2.8931606       2.7822245       2.7251738       2.0525131       2.8811774       1.8128646       2.7320820       2.3434212       3.8098387       3.5782939       2.5908364       2.3852153       2.2061106       2.6750632       2.9327573       2.5593994       2.8774560
      2.2516950       2.8930981       2.2787106       2.4809774       1.5780586       2.0276592       1.4511080       1.0025819       1.7816832       1.5986755       1.8306676       1.8742430       1.9622052       1.7109091       1.2487831       2.0711597       0.2624742       2.1862596       0.7027380       1.1259064       1.0084736       0.7163789       2.2033955       2.9118849       0.0000000       2.5342971       0.5543865       0.7839937       1.2440008       1.1307999       1.4262335       0.9485400       1.3499987       1.6931050       1.4590304       1.2765934       1.9352421       1.1857247       2.2251219       1.7950890       1.9180682       3.4041794       2.1767945       1.5676934       1.5053550       1.6946845       1.1629215       0.5075570       0.8592830       0.8712192
      3.9025373       3.4738408       3.8283717       3.8224425       1.7288253       1.9438153       2.9616952       3.4050138       3.0969229       1.1271110       2.0184669       1.4917267       1.3427711       3.2553692       2.4948665       1.9454100       2.3918539       2.2077670       2.0212233       3.0125546       2.0340316       2.1025054       3.8889689       1.8605760       2.5342971       0.0000000       2.7050059       1.9326491       2.7124422       2.4562137       3.4734532       1.7349073       2.2440687       2.7525928       3.2235209       3.0121609       2.8360323       3.1046455       2.7190517       1.5423720       2.0997583       4.2999036       4.2244699       3.2237244       1.1673617       2.5553621       3.0214360       2.2527764       2.6964392       2.6988914
      1.9810887       2.4559685       2.2153193       2.0242473       1.8594989       1.7526436       0.9158633       1.1753281       1.5968625       1.7281390       1.5519179       1.8040111       2.3740834       1.2706459       1.3767177       2.5440891       0.5532268       1.9956177       1.1618324       1.3945893       1.3231669       0.6126320       2.6804913       2.7554288       0.5543865       2.7050059       0.0000000       0.9574345       0.7845168       1.5029924       1.1378820       0.9794140       1.0018381       1.9427605       0.9054493       0.7342016       1.4500559       0.6483251       2.0858877       1.9836451       2.1601032       3.4653653       1.7570856       1.1982232       1.7908843       1.2794826       0.9165453       1.0333262       0.7546359       1.1180163
      2.2019485       2.9281915       2.1660540       2.7805094       0.9296078       1.6112189       1.5805628       1.5264776       1.5016604       0.8724901       1.3360924       1.1531849       1.5505594       1.6480398       1.6417441       1.7455973       0.5481915       1.5382074       0.5865988       1.2315127       1.2058653       0.5800707       2.5894615       2.2192868       0.7839937       1.9326491       0.9574345       0.0000000       1.1540161       0.9253271       1.6049450       0.5988773       1.0497254       1.3684755       1.6720334       1.5178059       1.7909987       1.5208694       1.6588689       1.6959431       1.3045773       3.0922864       2.4404766       1.5150903       1.1569092       1.6451263       1.1750747       0.7689053       0.8037354       0.8644961
      1.6087036       2.1984068       2.0361699       1.9836770       1.9442717       1.3465383       0.6514156       1.6983667       1.1991770       1.6965393       1.0287433       1.4650485       2.6786589       0.6628399       1.9723443       2.8949736       1.0939925       1.4134359       1.6320234       1.7277940       1.8958271       0.8585311       3.3153373       2.2392739       1.2440008       2.7124422       0.7845168       1.1540161       0.0000000       1.8090522       1.0453994       1.1631159       0.5497125       2.0400767       0.6688109       0.6835705       0.8465720       0.7603104       1.5719917       2.3369076       2.1517422       3.2669770       1.5396203       0.7325964       2.0900156       1.0300649       0.7770969       1.6345626       0.8186864       1.4214549
      2.2000961       3.7985367       1.8182207       3.5161229       0.8636561       2.5097568       2.3018112       1.2608294       1.5783488       1.4952165       2.1708068       1.8516544       1.5901458       2.0736371       2.2125621       1.4058811       0.9997107       2.0780064       0.8027231       0.6268392       1.7148596       1.4293836       1.9074422       2.8756276       1.1307999       2.4562137       1.5029924       0.9253271       1.8090522       0.0000000       1.7155067       1.4936088       1.8940061       0.6598737       2.2740193       2.1830782       2.5856191       2.1177068       1.8498728       2.3434638       0.9935502       2.5411871       2.6518939       1.8254664       1.6975268       2.5162427       1.3848063       0.9651629       1.0626951       0.5196054
      0.9162058       3.0552682       1.2944843       2.5625930       2.2171393       2.3801198       1.4220431       1.1343331       0.9526300       2.3626942       2.0025436       2.2457426       3.0836536       0.7831685       2.4981424       3.0820302       1.3441075       2.0419388       1.9019880       1.2924727       2.3967429       1.5565659       2.8885726       3.0671459       1.4262335       3.4734532       1.1378820       1.6049450       1.0453994       1.7155067       0.0000000       1.9075182       1.5684607       1.7916494       1.1477693       1.3049816       1.7792029       1.2051702       1.7536685       3.0682264       2.2668445       2.7131694       0.9413420       0.5467133       2.7199019       2.0063084       0.4609496       1.8510552       0.8097678       1.2075937
      2.5612303       2.4582340       2.6726782       2.4081411       1.3668328       1.2166335       1.3699110       1.8947403       1.9069241       0.8783307       1.1225364       1.1176715       1.6640240       1.7934142       1.2738605       2.0362420       0.8143031       1.6481883       0.8896464       1.7708571       0.9439165       0.3790040       2.9632335       2.0977768       0.9485400       1.7349073       0.9794140       0.5988773       1.1631159       1.4936088       1.9075182       0.0000000       0.8470884       1.9649203       1.5777611       1.3478203       1.5477011       1.4022310       2.0012637       1.2456486       1.8014778       3.6521730       2.6025985       1.7566060       0.9368571       1.2256270       1.5122917       0.9694079       1.2026468       1.4082219
      2.0764701       2.0086192       2.4273501       2.0236362       1.8052854       0.8274963       0.8190229       2.0523186       1.5249335       1.3306791       0.5651462       1.0635843       2.4149842       1.1429030       1.8252043       2.7399685       1.1794265       1.2166327       1.5626025       1.9873409       1.7071659       0.7045936       3.4967891       1.8261128       1.3499987       2.2440687       1.0018381       1.0497254       0.5497125       1.8940061       1.5684607       0.8470884       0.0000000       2.1745227       1.0423748       0.9276419       0.7571871       1.0657271       1.6304963       1.9591102       2.0877242       3.5216281       2.0758276       1.2280049       1.7430929       0.7620116       1.2249627       1.6179459       1.1218276       1.6304045
      1.9892320       4.1583888       1.4192485       3.9155677       1.0264153       2.7799158       2.6262324       1.5937002       1.3829671       1.7841754       2.3639597       1.9905794       1.9873228       2.1279645       2.8361881       1.7193989       1.5235284       2.0158532       1.4282111       0.8404546       2.3464622       1.8862412       2.2317105       2.8931606       1.6931050       2.7525928       1.9427605       1.3684755       2.0400767       0.6598737       1.7916494       1.9649203       2.1745227       0.0000000       2.5592054       2.5366627       2.8120434       2.4824067       1.5700070       2.9119140       0.7951432       1.8976778       2.7120702       1.8550864       2.2134215       2.8800047       1.4985512       1.6113058       1.2982029       0.8728967
      1.8067956       1.9260774       2.3735713       1.4533544       2.5396319       1.7011874       0.3614832       1.7877368       1.6803895       2.2753546       1.5317857       2.0809338       3.1670627       0.8800337       1.9606625       3.3843527       1.4237590       2.0349571       2.0285502       2.0721586       2.0881872       1.2418989       3.4856418       2.7822245       1.4590304       3.2235209       0.9054493       1.6720334       0.6688109       2.2740193       1.1477693       1.5777611       1.0423748       2.5592054       0.0000000       0.3104034       0.9168373       0.3563868       2.1796114       2.5724488       2.7689914       3.7267868       1.2548985       1.0258588       2.4967618       1.0307995       1.1326980       1.9329454       1.2645142       1.8264540
      2.0314384       1.8373055       2.5213364       1.3857129       2.4216002       1.5653590       0.2502783       1.7600359       1.8038529       2.1073072       1.4511742       1.9768976       2.9567133       1.0962033       1.6598777       3.2060874       1.2608851       2.0453163       1.8386149       2.0417034       1.8074397       1.0262391       3.3746437       2.7251738       1.2765934       3.0121609       0.7342016       1.5178059       0.6835705       2.1830782       1.3049816       1.3478203       0.9276419       2.5366627       0.3104034       0.0000000       0.9310426       0.2031598       2.2548184       2.2778312       2.7012219       3.8444380       1.5326096       1.2054252       2.2460698       0.8446576       1.2124932       1.7303114       1.2478506       1.7711710
      2.1687274       1.4853809       2.7455033       1.5861073       2.5418994       0.9911277       0.6871000       2.5027578       1.8542592       2.0400512       0.9142637       1.6375218       3.1565300       1.1413459       2.2391817       3.4966915       1.8140901       1.5609141       2.2811404       2.5685216       2.2988066       1.3756775       4.1024436       2.0525131       1.9352421       2.8360323       1.4500559       1.7909987       0.8465720       2.5856191       1.7792029       1.5477011       0.7571871       2.8120434       0.9168373       0.9310426       0.0000000       1.1241192       1.9924434       2.4864383       2.7779150       3.9205131       1.9261962       1.3831757       2.4266146       0.6466198       1.5965224       2.2881820       1.6581249       2.2468291
      1.9872793       2.0016742       2.4528613       1.4627319       2.4275748       1.7436250       0.4494229       1.5957197       1.7961672       2.1766189       1.6087960       2.0895281       2.9619529       1.1227008       1.6350601       3.1774503       1.1980480       2.1588319       1.7963552       1.9332502       1.7868887       1.0576176       3.2238203       2.8811774       1.1857247       3.1046455       0.6483251       1.5208694       0.7603104       2.1177068       1.2051702       1.4022310       1.0657271       2.4824067       0.3563868       0.2031598       1.1241192       0.0000000       2.3095192       2.3266165       2.7009226       3.7991018       1.4478537       1.1919447       2.2815041       1.0335714       1.1528593       1.6631877       1.1943377       1.6871576
      1.5339133       3.4480707       1.5413100       3.4847364       1.6398667       2.0266308       2.1941170       2.4134712       0.8396499       1.7519098       1.5313107       1.3569924       2.7261282       1.4592334       3.2002212       2.7946297       1.9725178       0.7869205       2.1654422       1.9348670       2.8469623       1.9144133       3.6848696       1.8128646       2.2251219       2.7190517       2.0858877       1.6588689       1.5719917       1.8498728       1.7536685       2.0012637       1.6304963       1.5700070       2.1796114       2.2548184       1.9924434       2.3095192       0.0000000       3.1606409       1.4668933       2.1298606       2.3877603       1.3647070       2.5806602       2.3517341       1.4394538       2.3632094       1.4656206       1.7257669
      3.7921445       2.7760868       3.8530347       2.8424090       2.1129715       1.8962909       2.3060053       2.7708162       3.1424147       1.5515559       2.0881098       1.9962800       1.6124490       2.9941479       1.0994562       2.1643749       1.8109423       2.7012641       1.5653378       2.7224965       0.8775347       1.5399852       3.2959842       2.7320820       1.7950890       1.5423720       1.9836451       1.6959431       2.3369076       2.3434638       3.0682264       1.2456486       1.9591102       2.9119140       2.5724488       2.2778312       2.4864383       2.3266165       3.1606409       0.0000000       2.6223584       4.7326709       3.7040147       2.9779045       0.7887102       1.9385856       2.7119807       1.5724752       2.3831400       2.4200221
      2.4480035       4.0710245       2.0106111       4.0212878       0.5111224       2.4797070       2.7360966       2.1848800       1.6779394       1.2806910       2.1055596       1.5293927       1.5369635       2.3663523       2.8472439       1.4111745       1.7051418       1.6960965       1.4413338       1.4797326       2.2856818       1.8687859       2.7267648       2.3434212       1.9180682       2.0997583       2.1601032       1.3045773       2.1517422       0.9935502       2.2668445       1.8014778       2.0877242       0.7951432       2.7689914       2.7012219       2.7779150       2.7009226       1.4668933       2.6223584       0.0000000       2.2673456       3.1756875       2.1603863       1.8552301       2.8079938       1.8683831       1.7270585       1.6033046       1.3335438
      2.1871078       5.4013164       1.4468747       5.1770040       2.7248567       4.0885973       3.8888610       2.9715009       2.0887271       3.3842614       3.5921345       3.2980278       3.7511591       2.9643391       4.6236215       3.4243185       3.2270455       2.8991571       3.2967870       2.4065330       4.1960715       3.5153690       3.6067880       3.8098387       3.4041794       4.2999036       3.4653653       3.0922864       3.2669770       2.5411871       2.7131694       3.6521730       3.5216281       1.8976778       3.7267868       3.8444380       3.9205131       3.7991018       2.1298606       4.7326709       2.2673456       0.0000000       3.2968082       2.7233665       4.0273270       4.2468485       2.6475016       3.4571513       2.7186960       2.5486522
      1.1629448       2.9642018       1.8781014       2.3511492       3.1252533       2.7934456       1.6072557       1.8565654       1.6525046       3.1511641       2.4862275       2.9226098       3.9648236       1.0780334       3.0061475       4.0046365       2.1444801       2.6142586       2.7548456       2.1983380       3.0729041       2.2346888       3.6193737       3.5782939       2.1767945       4.2244699       1.7570856       2.4404766       1.5396203       2.6518939       0.9413420       2.6025985       2.0758276       2.7120702       1.2548985       1.5326096       1.9261962       1.4478537       2.3877603       3.7040147       3.1756875       3.2968082       0.0000000       1.0990413       3.4899899       2.2592399       1.3388152       2.6596788       1.6961994       2.1379909
      0.8777692       2.7795721       1.4019880       2.4613523       2.1134954       1.9822744       1.2264821       1.5732635       0.6968592       2.1286051       1.5721192       1.8732724       3.0364357       0.3087451       2.5557630       3.1147795       1.4165830       1.5707170       1.9546848       1.5618980       2.4331456       1.4409160       3.2780743       2.5908364       1.5676934       3.2237244       1.1982232       1.5150903       0.7325964       1.8254664       0.5467133       1.7566060       1.2280049       1.8550864       1.0258588       1.2054252       1.3831757       1.1919447       1.3647070       2.9779045       2.1603863       2.7233665       1.0990413       0.0000000       2.6207282       1.7305931       0.4792835       1.9666496       0.8232663       1.3732917
      3.3531375       3.1142888       3.2855715       3.1515106       1.3466735       1.8250330       2.2813986       2.4180795       2.6273003       0.9084641       1.8378171       1.5131593       0.9296913       2.6952124       1.4448978       1.4800244       1.4388263       2.2229464       1.0228442       2.1792975       0.8932257       1.2753380       2.9080706       2.3852153       1.5053550       1.1673617       1.7908843       1.1569092       2.0900156       1.6975268       2.7199019       0.9368571       1.7430929       2.2134215       2.4967618       2.2460698       2.4266146       2.2815041       2.5806602       0.7887102       1.8552301       4.0273270       3.4899899       2.6207282       0.0000000       2.0301026       2.3112464       1.1731291       1.9435949       1.8788380
      2.5912911       1.2884132       3.0648812       1.3657108       2.4695779       0.8821496       0.6700754       2.4462141       2.1948726       1.8771731       1.0271996       1.6583947       2.8616302       1.5614822       1.6783813       3.2613286       1.6275826       1.8631961       2.0272797       2.5672753       1.8165697       1.1176789       3.8945365       2.2061106       1.6946845       2.5553621       1.2794826       1.6451263       1.0300649       2.5162427       2.0063084       1.2256270       0.7620116       2.8800047       1.0307995       0.8446576       0.6466198       1.0335714       2.3517341       1.9385856       2.8079938       4.2468485       2.2592399       1.7305931       2.0301026       0.0000000       1.7815029       1.9959129       1.7232743       2.2277503
      1.1075028       2.9425464       1.3406325       2.5727633       1.7868218       2.0353134       1.3038835       1.1504039       0.7397203       1.9058393       1.6363814       1.8050839       2.6697556       0.7428984       2.2726095       2.7056816       1.0135378       1.6650499       1.5378706       1.1056212       2.0895941       1.1906047       2.8118115       2.6750632       1.1629215       3.0214360       0.9165453       1.1750747       0.7770969       1.3848063       0.4609496       1.5122917       1.2249627       1.4985512       1.1326980       1.2124932       1.5965224       1.1528593       1.4394538       2.7119807       1.8683831       2.6475016       1.3388152       0.4792835       2.3112464       1.7815029       0.0000000       1.5396908       0.3903939       0.9075273
      2.6089210       3.2027623       2.5006121       2.8762666       1.3287283       2.1752915       1.8785303       1.2713060       2.0441323       1.4269813       2.0041188       1.8727053       1.5036340       2.1260972       1.2586770       1.6025648       0.5615188       2.3060701       0.3146397       1.1938025       0.7935959       0.9303120       2.0011547       2.9327573       0.5075570       2.2527764       1.0333262       0.7689053       1.6345626       0.9651629       1.8510552       0.9694079       1.6179459       1.6113058       1.9329454       1.7303114       2.2881820       1.6631877       2.3632094       1.5724752       1.7270585       3.4571513       2.6596788       1.9666496       1.1731291       1.9959129       1.5396908       0.0000000       1.1770459       0.9634215
      1.4586557       2.9595108       1.5307805       2.6327778       1.4536023       1.9142379       1.3506525       1.0688393       0.9235593       1.5862544       1.5368820       1.5975931       2.2855826       1.0420548       2.0119035       2.3353163       0.6685005       1.6120956       1.1515528       0.9137549       1.7553409       0.9118412       2.5914230       2.5593994       0.8592830       2.6964392       0.7546359       0.8037354       0.8186864       1.0626951       0.8097678       1.2026468       1.1218276       1.2982029       1.2645142       1.2478506       1.6581249       1.1943377       1.4656206       2.3831400       1.6033046       2.7186960       1.6961994       0.8232663       1.9435949       1.7232743       0.3903939       1.1770459       0.0000000       0.6185389
      1.7862184       3.4879842       1.5454552       3.1284661       1.2119530       2.3561193       1.9064075       0.8701423       1.2521950       1.6397950       1.9970740       1.8553049       1.9918947       1.6312005       2.0964920       1.8940912       0.7365056       1.9742311       0.9133790       0.3763727       1.7188525       1.2166436       2.0444325       2.8774560       0.8712192       2.6988914       1.1180163       0.8644961       1.4214549       0.5196054       1.2075937       1.4082219       1.6304045       0.8728967       1.8264540       1.7711710       2.2468291       1.6871576       1.7257669       2.4200221       1.3335438       2.5486522       2.1379909       1.3732917       1.8788380       2.2277503       0.9075273       0.9634215       0.6185389       0.0000000
