      0.0000000      59.2148558      59.2480014      75.8209901      26.6135946      68.4150638      99.5114332      97.3953377      49.8603578     110.3103051     105.2814251      33.7307675      29.3281333      86.1779028      18.4500221      35.0058768      60.4586336      63.0692180      88.3105783      76.1397538      82.1499493      85.8177015      99.7568856      28.4827409      49.2726281      47.6574744      94.4179870      40.6561213      48.5409880      83.0483986      58.8392142      42.3825722      50.7992113      68.7533629     108.4860867     118.4289332      42.5907735      78.0250887      83.2230687      52.1086226      80.0193740      58.2159002      22.0555438      98.8433780     107.4206130      43.7894538      71.3704445      72.7702793      75.1789956      33.6965899
     59.2148558       0.0000000      38.1671454      69.4013927      74.0735378      65.2842645      72.8492816      91.1712992      94.2801646      82.9056941      93.0622092      63.2652257      79.1349234     115.7491103      64.2988346      80.1311072       7.6266480      41.9480534      52.5970847      76.7477403      68.8423362      46.7572375      99.6251707      80.9526334      74.5826993      83.2815061     107.8093166      73.0837495      82.1569301      99.3025245      89.8570213      40.6770452      74.2647804      56.6081192     102.5228261      90.6055571      93.8534341     100.5101672      92.9521059      83.9786915      31.3704582      84.3363609      73.9706509      98.1244084      76.4863901      72.6777173      94.3715860      18.9466222      29.2882447      58.7827197
     59.2480014      38.1671454       0.0000000      46.1435378      64.8374194      51.5580032      43.2488239      83.6607275      93.5361314      53.3172109      57.2969508      49.6870237      79.5406687      92.4814208      54.0299338      62.9365362      44.6307720      52.7055304      45.8310858      39.0867957      31.6733882      39.8356139      74.6207725      73.3931524      46.4215228      58.4381317      83.6762315      59.8293436      55.7529911      87.0532860      61.0465652      42.8016658      84.9384033      45.0549756      86.6947519      76.3885807      85.4294758      66.1100150      55.6784543      86.6605845      51.5199073      53.7077919      67.4653785      62.8062372      64.0649712      46.3987965      80.3363650      39.9913580      32.5603812      68.6239441
     75.8209901      69.4013927      46.1435378       0.0000000      86.8995210      18.2606834      47.0079216      44.2335495      83.6768921      59.0900791      51.8040865      45.9422126      79.9494168      61.0853150      73.6502322      63.3352279      76.8113490      48.8686369      38.5238389      42.7647358      43.6609083      41.7337802      30.3401479      73.2639144      62.6905128      71.5354748      42.2266153      47.9967765      60.4690961      49.5164339      71.8622351      45.0072018      78.8905588      19.9288139      41.7373423      47.9061458      78.7658311      65.1968309      58.4248039      74.0091798      92.4805901      54.8982483      70.2680277      41.9550941      41.7434688      57.6573149      47.9184992      78.0340191      74.3373706      70.8913780
     26.6135946      74.0735378      64.8374194      86.8995210       0.0000000      84.3682744     103.1797976     115.9492021      67.4607576     111.9290283     104.2089335      47.5137331      48.4092201      91.0804589      13.9349988      36.2034731      75.2757608      85.2037120     103.0326528      73.4048216      81.8954723      99.4194251     108.8209185      39.8448265      38.2575758      32.6512445     102.6764770      54.3404100      40.6406400      98.8674623      43.7799201      63.6128620      76.2746938      85.0945244     122.9687658     131.6332815      52.1392072      67.5008631      74.9665762      74.3966153      87.1672134      51.3464169      36.3360954      98.9350439     120.9853187      36.8506533      85.5128131      82.6378923      81.1640268      60.0173669
     68.4150638      65.2842645      51.5580032      18.2606834      84.3682744       0.0000000      62.2596179      34.2534978      70.3250283      74.9650327      69.7636676      39.1631901      68.2969703      60.7392847      70.5642038      60.0974914      72.1006303      35.8198047      40.5826529      56.9022895      58.4125882      44.8497728      39.8107822      64.8655445      67.8422215      74.8288898      45.5107078      39.6883279      63.7595610      38.8854993      77.7096718      33.4707901      62.2604501      10.9832067      41.5241200      54.8508700      69.7211656      75.4351820      71.9603696      58.2297334      92.6026347      61.3507689      61.8900091      59.1881424      47.8999659      61.0350136      38.2181699      77.7281492      77.3711211      56.5996011
     99.5114332      72.8492816      43.2488239      47.0079216     103.1797976      62.2596179       0.0000000      84.2870724     124.0582814      13.0605893      27.6031966      79.5949948     114.7014112      99.9934670      92.5007762      92.5496250      79.8065306      75.9306697      44.2313129      40.4078009      24.3707761      40.8723169      62.8492563     106.6040140      73.0546980      85.8980663      81.1239790      86.2184884      80.1595239      96.3495066      82.9653203      74.4136208     116.6113124      56.4558108      76.9938858      53.2025357     115.6160752      74.1817138      56.4253443     115.4877311      80.0455385      71.9683311     102.1027130      44.5032372      45.7323290      74.1573371      94.0297044      69.3322503      58.9965735     103.9172803
     97.3953377      91.1712992      83.6607275      44.2335495     115.9492021      34.2534978      84.2870724       0.0000000      84.5577131      95.8422382      91.5900196      68.8853330      89.7419829      71.1975143     102.3018068      88.5426595      97.4456148      52.5611634      55.5730442      86.6650037      87.1757364      63.3161260      44.3767354      89.5337821     100.8977775     106.7932240      50.3960422      65.4296790      94.6968959      35.7088209     109.1709903      60.6848204      73.9788460      38.8291202      23.5471424      51.3563887      90.2790086     103.6418559     100.6609581      69.5135342     119.2826976      91.8527231      88.0232211      79.1122709      51.4258554      93.6517728      46.6452704     104.0280993     105.5165741      76.6750886
     49.8603578      94.2801646      93.5361314      83.6768921      67.4607576      70.3250283     124.0582814      84.5577131       0.0000000     136.2143293     126.1511054      46.0455175      21.0027646      68.1580299      60.5454424      47.6765779      96.7139794      73.3531364     104.6407091     100.1741893     109.6085916     106.3176708      96.3436029      29.4669519      80.5407330      75.8733094      82.5481987      39.2586637      69.6762605      59.0978626      84.6310246      59.0385816      33.2378218      76.4960403      98.3341006     124.4703613      22.9300300      96.0315630     105.9918608      19.2957459     122.1039688      77.7330441      33.0137872     111.1068184     117.4232910      71.6475404      49.3905432     111.6031153     115.3813707      37.9611984
    110.3103051      82.9056941      53.3172109      59.0900791     111.9290283      74.9650327      13.0605893      95.8422382     136.2143293       0.0000000      27.0213563      91.2812651     126.5104157     109.2407223     102.1019725     102.6935424      89.4953373      88.6758210      55.7466398      46.8373699      31.2108461      52.1748270      71.6785392     117.7485652      80.4596471      93.3449046      90.3298127      97.9575463      88.4876036     108.0044075      89.2736418      87.1034504     129.4701782      69.4290456      86.7914365      60.6434413     126.7989885      79.0132207      59.9277692     128.1857083      86.2099450      79.6503991     113.3260669      48.8899164      54.8928473      82.7103507     105.6723785      77.0916632      65.5427392     116.4233165
    105.2814251      93.0622092      57.2969508      51.8040865     104.2089335      69.7636676      27.6031966      91.5900196     126.1511054      27.0213563       0.0000000      82.1600528     118.3119997      88.9476282      94.8240221      89.5035812     100.0717139      92.7462908      66.1168872      31.1870216      26.3613876      64.4657847      57.3326212     106.9595962      68.1710023      79.5727848      72.4038500      86.9268667      73.1806705      96.0501157      73.3141950      86.6170958     125.8339174      68.0948143      79.1718024      66.3856559     114.0274903      57.5571584      39.3015651     120.8037806     101.3027645      62.4599776     103.8656238      24.4845185      63.3071841      70.1463900      92.3650755      91.1986707      79.8332734     113.6069119
     33.7307675      63.2652257      49.6870237      45.9422126      47.5137331      39.1631901      79.5949948      68.8853330      46.0455175      91.2812651      82.1600528       0.0000000      36.3638653      56.7860391      34.4125163      23.3918379      68.0877409      50.4337010      69.0149071      55.4523881      63.7458461      68.9051041      66.6430287      28.1587960      41.8619736      43.8003723      60.9032329      11.3113308      35.1549280      52.9998049      50.9412561      29.7849412      49.8774844      43.0345633      76.6867468      91.7652648      37.2391570      60.0146929      64.3775110      43.4684700      88.8291692      40.0608548      24.4017263      70.9639664      83.0273085      32.9584519      41.2491176      77.1008702      76.7014800      37.6281028
     29.3281333      79.1349234      79.5406687      79.9494168      48.4092201      68.2969703     114.7014112      89.7419829      21.0027646     126.5104157     118.3119997      36.3638653       0.0000000      74.8705570      41.7316359      37.1765199      80.9592695      67.0314419      97.8424831      90.3292663      98.7550825      97.8666308      98.0199334      17.0072797      66.6432391      62.3519548      87.4180599      34.6775644      58.7557977      68.6204947      72.5531891      49.1352655      33.9657105      72.2289038     102.9652827     122.6629478      22.4102179      87.8523183      96.5596956      28.6931318     104.7863517      68.2250122      17.0694288     106.4343803     113.7376970      58.5685527      57.3055628      95.5689857      99.1888279      27.6241315
     86.1779028     115.7491103      92.4814208      61.0853150      91.0804589      60.7392847      99.9934670      71.1975143      68.1580299     109.2407223      88.9476282      56.7860391      74.8705570       0.0000000      82.2434448      55.1738321     121.7590203      91.7658505      98.6057448      72.5326451      86.7726502     101.9548078      52.0278860      63.7971910      72.7278058      71.1381478      29.5567919      48.1679216      58.4550941      40.9861943      70.3019457      79.2466477      86.6788276      71.0709272      66.5632797      99.7867807      57.8926985      61.7723147      72.2883435      70.4306466     140.6477235      56.0684997      67.0717266      65.8275233      98.9864509      65.5987619      32.8834805     127.7676096     124.4037381      85.2447521
     18.4500221      64.2988346      54.0299338      73.6502322      13.9349988      70.5642038      92.5007762     102.3018068      60.5454424     102.1019725      94.8240221      34.4125163      41.7316359      82.2434448       0.0000000      28.0220164      66.4603377      72.0239361      89.8825865      64.3210835      72.2497369      86.7001465      96.4442371      32.8482742      32.7043787      30.3566676      91.3113151      42.3828056      34.2071637      86.7781058      41.6310372      50.1940155      66.6785743      71.2061633     109.6258657     118.2562417      46.5328406      62.7238721      68.5912058      64.7609773      80.9802292      44.2638709      27.8228835      88.9954230     107.6558604      28.9115915      73.9596023      74.3659470      73.1763838      49.8011136
     35.0058768      80.1311072      62.9365362      63.3352279      36.2034731      60.0974914      92.5496250      88.5426595      47.6765779     102.6935424      89.5035812      23.3918379      37.1765199      55.1738321      28.0220164       0.0000000      84.0842329      73.4769034      90.1117924      59.7996263      72.4299556      89.2806532      79.0818416      20.8886369      34.1051168      28.8302939      68.7632246      24.2505622      22.3421950      65.9523851      37.0254847      52.0279009      63.5742242      64.9467947      93.4866015     111.0002432      28.5710494      50.9627187      61.7359884      54.1538059     101.5965577      32.1194579      21.0121449      76.7878485     103.0473444      25.5681383      51.7503431      92.0285302      89.9477048      52.0562692
     60.4586336       7.6266480      44.6307720      76.8113490      75.2757608      72.1006303      79.8065306      97.4456148      96.7139794      89.4953373     100.0717139      68.0877409      80.9592695     121.7590203      66.4603377      84.0842329       0.0000000      46.9245146      59.5952609      83.2923754      75.5466561      53.7766351     107.0305859      83.7451538      78.9930734      87.1095367     114.7158844      77.9071026      86.8281039     105.1544534      94.1713399      45.7358427      75.8990633      63.6311713     109.5473462      97.6672086      96.8559384     106.1011797      98.9876923      86.7573747      28.7447120      89.6922313      76.6929852     105.3897073      83.5134802      77.2802373     100.0271890      19.5480225      31.9754016      60.4553687
     63.0692180      41.9480534      52.7055304      48.8686369      85.2037120      35.8198047      75.9306697      52.5611634      73.3531364      88.6758210      92.7462908      50.4337010      67.0314419      91.7658505      72.0239361      73.4769034      46.9245146       0.0000000      39.4120814      78.3784313      74.6489042      41.1425106      74.3841231      70.9555568      81.4565072      88.4820840      80.7083456      54.8498340      81.3532626      64.2476511      94.6903757      22.2527344      50.0499803      29.2271840      69.1041836      69.4383574      79.1295823      99.9613765      95.3828782      57.4006746      72.4489219      82.5996754      65.8235139      89.1841267      58.0893048      75.3887210      63.6688697      58.1366507      64.4008271      43.1667233
     88.3105783      52.5970847      45.8310858      38.5238389     103.0326528      40.5826529      44.2313129      55.5730442     104.6407091      55.7466398      66.1168872      69.0149071      97.8424831      98.6057448      89.8825865      90.1117924      59.5952609      39.4120814       0.0000000      64.9567762      54.4127229       8.6384583      61.6376777      96.0336145      85.0766557      96.0096461      78.4372861      74.4843323      88.3343919      77.3590042      98.0035109      49.7023098      87.5578467      30.4411085      59.9767914      38.0826981     104.5091314      95.5893209      84.0458588      90.6471065      72.1901166      84.3893814      91.0054418      69.6389637      23.9454605      81.8347739      78.7389355      57.5461682      56.9338717      78.7890374
     76.1397538      76.7477403      39.0867957      42.7647358      73.4048216      56.9022895      40.4078009      86.6650037     100.1741893      46.8373699      31.1870216      55.4523881      90.3292663      72.5326451      64.3210835      59.7996263      83.2923754      78.3784313      64.9567762       0.0000000      18.0864466      62.3924096      57.6922860      77.9914588      37.2652891      48.8494557      64.5981040      61.3762549      42.7753243      82.5164406      43.9520577      65.8235287     102.8794322      56.5780452      80.2411979      78.0265497      86.0678165      34.3436516      19.2494505      97.4042454      88.5445433      33.0280162      74.8384996      30.0614615      71.2370911      39.0070759      74.7880106      78.4168882      68.3596946      89.0939639
     82.1499493      68.8423362      31.6733882      43.6609083      81.8954723      58.4125882      24.3707761      87.1757364     109.6085916      31.2108461      26.3613876      63.7458461      98.7550825      86.7726502      72.2497369      72.4299556      75.5466561      74.6489042      54.4127229      18.0864466       0.0000000      50.4917117      62.2898251      88.5491388      49.4087131      62.2704097      74.3986932      71.0392188      57.5472333      90.0774672      58.8742073      66.0192245     107.0217925      54.8337393      81.4321467      69.6635562      97.9363218      51.9711618      34.8448504     104.2625158      77.5179484      49.3754210      84.3362439      36.9445920      61.4845683      51.5287223      84.2293084      67.4516232      56.3018721      92.6837412
     85.8177015      46.7572375      39.8356139      41.7337802      99.4194251      44.8497728      40.8723169      63.3161260     106.3176708      52.1748270      64.4657847      68.9051041      97.8666308     101.9548078      86.7001465      89.2806532      53.7766351      41.1425106       8.6384583      62.3924096      50.4917117       0.0000000      66.7463361      95.7511110      81.7550201      93.1348490      83.1294987      75.5143106      86.4888812      82.8828323      95.1954962      49.4553616      89.3153200      34.3265674      67.5176355      44.6985478     105.1786248      93.8991923      81.6386952      93.0610335      64.3181963      82.7310467      90.3396018      70.2429212      30.4352704      79.2482548      82.9689147      49.9083238      48.5954065      78.9323314
     99.7568856      99.6251707      74.6207725      30.3401479     108.8209185      39.8107822      62.8492563      44.3767354      96.3436029      71.6785392      57.3326212      66.6430287      98.0199334      52.0278860      96.4442371      79.0818416     107.0305859      74.3841231      61.6376777      57.6922860      62.2898251      66.7463361       0.0000000      89.9083385      81.2278387      88.0285429      23.6421858      64.2016510      75.3037680      46.5789580      85.7346271      72.0654031      97.3499934      46.0379124      27.4761072      50.0932570      91.0962935      71.6408702      67.2017577      88.2494669     122.1890502      67.6861163      89.0184261      39.1884198      52.6822129      76.2200304      49.4621199     107.8345289     103.2583420      93.4412061
     28.4827409      80.9526334      73.3931524      73.2639144      39.8448265      64.8655445     106.6040140      89.5337821      29.4669519     117.7485652     106.9595962      28.1587960      17.0072797      63.7971910      32.8482742      20.8886369      83.7451538      70.9555568      96.0336145      77.9914588      88.5491388      95.7511110      89.9083385       0.0000000      52.6290243      47.1395430      78.4038899      26.3289825      42.9845529      65.9659413      56.7754337      50.5237431      47.6668616      69.6677556      99.1174634     119.0108698      14.4651283      71.8119117      82.0252441      38.7560193     105.0000988      52.8017281       7.1282879      94.2231094     110.5993108      44.3830526      52.5841980      95.6198567      96.6965347      38.6923199
     49.2726281      74.5826993      46.4215228      62.6905128      38.2575758      67.8422215      73.0546980     100.8977775      80.5407330      80.4596471      68.1710023      41.8619736      66.6432391      72.7278058      32.7043787      34.1051168      78.9930734      81.4565072      85.0766557      37.2652891      49.4087131      81.7550201      81.2278387      52.6290243       0.0000000      13.2662443      78.5134780      49.0107298      16.0705356      86.7445344      15.3369158      61.4843868      89.1261491      69.0083304     101.0492629     106.9434127      62.5408437      32.4293385      36.7347135      83.5585057      87.2314493      18.4743520      49.7015159      62.9115294      98.1002972       9.4211151      74.3865113      79.6922128      72.6912360      73.4034619
     47.6574744      83.2815061      58.4381317      71.5354748      32.6512445      74.8288898      85.8980663     106.7932240      75.8733094      93.3449046      79.5727848      43.8003723      62.3519548      71.1381478      30.3566676      28.8302939      87.1095367      88.4820840      96.0096461      48.8494557      62.2704097      93.1348490      88.0285429      47.1395430      13.2662443       0.0000000      81.8639615      49.1154034      13.5601586      88.5407599      11.6095667      67.2761770      88.8160647      77.2850387     107.6513555     117.4429568      55.8429259      35.0228021      45.2102295      81.8940366      96.7240583      21.8168241      45.5446312      71.8625181     108.9805813      14.3795138      75.0644401      89.7115494      83.7803494      73.9959579
     94.4179870     107.8093166      83.6762315      42.2266153     102.6764770      45.5107078      81.1239790      50.3960422      82.5481987      90.3298127      72.4038500      60.9032329      87.4180599      29.5567919      91.3113151      68.7632246     114.7158844      80.7083456      78.4372861      64.5981040      74.3986932      83.1294987      23.6421858      78.4038899      78.5134780      81.8639615       0.0000000      54.9889463      68.3617029      34.3745925      80.1472890      74.0568657      90.6446290      55.1599884      39.3518901      72.2995918      76.3334181      67.3838952      69.7558363      77.8460611     132.4759491      62.5499225      79.3061345      49.9545966      73.7019040      72.1249325      34.6592384     118.3927528     114.6204176      88.7291224
     40.6561213      73.0837495      59.8293436      47.9967765      54.3404100      39.6883279      86.2184884      65.4296790      39.2586637      97.9575463      86.9268667      11.3113308      34.6775644      48.1679216      42.3828056      24.2505622      77.9071026      54.8498340      74.4843323      61.3762549      71.0392188      75.5143106      64.2016510      26.3289825      49.0107298      49.1154034      54.9889463       0.0000000      39.0403955      44.5500077      55.5545263      36.3430070      47.8950646      46.0230270      73.2773518      93.6711625      31.0475667      62.5110989      68.9221002      37.6328353      99.6282929      43.6406921      25.2622643      72.8850529      86.2695835      39.6632313      31.7084699      87.5600828      87.4403572      39.7077881
     48.5409880      82.1569301      55.7529911      60.4690961      40.6406400      63.7595610      80.1595239      94.6968959      69.6762605      88.4876036      73.1806705      35.1549280      58.7557977      58.4550941      34.2071637      22.3421950      86.8281039      81.3532626      88.3343919      42.7753243      57.5472333      86.4888812      75.3037680      42.9845529      16.0705356      13.5601586      68.3617029      39.0403955       0.0000000      75.7902478      16.5622666      60.7909252      82.8185321      67.4084406      94.8898094     107.2742538      50.2904287      30.1985938      40.9195608      74.3526129      98.9285953      11.8792353      41.8683096      62.4092605      99.6531916      10.4240763      62.5244443      90.0417962      84.4579687      69.4249519
     83.0483986      99.3025245      87.0532860      49.5164339      98.8674623      38.8854993      96.3495066      35.7088209      59.0978626     108.0044075      96.0501157      52.9998049      68.6204947      40.9861943      86.7781058      65.9523851     105.1544534      64.2476511      77.3590042      82.5164406      90.0774672      82.8828323      46.5789580      65.9659413      86.7445344      88.5407599      34.3745925      44.5500077      75.7902478       0.0000000      91.3232094      60.2075131      62.8314795      49.3234358      42.6899143      79.4182207      62.3250914      87.3602680      91.3155388      50.1489708     128.4960211      74.9626837      67.0210119      77.2783031      78.1562781      78.1630099      14.6792749     114.0532677     114.5780522      66.7262286
     58.8392142      89.8570213      61.0465652      71.8622351      43.7799201      77.7096718      82.9653203     109.1709903      84.6310246      89.2736418      73.3141950      50.9412561      72.5531891      70.3019457      41.6310372      37.0254847      94.1713399      94.6903757      98.0035109      43.9520577      58.8742073      95.1954962      85.7346271      56.7754337      15.3369158      11.6095667      80.1472890      55.5545263      16.5622666      91.3232094       0.0000000      74.3873643      98.1336962      80.3922440     107.5082542     116.6348418      64.1314253      24.8494042      36.3890737      90.3318056     101.9408463      18.2189389      55.6384458      65.5294073     109.0248273      19.5196157      78.2913526      94.8560090      87.4156681      83.7315668
     42.3825722      40.6770452      42.8016658      45.0072018      63.6128620      33.4707901      74.4136208      60.6848204      59.0385816      87.1034504      86.6170958      29.7849412      49.1352655      79.2466477      50.1940155      52.0279009      45.7358427      22.2527344      49.7023098      65.8235287      66.0192245      49.4553616      72.0654031      50.5237431      61.4843868      67.2761770      74.0568657      36.3430070      60.7909252      60.2075131      74.3873643       0.0000000      43.3419148      30.3744885      74.0337227      79.7098365      60.3309565      82.5330110      80.6418978      47.2791075      70.8070909      63.6893947      44.9058721      81.1006124      68.5313655      54.8851829      54.6003318      57.4408594      61.2777965      30.2457881
     50.7992113      74.2647804      84.9384033      78.8905588      76.2746938      62.2604501     116.6113124      73.9788460      33.2378218     129.4701782     125.8339174      49.8774844      33.9657105      86.6788276      66.6785743      63.5742242      75.8990633      50.0499803      87.5578467     102.8794322     107.0217925      89.3153200      97.3499934      47.6668616      89.1261491      88.8160647      90.6446290      47.8950646      82.8185321      62.8314795      98.1336962      43.3419148       0.0000000      64.6319704      93.1324866     111.7203169      50.3331599     109.4309733     113.9411796      18.4730506     103.9682607      89.5052920      45.7840018     115.0792948     103.0382717      80.7556995      58.1280892      93.0677141     100.2282860      19.1147381
     68.7533629      56.6081192      45.0549756      19.9288139      85.0945244      10.9832067      56.4558108      38.8291202      76.4960403      69.4290456      68.0948143      43.0345633      72.2289038      71.0709272      71.2061633      64.9467947      63.6311713      29.2271840      30.4411085      56.5780452      54.8337393      34.3265674      46.0379124      69.6677556      69.0083304      77.2850387      55.1599884      46.0230270      67.4084406      49.3234358      80.3922440      30.3744885      64.6319704       0.0000000      46.7669272      50.8486913      76.2281339      79.1456479      73.4228831      63.5556707      83.4109661      64.9790732      65.7325118      61.4164164      41.5757662      63.0717930      48.8225091      68.3235213      68.3155123      57.2905850
    108.4860867     102.5228261      86.6947519      41.7373423     122.9687658      41.5241200      76.9938858      23.5471424      98.3341006      86.7914365      79.1718024      76.6867468     102.9652827      66.5632797     109.6258657      93.4866015     109.5473462      69.1041836      59.9767914      80.2411979      81.4321467      67.5176355      27.4761072      99.1174634     101.0492629     107.6513555      39.3518901      73.2773518      94.8898094      42.6899143     107.5082542      74.0337227      93.1324866      46.7669272       0.0000000      43.1246200      99.4833219      96.7747228      92.4544242      86.1360569     127.8462255      89.3701684      98.0400867      65.1223183      48.1534892      94.8588869      52.5925822     112.6862721     111.2014595      93.4706549
    118.4289332      90.6055571      76.3885807      47.9061458     131.6332815      54.8508700      53.2025357      51.3563887     124.4703613      60.6434413      66.3856559      91.7652648     122.6629478      99.7867807     118.2562417     111.0002432      97.6672086      69.4383574      38.0826981      78.0265497      69.6635562      44.6985478      50.0932570     119.0108698     106.9434127     117.4429568      72.2995918      93.6711625     107.2742538      79.4182207     116.6348418      79.7098365     111.7203169      50.8486913      43.1246200       0.0000000     124.1411325     106.3485185      94.2624948     110.5483999     108.4588704     100.3742769     115.5875423      66.7007858      14.3120989     103.5295418      85.5431788      94.4476798      91.5781548     106.9825753
     42.5907735      93.8534341      85.4294758      78.7658311      52.1392072      69.7211656     115.6160752      90.2790086      22.9300300     126.7989885     114.0274903      37.2391570      22.4102179      57.8926985      46.5328406      28.5710494      96.8559384      79.1295823     104.5091314      86.0678165      97.9363218     105.1786248      91.0962935      14.4651283      62.5408437      55.8429259      76.3334181      31.0475667      50.2904287      62.3250914      64.1314253      60.3309565      50.3331599      76.2281339      99.4833219     124.1411325       0.0000000      76.5452725      88.7229311      37.1314505     118.9145733      59.2377180      21.3308133      98.7171863     117.0223165      54.0670725      48.9679403     109.0291119     110.1092773      46.6388305
     78.0250887     100.5101672      66.1100150      65.1968309      67.5008631      75.4351820      74.1817138     103.6418559      96.0315630      79.0132207      57.5571584      60.0146929      87.8523183      61.7723147      62.7238721      50.9627187     106.1011797      99.9613765      95.5893209      34.3436516      51.9711618      93.8991923      71.6408702      71.8119117      32.4293385      35.0228021      67.3838952      62.5110989      30.1985938      87.3602680      24.8494042      82.5330110     109.4309733      79.1456479      96.7747228     106.3485185      76.5452725       0.0000000      19.9227959      99.7147800     113.2338092      20.5239840      71.3385662      46.3552122     101.2800690      34.6969130      76.2776849     104.5341139      95.4624276      96.8947902
     83.2230687      92.9521059      55.6784543      58.4248039      74.9665762      71.9603696      56.4253443     100.6609581     105.9918608      59.9277692      39.3015651      64.3775110      96.5596956      72.2883435      68.5912058      61.7359884      98.9876923      95.3828782      84.0458588      19.2494505      34.8448504      81.6386952      67.2017577      82.0252441      36.7347135      45.2102295      69.7558363      68.9221002      40.9195608      91.3155388      36.3890737      80.6418978     113.9411796      73.4228831      92.4544242      94.2624948      88.7229311      19.9227959       0.0000000     106.4342085     102.9750952      29.9423095      80.0634230      34.7536342      88.8897286      40.5604044      82.1706933      94.2785726      83.6232011     100.3228136
     52.1086226      83.9786915      86.6605845      74.0091798      74.3966153      58.2297334     115.4877311      69.5135342      19.2957459     128.1857083     120.8037806      43.4684700      28.6931318      70.4306466      64.7609773      54.1538059      86.7573747      57.4006746      90.6471065      97.4042454     104.2625158      93.0610335      88.2494669      38.7560193      83.5585057      81.8940366      77.8460611      37.6328353      74.3526129      50.1489708      90.3318056      47.2791075      18.4730506      63.5556707      86.1360569     110.5483999      37.1314505      99.7147800     106.4342085       0.0000000     113.7775881      80.7458820      39.2532538     107.0010281     103.3723481      74.4838576      43.7496034     102.1416478     107.0914074      28.2206968
     80.0193740      31.3704582      51.5199073      92.4805901      87.1672134      92.6026347      80.0455385     119.2826976     122.1039688      86.2099450     101.3027645      88.8291692     104.7863517     140.6477235      80.9802292     101.5965577      28.7447120      72.4489219      72.1901166      88.5445433      77.5179484      64.3181963     122.1890502     105.0000988      87.2314493      96.7240583     132.4759491      99.6282929      98.9285953     128.4960211     101.9408463      70.8070909     103.9682607      83.4109661     127.8462255     108.4588704     118.9145733     113.2338092     102.9750952     113.7775881       0.0000000     100.3549580      97.9172904     112.5325767      94.3073889      88.5711053     122.8898414      15.2910991      21.4903536      87.4800891
     58.2159002      84.3363609      53.7077919      54.8982483      51.3464169      61.3507689      71.9683311      91.8527231      77.7330441      79.6503991      62.4599776      40.0608548      68.2250122      56.0684997      44.2638709      32.1194579      89.6922313      82.5996754      84.3893814      33.0280162      49.3754210      82.7310467      67.6861163      52.8017281      18.4743520      21.8168241      62.5499225      43.6406921      11.8792353      74.9626837      18.2189389      63.6893947      89.5052920      64.9790732      89.3701684     100.3742769      59.2377180      20.5239840      29.9423095      80.7458820     100.3549580       0.0000000      51.6018598      51.1731095      93.5720361      16.0524448      62.7812244      90.9130725      83.9653972      76.4874997
     22.0555438      73.9706509      67.4653785      70.2680277      36.3360954      61.8900091     102.1027130      88.0232211      33.0137872     113.3260669     103.8656238      24.4017263      17.0694288      67.0717266      27.8228835      21.0121449      76.6929852      65.8235139      91.0054418      74.8384996      84.3362439      90.3396018      89.0184261       7.1282879      49.7015159      45.5446312      79.3061345      25.2622643      41.8683096      67.0210119      55.6384458      44.9058721      45.7840018      65.7325118      98.0400867     115.5875423      21.3308133      71.3385662      80.0634230      39.2532538      97.9172904      51.6018598       0.0000000      92.4820065     106.5657166      41.5996834      54.0588965      88.6041953      89.8995170      34.3239045
     98.8433780      98.1244084      62.8062372      41.9550941      98.9350439      59.1881424      44.5032372      79.1122709     111.1068184      48.8899164      24.4845185      70.9639664     106.4343803      65.8275233      88.9954230      76.7878485     105.3897073      89.1841267      69.6389637      30.0614615      36.9445920      70.2429212      39.1884198      94.2231094      62.9115294      71.8625181      49.9545966      72.8850529      62.4092605      77.2783031      65.5294073      81.1006124     115.0792948      61.4164164      65.1223183      66.7007858      98.7171863      46.3552122      34.7536342     107.0010281     112.5325767      51.1731095      92.4820065       0.0000000      65.5440305      62.4135449      73.3740467     100.8172968      91.4962632     105.1090081
    107.4206130      76.4863901      64.0649712      41.7434688     120.9853187      47.8999659      45.7323290      51.4258554     117.4232910      54.8928473      63.3071841      83.0273085     113.7376970      98.9864509     107.6558604     103.0473444      83.5134802      58.0893048      23.9454605      71.2370911      61.4845683      30.4352704      52.6822129     110.5993108      98.1002972     108.9805813      73.7019040      86.2695835      99.6531916      78.1562781     109.0248273      68.5313655     103.0382717      41.5757662      48.1534892      14.3120989     117.0223165     101.2800690      88.8897286     103.3723481      94.3073889      93.5720361     106.5657166      65.5440305       0.0000000      94.8507945      82.5781955      80.2122816      77.7933466      96.7942535
     43.7894538      72.6777173      46.3987965      57.6573149      36.8506533      61.0350136      74.1573371      93.6517728      71.6475404      82.7103507      70.1463900      32.9584519      58.5685527      65.5987619      28.9115915      25.5681383      77.2802373      75.3887210      81.8347739      39.0070759      51.5287223      79.2482548      76.2200304      44.3830526       9.4211151      14.3795138      72.1249325      39.6632313      10.4240763      78.1630099      19.5196157      54.8851829      80.7556995      63.0717930      94.8588869     103.5295418      54.0670725      34.6969130      40.5604044      74.4838576      88.5711053      16.0524448      41.5996834      62.4135449      94.8507945       0.0000000      65.5412227      79.9147363      74.2463258      65.7623477
     71.3704445      94.3715860      80.3363650      47.9184992      85.5128131      38.2181699      94.0297044      46.6452704      49.3905432     105.6723785      92.3650755      41.2491176      57.3055628      32.8834805      73.9596023      51.7503431     100.0271890      63.6688697      78.7389355      74.7880106      84.2293084      82.9689147      49.4621199      52.5841980      74.3865113      75.0644401      34.6592384      31.7084699      62.5244443      14.6792749      78.2913526      54.6003318      58.1280892      48.8225091      52.5925822      85.5431788      48.9679403      76.2776849      82.1706933      43.7496034     122.8898414      62.7812244      54.0588965      73.3740467      82.5781955      65.5412227       0.0000000     109.0889292     109.0467152      59.4457099
     72.7702793      18.9466222      39.9913580      78.0340191      82.6378923      77.7281492      69.3322503     104.0280993     111.6031153      77.0916632      91.1986707      77.1008702      95.5689857     127.7676096      74.3659470      92.0285302      19.5480225      58.1366507      57.5461682      78.4168882      67.4516232      49.9083238     107.8345289      95.6198567      79.6922128      89.7115494     118.3927528      87.5600828      90.0417962     114.0532677      94.8560090      57.4408594      93.0677141      68.3235213     112.6862721      94.4476798     109.0291119     104.5341139      94.2785726     102.1416478      15.2910991      90.9130725      88.6041953     100.8172968      80.2122816      79.9147363     109.0889292       0.0000000      14.6976122      77.0730315
     75.1789956      29.2882447      32.5603812      74.3373706      81.1640268      77.3711211      58.9965735     105.5165741     115.3813707      65.5427392      79.8332734      76.7014800      99.1888279     124.4037381      73.1763838      89.9477048      31.9754016      64.4008271      56.9338717      68.3596946      56.3018721      48.5954065     103.2583420      96.6965347      72.6912360      83.7803494     114.6204176      87.4403572      84.4579687     114.5780522      87.4156681      61.2777965     100.2282860      68.3155123     111.2014595      91.5781548     110.1092773      95.4624276      83.6232011     107.0914074      21.4903536      83.9653972      89.8995170      91.4962632      77.7933466      74.2463258     109.0467152      14.6976122       0.0000000      83.4714336
     33.6965899      58.7827197      68.6239441      70.8913780      60.0173669      56.5996011     103.9172803      76.6750886      37.9611984     116.4233165     113.6069119      37.6281028      27.6241315      85.2447521      49.8011136      52.0562692      60.4553687      43.1667233      78.7890374      89.0939639      92.6837412      78.9323314      93.4412061      38.6923199      73.4034619      73.9959579      88.7291224      39.7077881      69.4249519      66.7262286      83.7315668      30.2457881      19.1147381      57.2905850      93.4706549     106.9825753      46.6388305      96.8947902     100.3228136      28.2206968      87.4800891      76.4874997      34.3239045     105.1090081      96.7942535      65.7623477      59.4457099      77.0730315      83.4714336       0.0000000
