      0.0000000 4421805.6839486 21265050.4029419 16803928.4153034 28843726.1729450  268892.4216293 13353970.3208705 12186720.9659469 20205695.0100752 15677570.3786890 34866908.2754057 14399618.8357567 4082181.9637572 20301197.2999617  428136.3261649 28087032.8681361 1976769.4421847 27450094.1702890 9699258.8818509 19400017.3153759 21311796.4210033 22869749.8659491 15169813.7343389 1814043.1922032 10206183.6484410 31297750.0203968 4607557.3220664 21733917.0818036 8554480.2546457 25214143.0596650 4144106.8616406 11342510.3838666  285577.4239882 4874755.4402129 15158967.7512956 28666653.6153827 38048264.4336901 3459133.9621373 28301295.1052742 2692052.2170146 22125193.4347402 3474372.1811814  811037.1034139 7039394.4449883 18408752.8413168 30173006.0069668 25126607.8574965 15341169.9139951 2927879.4973688 20111328.7970630 1630717.3645486 31776527.1032199 23487336.2874032 30901305.5046137 25883231.8699673  987638.0997933 8262986.4126403 3537888.3652675 3547569.1014207  484605.9580894 8796540.0900953 24284747.6598967  775550.0709640 13710819.7020625 6546527.2803894 26492369.6977519 3448692.3788855 29740894.1113101 1385357.8290460 7685770.1789805 1955209.9722948 4473282.0489348 14974620.9383592 14753043.4914594 31514047.0853317 12129625.6897930 18456672.9832932 1347606.8821958 33456107.1489865 3334304.2434866 12219236.7288221 12099000.1333164  491157.0352714 4223832.6428403 2820051.7347661 30535635.1512005 30713062.5304315  422597.8376638 1265022.9029157 24449302.5375832 35032314.6455990 24803657.9876229 5059049.8873527 19058503.5128196 1381974.2805277  228268.6607402 33506966.8362487 7049817.5302075 15913447.4733238 21985359.6121243
4421805.6839486       0.0000000 21771758.1473198 17367615.6902362 29028100.8773504 4425759.3410168 14064508.1472951 12486693.6286449 20622813.3549614 16402952.0080708 35152609.0751820 14978115.1100916 6001705.8255747 20912941.9848515 4431170.4991285 28528300.7207929 2478128.3121307 27940766.1065797 10652283.6168614 19660935.0601461 21752996.3927821 23389131.7099177 15287307.2606277 4773516.3033573 11201976.4679412 28517778.9856909 6296063.6592741 22176504.7002510 9678883.0099029 25601939.5161440 6131304.9765368 12260209.6487867 4422758.8051776 6566304.8047580 15072220.5753854 29021348.6564599 38299403.7550672 5205772.4867199 28643157.3646657 5130817.3078954 22429391.8020657 5444407.3910583 4484778.9274047 8303321.4018533 18869389.0214745 26056352.3715285 25517212.7072853 15952873.1474533 5217374.7485485 20570583.5607137 4702837.9364931 32096712.5413497 22660183.3618927 31114834.4567483 26259269.7506959 4516514.3262788 9346100.8221057 5658704.7608814 5662340.1188235 4450882.4424872 9740559.1882452 24607554.7237717 4399712.5973356 14405853.3863292 8009020.1917261 26857274.4740854 5581385.4378042 29852560.3169198 3672372.1225450 8863158.0035051 4824824.0360435 6234907.5087360 15494292.5020184 15396628.8204745 29851266.0105606 10639425.5101716 19115956.6112244 4617870.8060082 30390007.4739663 5325367.6555770 10569068.1734249 12878338.3295103 4439866.7831089 6012840.9282359 2257576.2324330 30730699.1156873 31027905.1327242 4432540.1158253 4588852.1257952 24843540.1401774 33438068.7966299 20465074.3965459 6471682.1136425 19426586.5187302 3325712.7738808 4421416.4862551 32660646.6037572 5700944.0237415 16527807.0643025 22287060.9472741
21265050.4029419 21771758.1473198       0.0000000 27216413.7259618 34765487.9322136 21367428.2924674 25349930.8722153 24357477.4628967 28094876.2601934 12088514.6004622 36520039.9330770 25795322.7963868 21289018.2009812 8607707.9020990 21562441.3399475 21610695.4219757 21619836.9812938 11458995.3725403 21423214.2241705 22942960.0070582 28389210.9842218 16691605.3068723 22115537.7547181 21327244.9908794 16237668.9956337 22905866.1626164 18184740.2901932 27181267.9876642 14986921.7644226 32736842.8390825 17751518.2339492 16043853.8173875 21484122.4417192 21433693.2344634 10791069.8030021 31888543.4733148 41500807.0450566 21830376.9157504 35558637.8379395 19917830.6082235 26447569.2012341 21618265.3331121 21471870.8341313 22434230.3480858 24388812.8171945 36803773.5222918 32001429.2465781 24026775.7639631 18608554.3368122 20456758.5785974 21610698.2495154 34544123.0383036 31749966.2549034 36726495.5712793 33468539.1525703 21570857.2404036 23006213.3217488 18703548.6297827 21379761.7793522 21203527.6404153 19430757.2760082 20663788.9051448 21111644.6559540 25100948.3776028 15498708.8313683 30652046.2183515 21266386.7386170 31527830.1076416 21320915.3034767 22203264.4864591 21615326.0317775 21145129.3529239 16897065.8279555 26081929.9142083 36776261.8592242 23946379.8530664 8693595.3272319 21329719.0299095 26433038.6274612 20810757.4787476 22193058.2878735 24530289.8783928 21500756.7111869 20726144.4478575 21477779.6826829 32727037.0351083 33496017.4956119 21523113.4392945 21371847.4635115 29286602.7423276 37263721.0440943 32156755.8985074 22138915.0256053 24481351.6493759 21402153.3649295 21451069.2632310 37782493.6838641 16813293.4611045 24220620.7444633 26127584.4316202
16803928.4153034 17367615.6902362 27216413.7259618       0.0000000 33344795.9930158 16796263.9187011 21295667.0900240 20655984.9262061 24343729.3024183 23117714.2936917 35358277.8440166 9230404.2568644 16945711.5625697 26550893.1149303 16767738.1875742 32860959.3700966 16851827.0789927 32438489.9671960 18650130.0196291 25047100.6498941 21284001.3439134 27500863.6423122 22045709.3229206 15643982.9854382 19486160.9019909 35710296.9816346 16880670.3325747 27251302.3301211 18704127.5652328 30292365.2577879 17197706.8524145 20311986.6847337 16790560.4462316 16986643.0336690 21415281.3798186 32780298.8012182 38646237.1289050 17089020.8880509 11853916.7035228 16967558.8361556 27795255.3164457 15838732.3225890 16730208.3818149 18125777.9911003 24064077.4300114 30915870.4554977 30078013.5262329 22114727.6959942 17090637.2763266 26015989.0537285 16859383.9747683 35488870.3389122 9170044.8102460 22927030.4888951 30855487.4761308 16235556.4670519 16377068.6727882 15168255.2054826 16630033.4471232 16332205.3997454 18919387.6449213 29486959.8719954 16749094.5632137 4395944.2713081 18148659.7395340 30673506.4919897 17153702.8243524 34107735.6149707 16580399.4020781 11033147.3703787 16832404.4402633 17323138.3944050 22258531.0350116 20129365.9356559 35672508.0386055 9584516.7022956 25189729.6591121 16010970.3329227 37581760.4856534 17033017.0981033 20736341.0604144 5133920.9514773 16597337.0435821 17322077.9894356 17016577.8716418 34735120.2294962 33964286.5021371 16796660.0341172 16331701.7446272 29496658.7335594 38763629.7650225 29815979.2001781 17489350.4207040 25375853.1240028 16852648.6805436 16800202.8627791 37398072.5584555 18307550.6209056 19781046.5540527 27635234.5906327
28843726.1729450 29028100.8773504 34765487.9322136 33344795.9930158       0.0000000 28840994.5222135 31760365.0611693 21342956.8007601 31175017.7722415 31205972.3640296 45264485.0323033 32107686.7771930 29130276.8582319 34856027.7556370 28830799.8678224 40172947.7344980 28847288.5633906 39663612.0047828 30374500.2157112 34747592.2287687 21659302.4057847 36719089.9386407 32544539.2725963 28901346.4142561 30569310.0055321 41940571.2164062 28644063.6494968 36117872.7286219 25465661.8193356 38302485.2222263 27675410.8646201 22087219.8781816 28846961.7750734 29252974.5314098 29044887.9531851 39963705.8568670 42836911.5205407 28165430.4969165 40314385.6881665 28964868.8390527 19181298.9777709 28388785.0975547 28859475.1668378 27941269.4886124 33929854.1906588 39705440.7065549 33099742.7552397 25280127.7909392 28967696.3939308 32567597.7939223 28489710.7363967 42909225.7759853 35802520.7638536 23285497.1322342 38637099.5996045 28861731.0214289 30007032.1875849 29033462.1966856 25587700.8518001 28848959.7808208 29945910.5442315 37657437.1817669 28841524.6333789 31436294.6948085 29537030.5420865 39161229.8620610 28952729.7488287 39147141.7256831 28355352.0637863 29849036.8714110 28421948.4121259 28955512.1464860 31881424.3328178 28967171.2273514 13493085.3474979 31096201.4596899 34079544.1413975 27844398.5796763 42971704.6886782 29031109.1926545 26015995.1595716 31282176.5633152 28669279.2088326 29102400.1306765 28885022.7825870 37080503.8070751 42124813.9344505 28850937.1685849 28871286.2638254 37661910.1120953 39666733.4939807 37320893.3935555 27985542.1871772 34573351.0611715 28840764.0734510 28820851.2224087 16086187.7914472 29496675.0646113 32950290.1162060 35110298.2072652
 268892.4216293 4425759.3410168 21367428.2924674 16796263.9187011 28840994.5222135       0.0000000 13317560.2095257 12156125.9041585 20205812.1645249 15810819.4233771 34669733.9100792 14397404.1981114 4073872.7578981 20445687.5871488  398872.4875447 28152155.3009270 1968041.5795300 27610420.7314837 9486082.3632849 19239241.9064483 21210258.3748822 22993448.4694510 15066004.1336829 1642133.7544235 10112005.4547142 31413189.4138132 4707845.3455500 21715013.9288456 8669967.0478705 25183644.0640399 4300131.2400053 11393846.3015943  174268.3970778 4870388.8002943 15308014.2274973 28453998.5417294 38021449.5803892 3426149.9741164 28300409.1535341 2755367.6708720 22135513.7016124 3429927.5546935  651375.1498237 7005223.9066904 18400939.6661634 30166104.2961748 25107108.0321139 15335328.6249988 3095334.4762226 20145315.9788302 1590704.2349040 31563628.3654394 23487200.8472875 30901830.3861969 25849719.5993126  951275.1634575 8261873.7826802 3675873.5183631 3491539.3868832  581612.2942079 8764336.5656826 24345877.6468277  814885.7624516 13709499.9315222 6709992.2387127 26483539.3640901 3429146.1252711 29705258.7849595 1333840.5959665 7700961.9884984 1904744.5273957 4457231.2309279 14864822.7168911 14719519.8929721 31504144.6151144 12128527.9512223 18614739.4497753 1365091.1590861 33552271.2615157 3132685.2173521 12218762.6786581 12092687.5815658  323515.1134588 4224347.5405086 2812434.7451455 30522596.4358925 30511326.4728995  283941.8651198 1246623.4663927 24433475.0243140 35042045.2193518 24801734.2638964 5028749.6609838 19048764.2744817 1373473.9576404  226236.6196271 33506394.0288026 7175840.6053404 15704314.8211479 21977389.1229519
13353970.3208705 14064508.1472951 25349930.8722153 21295667.0900240 31760365.0611693 13317560.2095257       0.0000000 17606649.4114631 24133155.2447635 20772064.5002560 37217246.4376041 19319579.2245304 13956199.7630266 22589141.2151657 13332368.2807608 20864023.5275143 13444778.7449172 30810270.7695973 16470533.4465272 23493848.3921287 19139366.6368827 25729588.2746207 18435777.0100080 13448098.0257903 16771423.9164562 34235477.6364332 14181469.4605277 25503692.9664377 15961200.7387365 11887814.0236840 14032572.0153599 17646400.7191284 13335008.4908397 11599134.0553681 19606972.6134413 31219992.1495628 40189759.1082580 13565978.6945203 31100658.0749965 13631277.2489439 25848772.9221156 11881404.3389731 13369909.6501188 14324101.4395002 22724230.8961499 32920213.1652749 28351660.2865417 20331337.2233250 13711406.5616352 18630990.3857150 13196343.5676370 34438295.7182175 26839779.6180475 33529623.2705294 12544583.6160687 12622848.7594416 15597320.4132042 13714885.8989534 13790709.2250818 13358633.3689357 15996761.5210576 27803654.1403434 13296611.8213776 18978949.3781276 15004657.7793889 29217213.3745073 10004719.4926882 27631103.9498012 13408084.0864022 15320146.1844207 13470784.4042080 13964382.9854680 20131034.2335946 18183566.6544345 34211585.9436635 17914666.6115561 22389240.3569022 13406194.4536633 36203570.4588013 13745797.2510434 17962136.5846589 17648692.5447522 13280033.3734474 13995510.8292187 13632338.6689269 33261257.4481495 33468570.5247973 13110215.6474807 13309591.5122133 25181232.1860903 37446324.5380914 28160115.6763895 14228543.1632636 23250243.4775434 13418237.4128967 13351149.9690806 31414054.9370414 15217702.8559101 17856939.6217574 25706514.0539693
12186720.9659469 12486693.6286449 24357477.4628967 20655984.9262061 21342956.8007601 12156125.9041585 17606649.4114631       0.0000000 22173424.4382639 16375574.3960149 36636775.5569437 18535959.1150162 12830061.6465398 23275096.7283331 12174978.6514919 30435672.2240107 12119512.8242927 30279905.8871371 15329867.6125027 22647437.8224753 19700400.8086689 26096147.6210666 19147544.1913863 12275167.7101465 15815564.9019453 32906091.2722251 12693549.2558655 24896664.7181199 12806378.6203049 27525864.0624111 12179904.9894858 12662249.1971889 12180049.5134417 13027703.8258187 18005468.7219219 30289099.2094184 31410357.4508215 9512796.6524203 30638573.9001950 12502317.0990919 20202207.0915654 10297497.1986455 12193187.6802121 7675752.8661090 21535261.7591580 28851010.9621576 16655228.9869744 16591114.8450877 12586834.1735363 17683510.8223559 10908448.5822376 33706086.9821197 25706388.2482339 28268180.5856625 27908963.9403961 12180387.8653172 14712901.6625989 12744790.3366075 9588805.2000332 12199851.3789165 14748141.0009969 27277351.9927918 12163422.9466361 17118771.0514271 13984127.9731404 29129556.8360612 12247897.7755738 31195084.1044755 11495765.1532134 14418973.0764280 10650110.4601948 12221430.6164114 17812318.2917778 8695539.2134239 25657940.6033272 16708135.1444278 22222607.7714966 11668286.9678925 33909766.9990592 12521740.7799747 14497662.6053401 17153778.3100264 12074487.2755823 12865351.2374315 12183368.5111677 27419454.7611205 32726887.4484080 12172895.9387426 12230506.5404875 26918441.3293046 26819134.8254322 26293896.7531192 8472098.3855767 22605686.9849393 12130023.3223591 12099289.7079812 28836252.3525506 13772373.1592052 19671089.5509447 24722870.6441241
20205695.0100752 20622813.3549614 28094876.2601934 24343729.3024183 31175017.7722415 20205812.1645249 24133155.2447635 22173424.4382639       0.0000000 25695589.2130288 35026113.5798385 15758590.3316274 18275983.1185480 28798282.1859810 19938346.6248250 34567622.9835321 20291329.3038958 34206232.7135186 21942421.7139144 25578032.1042712 26618711.8777858 20296840.6335804 17965425.5588946 20200842.6541356 22663203.8009476 37062905.5924847 20620563.9189786 29637061.2021914 18931808.8785880 32217364.6329017 20324276.5159149 21447168.6516617 20145437.2989211 16735359.5736566 24594062.8165652 34929080.0543015 42978344.8423342 20309611.7048977 34333773.4721432 19151570.7041065 23818643.4355907 20453677.5789936 19685236.2689356 21387379.9595021 18904929.7333901 36144439.4962293 32250919.3988100 19119795.3399394 20433438.6103639 24334011.2373491 20266230.3311715 37610863.7044192 30339832.8792251 33538724.6964342 32738969.9364854 20070254.0084018 12989466.4407010 20467075.0152988 19766667.8149559 20199913.5075521 19571383.6582046 27109952.1932861 19739847.6496033 24123249.5636410 21319454.1332810 33297135.9566626 20299277.9500896 30583949.5765960 19886823.9925182 16793301.2408707 20291980.8317908 20686701.8103888 25195200.0340617 24891968.3714966 33310751.9211110 22388484.8192149 27517699.8593008 19976624.6322436 39197372.8975878 20047669.9280806 19910973.8363107 23272251.1443880 20157149.8520394 19372017.8550942 20397787.4749332 31418597.1004249 31363302.5433977 20205332.8764400 20226413.4258942 31683722.4872539 40486364.9923407 31496250.0176387 20813314.1497189 23233550.4772563 20042165.9173609 20203680.8067149 35200043.0021503 21447802.3226090 25584149.0235152 24734674.6646325
15677570.3786890 16402952.0080708 12088514.6004622 23117714.2936917 31205972.3640296 15810819.4233771 20772064.5002560 16375574.3960149 25695589.2130288       0.0000000 38299794.5357707 21309166.0767236 16465336.3257956 8695569.4332185 15969298.7209337 22184548.9236788 16075795.3535070 14835776.1496599 18657768.4331147 25098478.3506020 26591753.9012228 16165173.4747472 21991464.9483291 16047328.1676668 14082437.5902948 24229647.1273468 13570668.5781745 26963486.6300448 11654367.7226738 29489760.8057788 12381371.7068393 12922586.9919340 15915549.1049216 16222163.8024408 8298891.8358196 32372387.9238760 35979887.4330267 14868537.3047534 32367264.7636150 15123521.1077437 26608025.5046161 15166190.8192086 15982395.6978170 14555501.7539302 24043387.8789093 32587306.5242178 22522428.5424945 22040923.1803604 13100741.3929929 16270958.6870651 15370251.1447582 35521355.4988729 28369845.1151218 34753533.4045832 30101722.8600010 15979779.0386495 17952968.6830710 13259945.9324962 15778772.7279956 15615562.5851731 17156770.8437348 24053857.2191278 15630009.2718368 20066715.6969405 10159875.4519519 30923019.3257393 15800962.9704635 33741540.9112080 15788164.7154844 17062991.6240549 15257285.9106077 16192568.2238815 15318560.2929373 16727534.4410064 34674593.7138382 20037792.6390199 7789226.3740541 15831504.8317191 26477817.5496647 16299596.1178319 20094937.2725288 20026610.0200695 15970523.7368541 16430315.3833610 16185774.2282066 31500493.5815743 34563345.1234424 15969199.1721284 16008592.4650118 29015338.7096939 29142630.7860079 29411190.4356826 14582824.6681232 24858372.3070986 16021540.7156209 15818954.1128623 36284831.6207657 11741451.6634243 22509071.5622418 27168463.9646627
34866908.2754057 35152609.0751820 36520039.9330770 35358277.8440166 45264485.0323033 34669733.9100792 37217246.4376041 36636775.5569437 35026113.5798385 38299794.5357707       0.0000000 33469414.0563278 33689354.2239000 39869615.2854785 34796822.7193784 42895765.6605706 34900119.5591667 44568704.2949598 26209756.9640064 23653061.8824847 32040704.4150634 38171154.8738184 30086348.6742982 33462320.1898246 27450477.0283449 46962226.3604880 34382716.8207681 35998260.4261696 35226876.3559179 42926020.3742219 35133171.1556460 34164964.1944097 34761429.3949117 33774938.9058201 37880305.8025203 14138921.5859657 47701252.7254111 34988783.8355478 41618158.3742642 34809588.2751967 41290084.2148494 34652301.8902632 34254328.8741969 35314439.7724897 34146386.1973601 45303068.5394483 42714167.3735334 34053082.9017605 35025246.8791801 39610470.2647306 34905070.3044717 13598863.9841530 39256430.1411827 43933645.6096483 43319236.2574395 34762469.8162498 33160701.3787670 34759094.6749002 34173074.3826903 34816133.7793317 33987496.2385135 42503153.5391580 34579403.0068099 35435244.7362126 35545243.1704079 38992992.4227042 35032738.9319000 43432107.5255133 34650291.1783252 33411518.6820425 34785512.4897432 34241435.8678452 24778742.6500734 37438638.2434009 46137114.0304182 35458325.5985219 39587418.5472773 34765999.9241262 47732998.7017448 32140699.5002825 36921192.7072039 34847736.1987833 34614186.1499421 35116039.4550118 34737568.8085089 46233886.7057000 7496950.9770979 34741621.1688557 34593319.8189957 38238991.5142472 49478813.5573182 41852117.3405348 35238503.6148148 39004798.5465569 34903079.8197055 34860196.5096400 48304265.4187120 35500893.5154152 21778240.1336433 40537633.3483805
14399618.8357567 14978115.1100916 25795322.7963868 9230404.2568644 32107686.7771930 14397404.1981114 19319579.2245304 18535959.1150162 15758590.3316274 21309166.0767236 33469414.0563278       0.0000000 13363588.8454759 25066315.1194789 14214268.8946028 31554434.8985418 14448545.5773032 31257723.1007748 16925462.6021529 23711518.6053575 21808536.0356883 21851129.2402164 18381187.0846787 13564382.9972331 17730311.2731458 34472328.6628969 14752103.9741625 26037808.5451967 15976835.2651105 28791542.6694442 14928603.6107463 18446768.7434809 14356219.8828111 12422028.0640611 20053225.6032355 32066208.9907174 38450002.8010523 14533889.5751303 19716371.8522918 14231042.4302962 26102741.1779748 13696393.0771858 14043812.2726362 15762877.3373125 19585864.4538346 30715388.8332189 28485666.3769011 18440188.5545438 14735968.3978373 23227852.5366383 14418978.4267573 34897853.0422199 16244750.5719866 26360744.8946630 29365278.1519290 13875629.3948725 9615567.5450581 13322613.8543380 14396645.0847388 14041635.3478467 16581564.0533138 27776355.1438994 14080454.5075004 9877200.2053480 15949172.0749622 29782964.8123531 14710294.6692255 32467724.5711431 14165791.5424764 6808839.1194687 14408092.2347913 15031738.0394275 20795209.1609608 18650529.7734820 34477662.0324955 11134808.4979895 23630688.8619593 13816263.7253331 36403979.6900375 14708987.8044183 18481014.1788230 9470465.8344097 14246735.3007853 14836841.8100038 14627072.6338019 33009624.2375562 31174225.8530504 14392925.8563394 14063339.1955470 28297236.3687897 37394467.4821229 28186757.4180899 15057127.6937117 23362916.3128494 14412736.4072686 14392304.1180475 36278992.3584726 16072773.2663907 19335766.0513996 25740148.9726019
4082181.9637572 6001705.8255747 21289018.2009812 16945711.5625697 29130276.8582319 4073872.7578981 13956199.7630266 12830061.6465398 18275983.1185480 16465336.3257956 33689354.2239000 13363588.8454759       0.0000000 20822047.3478061 3908051.7633833 28596761.1188094 4510463.5377277 28064106.6079351 10506596.6108478 18589887.6505570 21700775.4873165 21970892.0268304 14991733.8377771 4423946.0245007 10865321.1444217 31779047.3498573 4084271.6762356 18626335.2427951 9373572.5955793 25549158.0684170 6026928.2006525 12247351.5605476 4026467.2903314 3843819.4840202 15979127.4168716 28962569.4473599 36314109.4586089 5226430.2625307 28590297.0484446 4647225.8902306 22503586.0885819 4897532.9231150 3788617.7759721 7579395.3547817 14762805.5273882 30410783.2234453 25237918.3941608 12079579.1754928 5204041.8354132 20329550.0418339 4329136.0285443 32036985.8111448 23830408.7043323 30977767.5552154 26204852.1349858 4090379.4419877 6663009.9753149 5474870.5771415 4891866.1397086 4116462.6103714 9710956.0026652 24728889.5424041 3335037.8034895 14098027.5055375 7979052.7844473 23352101.2018370 5349491.0634757 29971881.9811153 4252677.5041090 7267107.9123026 4491760.7312151 2809664.7526522 15674713.3389923 15222751.4341733 31773511.4980420 12751830.5988718 19208891.1307365 4218114.8657784 33898463.6874311 5248477.0266543 12854801.2575549 12539286.1431268 4086192.2957167 5843301.6347044 4061287.4096598 30775321.6812103 29934640.1261980 4028197.2598374 3282965.8908289 21404468.5765450 35316636.7506025 24500769.8323507 6462125.9782469 19451416.8685365 4283657.2191107 4071513.9160030 33774329.1258249 8357031.1539189 16436588.9507760 22324265.2289959
20301197.2999617 20912941.9848515 8607707.9020990 26550893.1149303 34856027.7556370 20445687.5871488 22589141.2151657 23275096.7283331 28798282.1859810 8695569.4332185 39869615.2854785 25066315.1194789 20822047.3478061       0.0000000 20614007.7765951 17164972.7783279 20692124.6767121 8493577.0891089 22573579.6243692 27736545.6772609 28289863.3674577 14474056.6912648 25112073.7235112 20641894.9552885 17094340.7933721 22278941.2782944 17622633.2609651 29039618.7032969 15075287.5694198 29264057.9534863 16576129.8728121 15876114.3370837 20554105.3319620 20183555.6513932 8099399.0589147 34553916.5534394 41669251.3476043 20647090.4066227 34955560.2354608 19624024.3555462 29361227.8364843 20315502.7057740 20617090.9716192 21146905.4826965 26915663.3159131 36217816.7173168 30414744.0622379 25086775.8953685 17441540.0777599 20080413.6576900 20531175.7515184 37461001.3208650 31205074.2028579 37049296.2745980 29981613.1832420 20500485.2257472 22173775.8366674 17529833.9781960 20760292.1138056 20231680.1898579 21252078.0267457 25309438.2807409 20214151.7904637 24266155.3177162 13935609.3179613 32488430.8328850 19869375.6097015 35030259.2718029 20608312.0500913 21260065.6282822 20575370.3935140 20756355.1622935 18278374.6269483 24235047.7156265 37496531.4648384 23906914.0194961 3266381.0942352 20442687.8874240 25485918.4852718 20809132.6742654 23930999.3574933 23796324.6923554 20600004.4535587 20948732.8644196 20729046.6832588 36233495.5818716 36510867.8912750 20569931.6967487 20569734.7181819 30423692.4939831 35554548.2490912 32080637.9130111 20899435.3378189 28056635.6867183 20659568.9051883 20494857.5114621 37130237.3221520 15506917.7112303 25196762.3530452 30122101.7977049
 428136.3261649 4431170.4991285 21562441.3399475 16767738.1875742 28830799.8678224  398872.4875447 13332368.2807608 12174978.6514919 19938346.6248250 15969298.7209337 34796822.7193784 14214268.8946028 3908051.7633833 20614007.7765951       0.0000000 28293851.5830572 1971573.1558096 27771492.9559771 9711023.4722023 19410985.3477360 21295260.1958569 22947746.2403448 15089350.3997375 1816841.9350720 10393375.1259833 31529209.8641943 4818737.9217213 21734245.9646071 8753785.2863680 25202473.7395482 4447237.0970846 11540453.8569578  252968.7584412 4657411.1773991 15455615.5499815 28685029.5551851 38047821.6801781 3438280.6587901 28301233.9996420 2771867.1399328 22128781.9681212 3467671.0606355  574867.6905595 7035693.7677464 18281842.8857676 30173564.2025455 25145040.2098931 15229914.9356796 3259403.3527333 20198939.7886109 1621085.2178440 31791787.2175847 23486212.8024307 30887348.6934851 25866808.1770384  920833.9902261 7978913.7949939 3813706.0252665 3531340.3637940  683113.5199857 8841706.6478340 24407739.9184072  724365.2667826 13719032.0977838 6872384.1737266 26491224.2024150 3466476.6965320 29732592.4803934 1366570.4396362 7539690.8720137 1950553.6183538 4470469.6824090 15145022.8953587 14747847.4506096 31497639.6716311 12124839.3558422 18776661.2603842 1375135.2832398 33667846.8249229 3343828.2603484 12208981.2234431 12097939.5003713  466637.7303195 4228079.3930710 2816500.8905460 30533945.2931800 30639204.7309726  389030.6354997 1255028.8567375 24444205.9631049 35101772.4009027 24794059.3521445 5056230.9525538 19056476.3680699 1374416.5820231  323348.3796531 33502949.5448747 7309909.0689248 15922016.3914017 21982415.1703396
28087032.8681361 28528300.7207929 21610695.4219757 32860959.3700966 40172947.7344980 28152155.3009270 20864023.5275143 30435672.2240107 34567622.9835321 22184548.9236788 42895765.6605706 31554434.8985418 28596761.1188094 17164972.7783279 28293851.5830572       0.0000000 28333879.7884770 22158352.4346308 29042288.7150709 33016111.8336981 28434284.0030536 23429308.2052193 29661072.0517750 28223623.6398683 25245072.8489742 30096895.0135265 26471290.8272938 35600573.1451093 24674564.0326256 19523400.3480311 25619537.4862813 25086034.0911879 28247403.2156983 26473455.8838453 20605435.8248536 37708845.9421593 47413266.4662984 28376599.9818499 39994175.5809107 27578503.2070651 35047423.5919201 27144874.3349191 28270874.9130753 28616581.6167884 33661034.2086950 41334817.5007934 37082911.3015604 32190405.6364098 26162730.8225363 22647539.8478439 28183985.1251190 40546329.5875758 36744194.0984203 41893908.4435478 20055680.1263899 27782623.7804072 29405573.5258839 26155410.4913870 28463938.2878655 28040941.4343301 28520800.1582517 31779169.8674052 28001275.9939228 31204682.3006904 24099560.3497774 38255082.5490114 25650753.6471558 34458996.6750968 28299638.1135505 28786803.0298610 28359739.5060356 28576428.0533726 25933410.9231508 30437553.3047910 42264554.2858415 30738388.8919233 19475248.0860598 28192868.2151370 32620038.7629826 28195699.8790212 30577858.3747181 30553268.2004323 28234307.5418095 28483090.8264887 28439653.9658397 41260525.4477858 39895455.2388333 28122755.9984535 28269486.4121777 34390508.2820015 41661216.2364363 37630784.7020136 28753405.0514064 33790141.4762529 28328673.8763063 28226893.2716226 36888218.1651026 25004553.7353103 28428116.6035570 35493003.4567199
1976769.4421847 2478128.3121307 21619836.9812938 16851827.0789927 28847288.5633906 1968041.5795300 13444778.7449172 12119512.8242927 20291329.3038958 16075795.3535070 34900119.5591667 14448545.5773032 4510463.5377277 20692124.6767121 1971573.1558096 28333879.7884770       0.0000000 27831088.0630034 9875336.3698366 19410477.5873373 21343635.5413101 23190050.2205472 15096396.5076588 2615337.7552403 10545738.9896985 30214008.1387618 5098708.4257576 21818142.3053385 9005704.8907937 25249889.2875807 4835453.0995904 11704814.6443258 1954964.1820378 5242176.9621280 15189607.7108191 28723965.9461107 38085870.0796935 3708426.8965724 28306923.2270172 3418292.5194784 22205043.9290532 3829210.9622390 2085664.9091993 7291840.6179545 18506567.1658216 28329666.5205552 25218731.3530009 15459186.7402791 3680458.5639791 20311056.4323691 2519218.7423657 31824686.0493647 22961507.6834525 30876853.3755255 25912542.8176897 2129823.0532958 8468611.0886788 4196409.4405995 4028756.5250951 2033255.6370526 9044066.2139586 24480151.8119743 2044126.3566020 13794920.9381106 7127784.9087537 26558351.1205000 3935913.8611703 29745360.9979787 1483940.0281231 7905432.7146933 2742426.6872092 4842356.6512233 15153077.1038297 14860285.0878145 30716268.7497914 11243958.0531467 18867254.2792091 2356897.4306400 32234729.4115802 3730018.9632964 11355617.6247704 12190486.1308336 1978540.6529349 4648660.6622706 1344067.5290550 30597799.6051362 30759322.5720043 1965248.2405622 2288819.9095376 24514592.5744216 34322847.7902716 22882637.2862223 5283118.3507163 19155081.4974936 1073277.2754304 1957869.0241603 33062856.0114902 6336816.9056055 15993545.1051087 22069210.3211089
27450094.1702890 27940766.1065797 11458995.3725403 32438489.9671960 39663612.0047828 27610420.7314837 30810270.7695973 30279905.8871371 34206232.7135186 14835776.1496599 44568704.2949598 31257723.1007748 28064106.6079351 8493577.0891089 27771492.9559771 22158352.4346308 27831088.0630034       0.0000000 29396068.7366247 33720224.7799623 34984518.2243562 17160858.5558937 31453982.3841695 27808588.6793486 23777625.7383362 22303542.5852293 24852995.1022540 35248590.0086186 21664791.0539233 36961667.0036349 23625267.7009054 22138169.1919099 27713165.5577861 27663920.3301054 14194282.5176655 39650295.4240613 47001376.3557858 27966201.3912350 39603020.0972537 26670164.8564186 34299124.9881267 27895816.6455117 27780309.3721629 28609483.2375581 33201458.0187098 40928462.4645841 36248565.4457030 31715298.5258848 24529736.1477221 26521918.9728321 27808131.4105975 42210219.3061419 36320391.6452406 41527579.5499322 37686349.2513253 27773078.4670289 28956315.8985825 24618486.2694139 27986582.9471077 27377004.2399529 27826969.2415018 28695554.1442832 27408789.0710167 30600764.7634347 20905059.5841493 38364602.4866675 27529853.3197243 40350367.3794677 27776448.8806570 28039856.5692134 27827218.6890544 28114028.5486872 24239982.6158909 31378690.2121980 41972595.7378725 30241770.1360208 9105272.2490450 27589186.3723625 25881557.1851698 27944516.1956984 30191251.2311010 30275014.9842815 27772320.5971085 27919890.1219060 27909268.2496295 40813904.9920148 41404445.0015380 27771402.4986338 27795467.3908807 36980811.2630148 39631931.8726214 37229213.6442983 28199901.4838165 33402645.5948908 27790230.7305584 27653722.2956706 42149159.7363695 22321861.6928805 32007671.1855397 35116612.2202568
9699258.8818509 10652283.6168614 21423214.2241705 18650130.0196291 30374500.2157112 9486082.3632849 16470533.4465272 15329867.6125027 21942421.7139144 18657768.4331147 26209756.9640064 16925462.6021529 10506596.6108478 22573579.6243692 9711023.4722023 29042288.7150709 9875336.3698366 29396068.7366247       0.0000000 12895454.4669476 19250048.6756913 25028949.2074289 12562878.2867050 8363763.6428291 5968753.2111918 32902378.7262241 10802651.4894102 23320312.8938454 12461685.3119930 27015175.4365443 10658245.9383535 13109534.6180398 9603255.0302389 10828417.7353313 18177732.4803428 19153514.1287718 39172593.9121424 10300281.4186587 29392364.9349680 9760196.5219190 23357225.0997628 10177032.3262143 9229218.7603097 11987396.9025359 20335523.5478258 31558525.4945942 26952901.3996691 18092467.2534578 10227670.2720522 21799172.0879751 9839590.0370410 22230176.1150239 24918082.0916558 31974433.5496321 27636618.4000019 9720500.3396513 12612244.7425520 10318079.5984368 9611140.9157828 9702273.2127530 10436788.7596962 25117543.7845901 9702185.2630839 16357541.3892894 11891913.9933147 28194194.9623276 10231355.9841689 29096921.1299546 9468614.0134227 12098612.1913751 9748795.9076345 10685054.7718879 8645275.8015377 17572262.5595792 32476191.9306196 14897744.9463470 21133090.1504246 9749944.1768638 34744633.3604401 6607721.6768522 14794055.9112688 14932748.0247905 9445538.6505146 10045832.6821665 10105107.3202514 30896271.2618163 21845241.2099612 9578725.9954930 9756574.8309843 26302065.8040472 36418759.5216727 26625618.6265851 10943080.5471489 19797842.6487456 9706357.3370820 9689433.4504161 34835039.7271950 12037552.0466778 7585196.5065961 22472837.2766832
19400017.3153759 19660935.0601461 22942960.0070582 25047100.6498941 34747592.2287687 19239241.9064483 23493848.3921287 22647437.8224753 25578032.1042712 25098478.3506020 23653061.8824847 23711518.6053575 18589887.6505570 27736545.6772609 19410985.3477360 33016111.8336981 19410477.5873373 33720224.7799623 12895454.4669476       0.0000000 23948266.1143310 30181045.3600691 11685863.9546696 18407666.6568178 14841026.8766757 35973078.0346512 18655389.5295827 22316447.3501148 19434343.5383023 31780300.1789484 19903689.8478167 20693352.5751776 19323340.0084352 19654904.4407437 24645090.0721941 19376262.1618500 38704540.3025373 19692385.3136962 33973084.1713126 18152792.4866023 23727937.0009923 19372125.0157971 19049968.0730754 20190164.6608445 18687674.9004922 35013330.8463662 31383504.0770190 20876896.8838201 19630944.1903770 23487338.4293696 19454784.3367733 21721142.7009337 29989701.4326660 35851533.3302724 32309340.2080261 19417176.4049285 20920536.5446539 19661747.3617939 18904910.5885649 19408773.2159844 14472001.7364045 22013846.6790182 19182284.8068943 23255339.9102731 20584517.4795080 26352865.0707888 19368919.4687159 23997517.2102389 18836487.1430032 20767278.8669428 19389047.9708754 18255478.6606821 15248130.1376972 24251360.2349951 35705402.5781358 20955764.1541408 26997436.9523542 19403281.2012534 37950734.4196829 16451001.0554217 17847382.7160505 22229860.5526330 19215130.4028313 17402764.3777692 19055955.8883488 26940766.9357062 20836942.7281241 19286027.6496564 19012955.3657100 25067051.9935880 39824775.3162059 29893845.2160777 20037403.1579795 17437337.5454137 19012703.3891075 19393691.5591772 38549302.2158671 20479443.2207503 14084191.0529984 19044045.5295363
21311796.4210033 21752996.3927821 28389210.9842218 21284001.3439134 21659302.4057847 21210258.3748822 19139366.6368827 19700400.8086689 26618711.8777858 26591753.9012228 32040704.4150634 21808536.0356883 21700775.4873165 28289863.3674577 21295260.1958569 28434284.0030536 21343635.5413101 34984518.2243562 19250048.6756913 23948266.1143310       0.0000000 30831187.6878512 22661952.8039052 20358993.9887901 20200905.9550446 37988878.9452420 21274590.3687107 30091664.3689154 19712129.1442615 24379239.0670719 20668847.8326739 17142649.5852832 21265814.2619521 20693621.1073906 23046620.7365683 27214874.5590218 42329623.5937216 21495118.5336270 28082549.0981421 21489064.8003107 21067857.7031033 20220907.6025796 21126616.0306315 22084950.1834971 28119985.3373096 35267524.5656518 32923826.7127234 21597021.9990902 21537950.3602423 26216254.8121155 21265904.9265925 30195128.7852141 24231643.0724877 20127585.9658934 24812188.8442650 20773531.6334261 22296349.4512617 20805524.0783757 18897745.2656450 21140959.5256674 22150762.8715520 32328185.2674966 21279688.0943338 20485498.3784286 22385711.5137814 33479372.0184041 19993458.7278850 31112973.7117136 20910212.6921220 20363442.7961267 21318692.7827805 21727658.2008892 21374059.0332179 24119660.6737425 24490690.0377924 20821156.1614004 28007046.8431663 20291322.1473667 39544328.1865719 20316777.0982636 21096747.3137867 19802391.6963108 20972919.6207270 21689438.3258040 21486624.3863263 35879612.3565539 29881650.6075694 21151994.4601253 21116775.3923657 30784626.1769564 40994657.5706113 32603092.2476600 21894909.2952605 28335719.9179153 21354459.0042638 21308679.9004446 21430595.5807820 22446543.0562366 17451586.5024236 29666598.3249316
22869749.8659491 23389131.7099177 16691605.3068723 27500863.6423122 36719089.9386407 22993448.4694510 25729588.2746207 26096147.6210666 20296840.6335804 16165173.4747472 38171154.8738184 21851129.2402164 21970892.0268304 14474056.6912648 22947746.2403448 23429308.2052193 23190050.2205472 17160858.5558937 25028949.2074289 30181045.3600691 30831187.6878512       0.0000000 25075418.2200312 23153659.5524339 20884593.4445552 26389932.6539698 21021907.5400827 31730285.5851913 18160045.8576385 32379276.0936854 20038555.8237704 19905332.7241912 23037413.2554779 20372065.9201988 15407878.1389749 36603525.0114319 44515431.1343826 23238282.6234030 36526824.2440225 22017804.4583036 31269050.5503176 23173280.5644892 22784070.2433763 24103470.1217527 25333544.5435244 37981898.9652198 33356103.7741266 24803499.4277233 20664260.7347858 23133849.9301961 23157378.9295029 39307947.1534572 32935321.3064124 38590892.4368478 33062993.8637141 22980352.0476038 19298259.6120870 20741882.5874554 23389905.7323425 22814630.0825333 23838743.2654378 28067432.0808828 22515554.3452659 26620730.7072729 18210563.5792986 35109406.1966344 22753323.5652476 37089403.5438938 23119228.4626040 20730409.8231698 23200159.9608556 23533166.4357012 22213629.8949472 27235227.5402325 39084523.7955249 26012941.7332848 14131768.8460831 22993443.0055261 29276359.4353861 23348484.3889986 26107366.8040166 26070617.6259718 23118540.1500555 23423793.7871682 23289372.6433375 38193890.1948322 34752470.7543957 23103360.1795334 23146412.3020321 33340093.1908928 38580925.9495674 33560737.0094504 23657707.3084005 29886240.8788799 23160192.9171423 23029378.1444423 39193085.2519053 19325211.2094491 27795293.0117385 31837755.7416268
15169813.7343389 15287307.2606277 22115537.7547181 22045709.3229206 32544539.2725963 15066004.1336829 18435777.0100080 19147544.1913863 17965425.5588946 21991464.9483291 30086348.6742982 18381187.0846787 14991733.8377771 25112073.7235112 15089350.3997375 29661072.0517750 15096396.5076588 31453982.3841695 12562878.2867050 11685863.9546696 22661952.8039052 25075418.2200312       0.0000000 14599423.0892253 14682102.9017562 33372921.2172815 15896574.7975275 26124240.7785660 14713676.4529186 27177300.7549571 15799310.4022397 17997098.8114716 15100013.8505034 14315928.4884021 21256775.6114787 25497110.5994947 40909829.9022381 15417494.6803831 32108067.1270221 13088517.3711839 19296048.6237079 15212604.0462621 14792028.1831717 16590845.0046792 17981420.9580266 32410468.9453264 29338567.4100655 20404937.2213229 15439438.8456620 17434747.1012204 15213955.5834197 28256345.4078163 27629694.4078163 34369150.5496130 27733503.5852184 15035802.1772209 14857695.4416046 15581166.8767929 15260770.1774971 15186403.2530943 8250759.9304251 16361726.9662115 15004687.0294318 20450532.2229010 16652510.8783579 30447238.3311674 14491448.1437334 18417289.6096941 14417066.6807512 15709368.6364408 15220223.2542039 15786964.7764162 16643227.5978407 20842925.8999439 33518326.7753281 16797996.8490939 24017422.3805493 15234466.5013712 35739796.2148139 12815401.3952805 11581098.0888909 19284022.1892773 15047249.9361518 11974413.8365328 15194082.4139055 22244354.7006745 25906879.1161518 15074087.5500355 15202417.1149987 28297229.1511459 37663253.9840754 27726030.2779563 15943676.0459970 10434449.9889224 14537769.0194660 15164251.3765136 35638332.8517024 16408289.3277165 15975931.1356137 12579464.9182795
