34
0 57.6888 80 32 22.6274 50.5964 57.6888 101.193 71.5542 50.5964 202.386 260.461 204.9 208.614 252.982 266.293 243.705 214.663 240 237.857 215.258 248.902 249.928 416.308 336.381 386.988 401.278 384.333 384 400.32 400 368.348 352.363 353.452 
57.6888 0 45.2548 35.7771 35.7771 35.7771 22.6274 48 16 16 160.798 204.9 150.944 157.582 200.479 214.663 197.909 167.045 186.59 182.428 160 192.666 195.305 368.348 288.444 336.381 352 336.381 337.52 355.258 353.452 320.4 307.766 304 
80 45.2548 0 48 65.9697 80 67.8823 35.7771 35.7771 35.7771 192.666 214.663 167.045 178.885 217.624 232.964 224.571 192.666 202.386 193.329 172.325 200.479 208 336.381 256.5 307.766 321.596 304.421 304 320.4 320 288.444 272.47 273.876 
32 35.7771 48 0 22.6274 50.5964 48 71.5542 45.2548 22.6274 194.648 240 186.59 193.329 236.237 250.44 232.964 202.386 222.279 217.624 195.305 227.403 230.755 384.333 304.421 355.258 369.389 352.363 352 368.348 368 336.381 320.4 321.596 
22.6274 35.7771 65.9697 22.6274 0 32 35.7771 81.5843 50.5964 32 182.428 237.857 182.428 186.59 230.755 244.229 222.854 193.329 217.624 215.258 192.666 226.274 227.403 400 320 369.389 384.333 368 368.348 385.331 384.333 352 337.52 336.381 
50.5964 35.7771 80 50.5964 32 0 16 81.5843 50.5964 45.2548 151.789 215.258 158.392 160 204.9 217.624 193.329 164.73 192.666 192.666 170.082 204.9 203.647 401.278 321.596 368 384.333 369.389 371.117 389.297 386.988 353.452 342.041 336.381 
57.6888 22.6274 67.8823 48 35.7771 16 0 65.9697 35.7771 35.7771 147.513 203.647 147.513 150.944 195.305 208.614 187.275 157.582 182.428 181.019 158.392 192.666 192.666 385.331 305.68 352 368.348 353.452 355.258 373.524 371.117 337.52 326.337 320.4 
101.193 48 35.7771 71.5542 81.5843 81.5843 65.9697 0 32 50.5964 163.169 178.885 131.939 144.886 182.428 197.909 192 160 167.045 157.582 136.704 164.73 172.325 320.4 240.533 288.444 304 288.444 289.772 307.766 305.68 272.47 260.461 256 
71.5542 16 35.7771 45.2548 50.5964 50.5964 35.7771 32 0 22.6274 160 195.305 143.108 151.789 193.329 208 194.648 163.169 178.885 173.066 150.944 182.428 186.59 352.363 272.47 320.4 336 320.4 321.596 339.411 337.52 304.421 291.973 288 
50.5964 16 35.7771 22.6274 32 45.2548 35.7771 50.5964 22.6274 0 176.726 217.624 164.73 172.325 214.663 229.085 213.467 182.428 200.479 195.305 173.066 204.9 208.614 368 288 337.52 352.363 336 336.381 353.452 352.363 320 305.68 304.421 
202.386 160.798 192.666 194.648 182.428 151.789 147.513 163.169 160 176.726 0 112 71.5542 50.5964 81.5843 86.1626 45.2548 32 80 97.3242 86.1626 113.137 96 393.548 323.975 350.907 372.151 365.207 373.181 395.171 386.988 351.272 355.258 329.46 
260.461 204.9 214.663 240 237.857 215.258 203.647 178.885 195.305 217.624 112 0 57.6888 65.9697 35.7771 45.2548 86.1626 80 32 22.6274 45.2548 16 16 297.617 237.857 252.982 275.274 272.47 283.069 305.68 295.025 260.461 272.47 237.857 
204.9 150.944 167.045 186.59 182.428 158.392 147.513 131.939 143.108 164.73 71.5542 57.6888 0 22.6274 50.5964 65.9697 71.5542 45.2548 35.7771 35.7771 16 50.5964 45.2548 321.994 252.982 279.428 300.613 293.721 301.887 323.975 315.569 279.886 284.872 257.992 
208.614 157.582 178.885 193.329 186.59 160 150.944 144.886 151.789 172.325 50.5964 65.9697 22.6274 0 45.2548 57.6888 50.5964 22.6274 35.7771 48 35.7771 64 50.5964 343.535 275.274 300.613 321.994 315.569 323.975 346.133 337.52 301.887 307.35 279.886 
252.982 200.479 217.624 236.237 230.755 204.9 195.305 182.428 193.329 214.663 81.5843 35.7771 50.5964 45.2548 0 16 50.5964 50.5964 16 35.7771 48 45.2548 22.6274 332.938 271.529 288.444 310.664 307.35 317.591 340.165 329.848 295.025 305.68 272.47 
266.293 214.663 232.964 250.44 244.229 217.624 208.614 197.909 208 229.085 86.1626 45.2548 65.9697 57.6888 16 0 48 57.6888 32 50.5964 64 57.6888 35.7771 342.415 283.069 297.617 320 317.591 328.293 350.907 340.165 305.68 317.591 283.069 
243.705 197.909 224.571 232.964 222.854 193.329 187.275 192 194.648 213.467 45.2548 86.1626 71.5542 50.5964 50.5964 48 0 32 57.6888 80 80 93.2952 71.5542 381.66 317.591 337.52 359.555 355.258 364.856 387.319 377.614 342.415 350.907 320 
214.663 167.045 192.666 202.386 193.329 164.73 157.582 160 163.169 182.428 32 80 45.2548 22.6274 50.5964 57.6888 32 0 48 65.9697 57.6888 81.5843 64 365.207 297.617 321.994 343.535 337.52 346.133 368.348 359.555 323.975 329.848 301.887 
240 186.59 202.386 222.279 217.624 192.666 182.428 167.045 178.885 200.479 80 32 35.7771 35.7771 16 32 57.6888 48 0 22.6274 32 35.7771 16 323.975 260.461 279.886 301.887 297.617 307.35 329.848 320 284.872 294.156 262.42 
237.857 182.428 193.329 217.624 215.258 192.666 181.019 157.582 173.066 195.305 97.3242 22.6274 35.7771 48 35.7771 50.5964 80 65.9697 22.6274 0 22.6274 16 16 301.887 237.857 257.992 279.886 275.274 284.872 307.35 297.617 262.42 271.529 240 
215.258 160 172.325 195.305 192.666 170.082 158.392 136.704 150.944 173.066 86.1626 45.2548 16 35.7771 48 64 80 57.6888 32 22.6274 0 35.7771 35.7771 307.766 240 264.847 286.217 279.886 288.444 310.664 301.887 266.293 272.47 244.229 
248.902 192.666 200.479 227.403 226.274 204.9 192.666 164.73 182.428 204.9 113.137 16 50.5964 64 45.2548 57.6888 93.2952 81.5843 35.7771 16 35.7771 0 22.6274 288.444 226.274 244.229 266.293 262.42 272.47 295.025 284.872 249.928 260.461 227.403 
249.928 195.305 208 230.755 227.403 203.647 192.666 172.325 186.59 208.614 96 16 45.2548 50.5964 22.6274 35.7771 71.5542 64 16 16 35.7771 22.6274 0 310.664 248.902 266.293 288.444 284.872 295.025 317.591 307.35 272.47 283.069 249.928 
416.308 368.348 336.381 384.333 400 401.278 385.331 320.4 352.363 368 393.548 297.617 321.994 343.535 332.938 342.415 381.66 365.207 323.975 301.887 307.766 288.444 310.664 0 80 45.2548 22.6274 32 35.7771 35.7771 22.6274 48 71.5542 65.9697 
336.381 288.444 256.5 304.421 320 321.596 305.68 240.533 272.47 288 323.975 237.857 252.982 275.274 271.529 283.069 317.591 297.617 260.461 237.857 240 226.274 248.902 80 0 57.6888 65.9697 48 50.5964 71.5542 65.9697 32 35.7771 22.6274 
386.988 336.381 307.766 355.258 369.389 368 352 288.444 320.4 337.52 350.907 252.982 279.428 300.613 288.444 297.617 337.52 321.994 279.886 257.992 264.847 244.229 266.293 45.2548 57.6888 0 22.6274 32 48 65.9697 50.5964 35.7771 71.5542 35.7771 
401.278 352 321.596 369.389 384.333 384.333 368.348 304 336 352.363 372.151 275.274 300.613 321.994 310.664 320 359.555 343.535 301.887 279.886 286.217 266.293 288.444 22.6274 65.9697 22.6274 0 22.6274 35.7771 48 32 35.7771 67.8823 48 
384.333 336.381 304.421 352.363 368 369.389 353.452 288.444 320.4 336 365.207 272.47 293.721 315.569 307.35 317.591 355.258 337.52 297.617 275.274 279.886 262.42 284.872 32 48 32 22.6274 0 16 35.7771 22.6274 16 45.2548 35.7771 
384 337.52 304 352 368.348 371.117 355.258 289.772 321.596 336.381 373.181 283.069 301.887 323.975 317.591 328.293 364.856 346.133 307.35 284.872 288.444 272.47 295.025 35.7771 50.5964 48 35.7771 16 0 22.6274 16 22.6274 35.7771 45.2548 
400.32 355.258 320.4 368.348 385.331 389.297 373.524 307.766 339.411 353.452 395.171 305.68 323.975 346.133 340.165 350.907 387.319 368.348 329.848 307.35 310.664 295.025 317.591 35.7771 71.5542 65.9697 48 35.7771 22.6274 0 16 45.2548 48 67.8823 
400 353.452 320 368 384.333 386.988 371.117 305.68 337.52 352.363 386.988 295.025 315.569 337.52 329.848 340.165 377.614 359.555 320 297.617 301.887 284.872 307.35 22.6274 65.9697 50.5964 32 22.6274 16 16 0 35.7771 50.5964 57.6888 
368.348 320.4 288.444 336.381 352 353.452 337.52 272.47 304.421 320 351.272 260.461 279.886 301.887 295.025 305.68 342.415 323.975 284.872 262.42 266.293 249.928 272.47 48 32 35.7771 35.7771 16 22.6274 45.2548 35.7771 0 35.7771 22.6274 
352.363 307.766 272.47 320.4 337.52 342.041 326.337 260.461 291.973 305.68 355.258 272.47 284.872 307.35 305.68 317.591 350.907 329.848 294.156 271.529 272.47 260.461 283.069 71.5542 35.7771 71.5542 67.8823 45.2548 35.7771 48 50.5964 35.7771 0 48 
353.452 304 273.876 321.596 336.381 336.381 320.4 256 288 304.421 329.46 237.857 257.992 279.886 272.47 283.069 320 301.887 262.42 240 244.229 227.403 249.928 65.9697 22.6274 35.7771 48 35.7771 45.2548 67.8823 57.6888 22.6274 48 0 
