200
0 0.552429 0.984295 1.42944 0.979782 0.638591 0.577918 0.688509 1.0542 1.10019 1.14733 0.949002 0.786903 0.786701 0.580044 0.480178 0.891193 0.641097 0.431715 0.977297 0.349841 0.830197 0.293811 0.290256 1.35064 0.913417 1.07265 0.801068 0.687851 0.655252 1.07195 1.26203 0.772642 1.00055 0.990582 0.801231 1.05529 1.20112 0.946393 1.08548 0.634241 1.15931 0.485902 0.542925 0.745873 0.315523 0.520347 1.05205 0.841478 0.973123 0.716361 0.64051 0.969588 0.737967 0.351416 0.652296 0.625134 0.0972365 0.758505 0.79962 0.814953 0.911199 0.971638 0.817395 0.999453 0.604248 1.04526 1.1135 0.783574 0.652969 0.428538 1.09122 0.497915 0.876589 0.948713 0.592275 0.649275 0.618782 0.273458 0.816665 0.913493 0.826344 0.759606 0.836422 1.1851 0.764587 0.647103 1.19705 0.899352 0.904255 0.781874 0.619514 0.217111 0.870473 0.665605 0.992146 0.855338 0.785552 0.802524 0.941267 0.24211 0.688019 0.698814 1.04429 0.634058 0.393276 0.310112 0.544952 0.673601 0.579765 0.934372 1.22474 0.621412 1.07476 1.10604 0.813107 0.464559 0.858158 1.08884 0.907402 0.986835 0.330011 0.759013 0.402764 0.138435 0.463433 0.360531 1.05519 0.898067 0.490243 0.686784 0.197651 1.02323 0.288984 0.969781 0.652639 0.913367 0.146332 0.858679 0.800736 0.659611 0.918916 0.620679 1.02579 0.943115 0.927494 0.870927 1.3136 0.969755 0.991441 0.798185 1.03163 1.11838 1.16902 0.323657 0.901263 1.11803 0.951017 0.793558 0.670879 0.773651 0.343133 0.894496 1.12283 0.720225 0.891111 1.21305 0.493971 0.602258 0.813747 0.873613 0.475629 0.567431 0.651728 0.64921 0.912803 0.955095 0.97786 0.960257 1.11584 0.60489 0.966842 0.571085 1.08774 1.14149 0.991724 0.469381 0.302282 0.689093 1.02759 0.606802 0.86222 0.767997 0.760195 0.652999 0.79235 0.849331 0.622714 0.879235 0.449197 
0.552429 0 1.09956 1.40182 0.70806 0.696017 0.461488 0.778664 0.883346 0.96986 1.24769 0.937966 0.988471 0.942438 0.234127 0.469355 0.878265 0.659954 0.359316 0.725262 0.563604 0.373826 0.464512 0.399101 1.3166 0.472523 1.04762 0.935817 0.782347 0.720375 0.990146 1.27656 0.913102 1.04733 1.2346 1.07904 1.01387 1.17105 1.10964 1.11809 0.715699 0.870948 0.776694 0.404019 0.242815 0.525909 0.884962 1.05068 0.733346 1.0303 0.469508 0.644418 1.01201 0.696888 0.75565 0.563413 0.430443 0.562695 0.964633 0.88432 0.961367 1.03816 0.836079 1.05498 0.890322 0.793276 1.2126 0.839797 0.872076 0.849741 0.799652 1.13284 0.786446 1.03321 0.986729 0.991686 0.76226 0.918322 0.455275 0.861078 1.08952 0.848221 1.16225 0.725439 0.964019 0.598972 0.971629 1.005 0.499457 0.771451 0.396867 0.923364 0.502357 0.974456 0.741555 1.10433 0.475481 1.01945 1.14013 1.27537 0.633348 0.429526 0.662433 0.951663 0.189945 0.269659 0.575718 0.753381 0.86142 0.800369 0.581364 1.00755 0.674216 1.08631 0.899392 0.664751 0.827581 0.704763 1.3219 1.05582 0.772982 0.525365 1.06074 0.492195 0.440226 0.610354 0.457376 0.995867 0.910508 0.360803 0.450589 0.360147 1.20264 0.408403 0.980363 0.64894 0.951166 0.443412 1.10106 1.04614 0.786256 0.468171 0.679027 1.07348 0.821155 0.959014 0.675517 1.27076 1.11983 0.933371 0.590279 1.02286 1.14732 1.1403 0.782277 0.777923 1.03045 0.682048 0.903563 0.629433 0.551205 0.605655 0.981895 1.08314 0.480877 0.827453 1.29948 0.48663 0.943308 0.980353 0.973531 0.586209 0.796397 0.729276 0.396663 0.474413 0.93502 1.07186 1.16471 0.927537 0.413085 0.709799 0.909829 1.40975 1.11829 0.70505 0.945702 0.673092 0.530722 0.965164 1.02267 1.08355 0.856927 0.861703 0.727341 0.996759 1.11824 0.941862 0.675544 0.719624 
0.984295 1.09956 0 0.499782 0.695095 0.499503 0.924228 0.399924 0.53349 0.647012 0.255841 0.784325 0.263037 0.796703 0.887404 0.734783 0.914017 0.767521 0.75275 0.669563 0.684117 1.01871 1.08244 1.02667 0.454233 0.978375 0.485036 0.222343 0.463646 0.671385 0.372393 0.315882 0.541308 0.224089 0.439295 0.672899 0.635735 0.398171 0.0973567 0.190089 0.770263 0.840394 0.53702 0.700326 1.09774 0.917107 0.554859 0.303275 0.67084 0.220828 0.719911 0.607323 0.632584 0.684477 0.72263 0.633047 0.76896 0.887418 0.41574 0.905952 0.181617 0.728283 0.463552 0.280417 0.500006 0.411464 0.249008 0.871459 0.485228 0.732915 0.674489 0.196832 0.538895 0.61929 0.667637 0.602719 0.645905 0.57094 1.15257 0.866364 0.82204 0.305315 0.598178 0.693768 0.818678 0.579584 0.566136 0.793856 1.03578 0.48732 0.875071 0.457845 0.856799 0.684193 0.387879 0.444574 0.871437 0.33061 0.553966 0.544724 0.972113 0.734384 0.457532 0.493901 0.998137 0.871658 0.718112 0.781815 0.959711 0.53164 0.885368 0.726358 0.683804 0.225781 0.897128 0.632893 0.748213 0.686691 0.4066 0.22373 0.597427 0.752021 0.600991 0.758746 1.01764 1.07687 0.737306 0.58327 0.415722 0.777281 0.916864 0.961515 0.360334 1.03736 0.259775 0.453325 0.76298 0.967994 0.256553 0.55184 0.336244 0.997752 0.55757 0.322775 0.453092 0.925401 0.798497 0.420758 0.579269 0.470295 0.796251 0.347245 0.258888 0.311887 0.841178 0.512699 0.419695 0.781858 0.202215 0.691178 0.79034 1.02848 0.425692 0.35439 0.784451 0.712003 0.262161 0.628598 0.634721 0.891031 0.329765 0.610632 0.915281 0.398557 0.75061 0.98028 0.786188 0.343487 0.486407 0.890223 0.801129 0.687026 0.624583 0.628639 0.293016 0.847379 0.838902 0.884396 0.607577 0.421102 0.722456 0.720821 0.553082 0.407515 0.575225 0.67373 0.309475 0.704783 0.859021 0.554486 
1.42944 1.40182 0.499782 0 0.775161 0.849778 1.22018 0.807668 0.55519 0.660721 0.412919 0.964126 0.750833 1.10271 1.17171 1.10617 1.12932 1.06967 1.10888 0.761238 1.10335 1.21173 1.47548 1.41102 0.113806 1.1143 0.557609 0.682644 0.86282 1.04457 0.412585 0.202275 0.933752 0.46179 0.784311 1.04344 0.824286 0.311143 0.585049 0.350949 1.09116 0.807886 1.00089 1.02241 1.33466 1.31282 1.04872 0.48533 0.859401 0.491832 0.962467 0.962916 0.911191 0.939822 1.18851 0.949884 1.03805 1.33608 0.86561 1.18353 0.662387 0.984166 0.574813 0.752971 0.583365 0.874158 0.568295 0.882967 0.794613 1.09017 1.13601 0.398806 0.998876 0.908632 0.863029 1.0908 0.983336 1.04599 1.55385 1.12311 1.10147 0.618561 1.08055 0.884585 0.779979 0.81682 1.04883 0.749071 1.22019 0.640162 1.06983 0.937185 1.29029 1.02675 0.773336 0.677869 1.03422 0.812114 0.987909 0.951942 1.40391 0.982695 0.769654 0.617846 1.26877 1.22085 1.14638 1.15818 1.30223 0.986636 0.995914 0.621719 1.00611 0.358872 0.940616 0.871594 1.22373 0.854013 0.713472 0.614185 0.677301 1.15783 1.00705 1.15984 1.43463 1.44653 1.12502 0.749515 0.706888 1.10179 1.16011 1.36567 0.656703 1.42327 0.47957 0.800204 0.97716 1.38413 0.744917 0.926211 0.775038 1.13826 0.941226 0.504503 0.585369 1.14444 0.957081 0.146451 0.833042 0.657372 0.98783 0.471046 0.412373 0.267759 1.32425 0.664889 0.39534 0.878594 0.648132 1.02252 1.03476 1.43064 0.768266 0.419203 1.00746 0.970084 0.331915 0.997419 1.11534 1.19442 0.706909 0.998298 1.28777 0.786312 1.01768 1.11493 0.959663 0.593617 0.79709 0.932291 1.07743 0.768347 1.07268 0.968849 0.319719 0.926883 1.33513 1.31671 0.872073 0.504714 1.2149 1.04081 0.920883 0.754361 0.909099 1.07835 0.794116 1.12124 1.01871 1.02281 
0.979782 0.70806 0.695095 0.775161 0 0.551499 0.691705 0.568054 0.234085 0.503231 0.79569 0.771789 0.752966 0.931568 0.490038 0.593188 0.84739 0.6967 0.551345 0.0897359 0.716674 0.452374 0.961086 0.880735 0.701128 0.345205 0.60063 0.643468 0.607078 0.6806 0.391677 0.705254 0.75761 0.59967 0.990835 1.02114 0.651071 0.607913 0.761865 0.610512 0.76583 0.351475 0.788746 0.440953 0.587587 0.866134 0.903363 0.548801 0.494824 0.603956 0.296853 0.548736 0.754728 0.58395 0.92141 0.442313 0.456884 0.914846 0.789285 0.925608 0.663341 0.911394 0.23877 0.831852 0.38142 0.673027 0.852464 0.43721 0.661792 0.878891 0.910609 0.633333 0.794504 0.87673 0.76573 1.01035 0.724902 0.893596 1.01691 0.857295 1.02891 0.476106 1.11749 0.510881 0.496712 0.243256 0.938958 0.537066 0.501542 0.251354 0.321003 0.854036 0.830256 0.83114 0.528416 0.790375 0.269459 0.818494 1.04673 1.12202 1.00299 0.310338 0.387204 0.434809 0.55428 0.634675 0.765963 0.870018 1.0218 0.755617 0.314319 0.401613 0.665896 0.56692 0.600825 0.365321 0.961693 0.431743 1.02174 0.733138 0.107361 0.738778 0.994641 0.680688 0.927203 0.993833 0.657846 0.580412 0.547048 0.534096 0.579198 0.829232 0.887382 0.894881 0.515195 0.425621 0.812516 0.889671 0.858859 0.925115 0.582499 0.363226 0.579919 0.647039 0.264465 0.921671 0.487056 0.646162 0.895708 0.476674 0.463157 0.542706 0.637573 0.555305 1.02097 0.313649 0.432944 0.315078 0.591328 0.565636 0.429401 0.996937 0.685043 0.520283 0.408813 0.612423 0.808164 0.508173 0.961926 1.0141 0.657378 0.621017 0.986895 0.529158 0.356455 0.35384 0.762222 0.713708 0.931828 0.627467 0.499354 0.135046 0.937962 1.22121 0.545197 0.377973 1.12681 0.960855 0.299344 0.455031 1.09014 1.00627 0.68738 0.631673 0.631253 0.920627 0.904263 0.985593 0.543766 0.750975 
0.638591 0.696017 0.499503 0.849778 0.551499 0 0.427322 0.423191 0.507525 0.486131 0.58412 0.443684 0.480615 0.440013 0.525396 0.510265 0.502951 0.28412 0.391844 0.573593 0.28942 0.731581 0.631966 0.574581 0.754113 0.673636 0.434963 0.430898 0.497846 0.642548 0.509129 0.721567 0.667341 0.406975 0.556887 0.486096 0.826549 0.580852 0.514722 0.520205 0.305655 0.641611 0.300445 0.378056 0.763768 0.464075 0.459853 0.615034 0.290595 0.382165 0.478387 0.529234 0.820594 0.23407 0.435819 0.488172 0.323261 0.556692 0.58658 0.491474 0.412796 0.455118 0.456179 0.426899 0.385103 0.387076 0.535006 0.604102 0.195057 0.351658 0.398406 0.610507 0.292744 0.397914 0.397163 0.52324 0.212385 0.617654 0.719847 0.450358 0.544548 0.238337 0.667993 0.301018 0.618076 0.400793 0.636716 0.611806 0.826981 0.354048 0.564223 0.372494 0.57072 0.820975 0.135074 0.415856 0.613167 0.545704 0.540834 0.65356 0.570585 0.444536 0.193094 0.664037 0.654553 0.449207 0.333855 0.356243 0.539199 0.523749 0.557864 0.642578 0.202082 0.496776 0.588801 0.572849 0.670901 0.322648 0.642057 0.379337 0.520339 0.323082 0.460299 0.528961 0.619772 0.603368 0.307916 0.77564 0.593615 0.336114 0.444461 0.583977 0.509406 0.585604 0.370474 0.207737 0.426012 0.565811 0.527734 0.405727 0.260754 0.71467 0.496467 0.410193 0.391579 0.543087 0.401655 0.751295 0.455619 0.644947 0.373462 0.404984 0.658816 0.600773 0.668914 0.316231 0.515462 0.474382 0.329469 0.609154 0.651028 0.582855 0.652792 0.651966 0.362675 0.766997 0.658536 0.342777 0.664876 0.528712 0.57643 0.164684 0.491211 0.13375 0.45426 0.661706 0.445937 0.383706 0.481227 0.589149 0.340906 0.486128 0.397706 0.763004 0.613623 0.527387 0.74384 0.491425 0.311825 0.400593 0.735977 0.493096 0.646497 0.165733 0.116272 0.799924 0.556119 0.434179 0.445477 0.400688 
0.577918 0.461488 0.924228 1.22018 0.691705 0.427322 0 0.752086 0.760659 0.675832 0.991317 0.507051 0.874389 0.510361 0.430319 0.615303 0.421815 0.233906 0.409876 0.742177 0.396558 0.646687 0.382567 0.332036 1.11625 0.584922 0.737208 0.828447 0.800713 0.855326 0.84733 1.11747 0.96872 0.809618 0.925 0.713256 1.11515 0.93206 0.93925 0.922959 0.29133 0.705911 0.580325 0.45171 0.609749 0.305373 0.741891 0.987904 0.396849 0.78907 0.564983 0.745323 1.11502 0.314298 0.576726 0.667274 0.241532 0.553742 0.934879 0.428519 0.823552 0.610818 0.741071 0.83122 0.656365 0.721875 0.947433 0.616116 0.530477 0.455147 0.579601 1.01308 0.57342 0.636539 0.576987 0.79791 0.380734 0.907736 0.477758 0.403915 0.655624 0.639745 0.983797 0.378458 0.703953 0.596957 0.938285 0.722706 0.805913 0.622181 0.515972 0.709191 0.601171 1.09387 0.543273 0.758614 0.607348 0.925403 0.856611 0.998725 0.471528 0.498387 0.512798 0.969174 0.526167 0.312562 0.414858 0.37996 0.447035 0.806063 0.495911 0.81278 0.28979 0.889927 0.575174 0.772444 0.867881 0.407653 1.03221 0.797259 0.728314 0.336629 0.732334 0.626903 0.475047 0.32919 0.319847 1.07182 0.92457 0.258598 0.151995 0.475346 0.895109 0.341059 0.761227 0.527421 0.514815 0.438576 0.933987 0.699733 0.64663 0.638798 0.742442 0.78937 0.681618 0.499437 0.360026 1.11873 0.733652 0.958028 0.298865 0.766215 1.05292 0.974978 0.796939 0.571792 0.839302 0.496886 0.744792 0.788009 0.75743 0.388862 0.996686 1.01364 0.286962 0.990318 1.06932 0.497952 0.936253 0.540779 0.94345 0.359197 0.417205 0.535733 0.495079 0.559222 0.506503 0.764366 0.818596 0.588748 0.199441 0.612039 0.632596 1.10181 0.991674 0.504217 0.921376 0.456523 0.470667 0.722564 0.988515 0.680531 0.931901 0.56238 0.385872 1.07999 0.953155 0.611993 0.339572 0.656845 
0.688509 0.778664 0.399924 0.807668 0.568054 0.423191 0.752086 0 0.551526 0.75726 0.634437 0.854414 0.251919 0.833452 0.579906 0.350931 0.92567 0.688604 0.435622 0.522362 0.460334 0.723567 0.829755 0.765332 0.755933 0.757384 0.682724 0.189543 0.0846486 0.285647 0.491165 0.623216 0.25247 0.491297 0.693836 0.76762 0.447825 0.672136 0.389387 0.500662 0.709151 0.834328 0.405956 0.391469 0.777216 0.707102 0.422785 0.370619 0.655602 0.476377 0.43558 0.21551 0.403518 0.643052 0.55255 0.273125 0.576687 0.598444 0.231837 0.905277 0.241593 0.838802 0.435454 0.437351 0.580574 0.146094 0.593721 0.864051 0.556807 0.720691 0.549196 0.431751 0.42534 0.747546 0.784365 0.550579 0.617114 0.332506 0.871684 0.871413 0.920083 0.358981 0.615571 0.672837 0.880623 0.34989 0.374874 0.88406 0.719694 0.454356 0.622758 0.432839 0.511956 0.402729 0.300929 0.6763 0.626375 0.286385 0.664405 0.726534 0.758541 0.462244 0.314188 0.398491 0.671701 0.578224 0.49329 0.705309 0.911336 0.209925 0.748587 0.806427 0.61088 0.498829 0.926934 0.334707 0.452293 0.651582 0.719248 0.476868 0.506474 0.531354 0.687034 0.377249 0.721788 0.899315 0.488276 0.423367 0.226043 0.528553 0.751244 0.636423 0.655849 0.776823 0.454065 0.258301 0.837972 0.681705 0.398709 0.66904 0.192431 0.754667 0.158331 0.581899 0.447808 0.965004 0.74212 0.680127 0.768931 0.336058 0.697 0.559359 0.443168 0.557736 0.560723 0.510044 0.583329 0.710514 0.245071 0.305801 0.453601 0.829857 0.248186 0.452095 0.623148 0.400302 0.653332 0.299897 0.405612 0.920772 0.205053 0.433194 0.834248 0.295963 0.45701 0.769334 0.85538 0.590233 0.709544 0.935078 0.606121 0.602102 0.592405 0.865665 0.496699 0.78401 0.618247 0.70248 0.389397 0.568881 0.540069 0.828941 0.228708 0.472567 0.534481 0.407538 0.426212 0.699204 0.797975 0.280513 
1.0542 0.883346 0.53349 0.55519 0.234085 0.507525 0.760659 0.551526 0 0.360997 0.587696 0.688588 0.664251 0.861645 0.657915 0.698912 0.805986 0.690438 0.656563 0.254441 0.742659 0.676782 1.04731 0.972433 0.472447 0.560699 0.413223 0.553973 0.610409 0.745506 0.183437 0.500695 0.757157 0.408247 0.831162 0.917926 0.664269 0.376659 0.616408 0.407702 0.74554 0.349281 0.753582 0.554519 0.800407 0.917455 0.862896 0.430293 0.452874 0.420609 0.46094 0.617829 0.764979 0.555051 0.915133 0.541724 0.544316 0.975867 0.744046 0.883814 0.557287 0.8042 0.119303 0.707065 0.214825 0.644503 0.670001 0.434944 0.556309 0.825676 0.885289 0.470923 0.754891 0.75777 0.649752 0.949434 0.676397 0.877438 1.11844 0.812825 0.930838 0.351481 1.03271 0.476157 0.418658 0.338306 0.909437 0.432461 0.722425 0.157612 0.525243 0.780102 0.913531 0.85509 0.468568 0.622561 0.493251 0.739451 0.934812 0.986988 1.04554 0.469894 0.366547 0.401975 0.747119 0.749931 0.793123 0.848241 0.999369 0.757359 0.45247 0.274858 0.645391 0.360379 0.560979 0.470528 0.98552 0.409553 0.84517 0.574985 0.154081 0.776709 0.892398 0.773855 1.01925 1.04536 0.71446 0.581094 0.517411 0.628726 0.66689 0.935892 0.711361 0.986079 0.329667 0.417468 0.724777 0.973766 0.740112 0.810611 0.525241 0.590851 0.624438 0.453523 0.124056 0.862844 0.499503 0.435887 0.749991 0.450815 0.506496 0.341161 0.487828 0.341168 1.05319 0.214902 0.200957 0.364723 0.483858 0.662213 0.592036 1.0464 0.646921 0.383272 0.497849 0.688392 0.595017 0.582154 0.949394 0.951601 0.594621 0.628832 0.974773 0.47572 0.513607 0.560028 0.679737 0.538056 0.777709 0.574418 0.587418 0.216266 0.877454 1.06587 0.359233 0.427037 1.13057 0.982332 0.383398 0.256728 1.06982 0.899671 0.704042 0.524294 0.582327 0.927603 0.790834 0.921491 0.564903 0.752174 
1.10019 0.96986 0.647012 0.660721 0.503231 0.486131 0.675832 0.75726 0.360997 0 0.576691 0.396663 0.803152 0.645786 0.784845 0.885402 0.539308 0.546903 0.767666 0.566201 0.762536 0.864346 1.021 0.961054 0.548861 0.698623 0.212619 0.71822 0.834947 0.991949 0.423228 0.65503 0.999468 0.430683 0.743984 0.765858 0.995318 0.372847 0.72222 0.511092 0.591004 0.323499 0.771609 0.700887 0.953609 0.873226 0.914909 0.701767 0.28287 0.43687 0.676656 0.858775 1.06633 0.40164 0.913642 0.781459 0.552873 1.02742 0.934165 0.649775 0.692698 0.557775 0.436507 0.729821 0.186704 0.789463 0.647336 0.295649 0.426843 0.669344 0.865053 0.675469 0.760437 0.554191 0.378918 0.957333 0.542494 1.03568 1.11656 0.572099 0.687876 0.421154 1.06095 0.30006 0.193879 0.576198 1.05364 0.154225 0.970237 0.345614 0.682505 0.791563 1.02382 1.13076 0.526595 0.457733 0.693859 0.884795 0.872362 0.934204 1.01082 0.649048 0.480928 0.740293 0.893115 0.809236 0.807826 0.723859 0.813853 0.932863 0.490128 0.24679 0.527331 0.46554 0.284636 0.768726 1.12852 0.276915 0.785728 0.562777 0.476649 0.775717 0.78369 0.940112 1.05062 0.943621 0.743262 0.91539 0.802849 0.670663 0.59627 1.00591 0.623261 0.972561 0.389656 0.546866 0.451959 1.00027 0.825438 0.682532 0.638066 0.7615 0.848584 0.376879 0.363242 0.582978 0.344513 0.60517 0.542738 0.774005 0.409006 0.305733 0.721135 0.505499 1.14982 0.26707 0.325199 0.335402 0.603705 0.920433 0.867342 0.978886 0.908132 0.667432 0.491533 1.00242 0.629053 0.727875 1.09683 0.723313 0.830436 0.632668 0.828119 0.536481 0.689767 0.676389 0.384977 0.434057 0.637615 0.275771 0.580451 0.384402 0.819076 0.976673 0.581196 0.350843 1.21907 0.936408 0.535395 0.232621 1.18365 0.699714 0.962178 0.456266 0.485961 1.16166 0.870983 0.812439 0.391975 0.860868 
1.14733 1.24769 0.255841 0.412919 0.79569 0.58412 0.991317 0.634437 0.587696 0.576691 0 0.712309 0.496002 0.762197 1.03904 0.942586 0.867877 0.798586 0.917947 0.793101 0.820508 1.16854 1.19937 1.14887 0.351893 1.08573 0.377103 0.46633 0.706631 0.915357 0.432407 0.318937 0.796591 0.209324 0.371695 0.64754 0.861752 0.283708 0.310413 0.210606 0.793996 0.835258 0.67388 0.865938 1.25275 1.02078 0.718382 0.492813 0.673793 0.220064 0.881969 0.836415 0.879554 0.701816 0.85267 0.840425 0.86294 1.05265 0.66398 0.87592 0.415358 0.648615 0.567245 0.389103 0.494006 0.631955 0.162579 0.852766 0.482735 0.744095 0.788029 0.359447 0.665897 0.550999 0.581858 0.725827 0.672256 0.801451 1.28502 0.833183 0.7471 0.401276 0.719534 0.695999 0.761521 0.736576 0.788395 0.718568 1.21017 0.565564 1.0043 0.58224 1.04965 0.93932 0.519219 0.325056 1.00453 0.560886 0.584191 0.550024 1.08631 0.884199 0.5892 0.678296 1.15777 1.01512 0.854558 0.825145 0.965115 0.767605 0.945395 0.687814 0.725546 0.241321 0.842008 0.834222 0.968697 0.701213 0.315248 0.24515 0.701209 0.876379 0.607241 0.968513 1.16816 1.14806 0.872676 0.798781 0.65202 0.902058 0.979185 1.12776 0.246235 1.15897 0.29048 0.60898 0.693486 1.11487 0.432579 0.532681 0.524005 1.12017 0.790159 0.222275 0.533788 0.86223 0.808544 0.403455 0.470844 0.677628 0.832875 0.292597 0.423884 0.325728 1.03668 0.556235 0.407662 0.812671 0.400888 0.920906 0.990111 1.12175 0.677724 0.499016 0.860139 0.948066 0.105503 0.810682 0.85819 0.851771 0.583558 0.72735 0.948388 0.533253 0.908613 1.07967 0.714144 0.248853 0.395992 0.824988 0.892679 0.753278 0.698726 0.570042 0.38042 0.863959 1.02792 0.988848 0.743659 0.393047 0.923451 0.662506 0.805755 0.441896 0.620382 0.926695 0.475687 0.740402 0.86379 0.753056 
0.949002 0.937966 0.784325 0.964126 0.771789 0.443684 0.507051 0.854414 0.688588 0.396663 0.712309 0 0.863644 0.298438 0.818483 0.923522 0.174398 0.317419 0.756943 0.834018 0.643624 0.987956 0.817254 0.783554 0.851853 0.848972 0.406691 0.818351 0.93369 1.08189 0.723871 0.918408 1.10207 0.595074 0.66675 0.518171 1.2175 0.654233 0.819944 0.727776 0.320599 0.628655 0.664629 0.747323 1.01848 0.663319 0.82454 0.939951 0.284071 0.581267 0.812436 0.960329 1.23896 0.263498 0.744247 0.896838 0.538095 0.890728 1.00452 0.273685 0.781351 0.244062 0.71507 0.714804 0.483586 0.819625 0.697522 0.522134 0.329519 0.38018 0.689542 0.897338 0.64363 0.317835 0.13995 0.824313 0.3241 1.04042 0.928106 0.202028 0.344936 0.547488 0.962043 0.274067 0.492599 0.746031 1.04742 0.461455 1.12828 0.589611 0.806401 0.699105 0.952731 1.25669 0.555261 0.417533 0.861491 0.934078 0.722894 0.821234 0.784906 0.761787 0.577179 1.00267 0.937348 0.743368 0.671514 0.450565 0.461983 0.962123 0.644428 0.633208 0.335531 0.69727 0.364107 0.953221 1.08826 0.349293 0.763189 0.600055 0.761433 0.630762 0.581893 0.944674 0.896549 0.67119 0.643091 1.15176 0.989139 0.625549 0.509326 0.901885 0.607068 0.790804 0.58373 0.624046 0.0838346 0.846672 0.854947 0.494729 0.682183 0.91927 0.935094 0.508402 0.629302 0.189407 0.354146 0.916563 0.368776 1.00911 0.408293 0.521134 0.95613 0.791003 1.05082 0.494934 0.650688 0.521122 0.696367 1.0327 1.02232 0.728015 1.06177 0.94192 0.516918 1.17971 0.80466 0.75638 1.08054 0.351122 0.975468 0.538982 0.511173 0.560932 0.784653 0.818509 0.0159644 0.475409 0.520379 0.337571 0.537387 0.647065 0.627932 0.856521 0.856322 0.516864 1.11367 0.708325 0.647385 0.50752 1.12361 0.413017 1.08119 0.41659 0.351635 1.23733 0.882934 0.564536 0.351308 0.825185 
0.786903 0.988471 0.263037 0.750833 0.752966 0.480615 0.874389 0.251919 0.664251 0.803152 0.496002 0.863644 0 0.802605 0.800271 0.573747 0.954271 0.750095 0.630514 0.716067 0.54682 0.9649 0.941161 0.890509 0.708775 0.975437 0.665102 0.113554 0.29329 0.485707 0.544479 0.555144 0.345061 0.429851 0.504888 0.65633 0.583829 0.637619 0.196762 0.436503 0.746043 0.961806 0.385094 0.606244 1.01488 0.792536 0.344894 0.401263 0.734363 0.412091 0.669416 0.458019 0.514557 0.709416 0.549036 0.523938 0.736598 0.69076 0.18075 0.912125 0.114835 0.784767 0.563068 0.243254 0.642776 0.203808 0.415772 0.981361 0.535412 0.699382 0.520785 0.378087 0.397881 0.673141 0.761822 0.426341 0.630489 0.308946 0.994149 0.887687 0.853925 0.387228 0.426836 0.75275 0.963729 0.562473 0.303971 0.949547 0.970248 0.575414 0.845855 0.317524 0.652803 0.508207 0.357008 0.579835 0.854609 0.0821112 0.489988 0.512826 0.815043 0.686118 0.449306 0.535397 0.903423 0.75496 0.569891 0.715068 0.91274 0.292164 0.925176 0.892764 0.662949 0.457799 1.00798 0.574308 0.491196 0.751496 0.509376 0.342993 0.672583 0.623869 0.56017 0.572441 0.845088 0.974299 0.616055 0.561193 0.36134 0.696566 0.895831 0.789937 0.492041 0.900011 0.438441 0.408266 0.829735 0.800969 0.151926 0.553239 0.235548 0.983312 0.391508 0.515446 0.55879 0.969676 0.852202 0.654466 0.670734 0.476885 0.824729 0.539671 0.40888 0.540479 0.596909 0.608805 0.615792 0.852676 0.200983 0.54552 0.704588 0.898405 0.311006 0.490804 0.781776 0.603187 0.51767 0.503916 0.371689 0.889935 0.22781 0.520872 0.842394 0.358837 0.685161 0.981759 0.867842 0.499807 0.565314 1.00595 0.762089 0.762055 0.513445 0.647396 0.492559 0.922414 0.588042 0.738544 0.582222 0.593193 0.466424 0.738756 0.380734 0.447072 0.567185 0.451371 0.179486 0.626154 0.907191 0.339597 
0.786701 0.942438 0.796703 1.10271 0.931568 0.440013 0.510361 0.833452 0.861645 0.645786 0.762197 0.298438 0.802605 0 0.853885 0.890943 0.279792 0.299163 0.734263 0.976 0.528238 1.07954 0.683455 0.672276 0.999004 0.991009 0.583323 0.794771 0.90555 1.04516 0.860515 1.01413 1.05525 0.670909 0.567871 0.287776 1.25629 0.807348 0.796621 0.810322 0.228778 0.877813 0.517173 0.763688 1.07781 0.517561 0.658196 1.00354 0.466506 0.646599 0.884053 0.948539 1.23571 0.361088 0.54386 0.914504 0.604303 0.733033 0.936275 0.158688 0.754698 0.16247 0.849093 0.624869 0.667933 0.750738 0.68263 0.781012 0.337466 0.144171 0.484391 0.954146 0.491543 0.221369 0.290672 0.622325 0.234067 0.923727 0.794041 0.185645 0.148385 0.607512 0.77169 0.457135 0.769037 0.82777 0.91931 0.741158 1.21095 0.73041 0.911981 0.547416 0.837724 1.21885 0.549759 0.447892 0.980383 0.855266 0.530357 0.654114 0.587316 0.834105 0.628373 1.08768 0.975579 0.71057 0.535791 0.242025 0.229389 0.877421 0.827199 0.880969 0.300995 0.794099 0.646069 1.01054 0.945711 0.537828 0.693126 0.584982 0.912475 0.513042 0.369966 0.881552 0.76158 0.520138 0.56754 1.20548 1.01461 0.628236 0.591946 0.800468 0.574701 0.675793 0.677277 0.647431 0.221085 0.712932 0.773396 0.325838 0.64849 1.05051 0.908708 0.600012 0.76877 0.236333 0.552711 1.05 0.3292 1.07178 0.565455 0.651221 1.01585 0.911769 0.876565 0.652622 0.815937 0.727851 0.690104 1.028 1.07214 0.549082 1.05213 1.03366 0.630528 1.20035 0.864971 0.737577 0.945188 0.0969657 0.966068 0.471632 0.27464 0.551657 0.84119 0.965467 0.313537 0.521665 0.437104 0.625802 0.592135 0.827813 0.409128 0.702189 0.958276 0.739826 0.918357 0.500864 0.720901 0.670667 0.951771 0.197618 1.05265 0.411341 0.32741 1.15969 0.784154 0.308551 0.549102 0.713337 
0.580044 0.234127 0.887404 1.17171 0.490038 0.525396 0.430319 0.579906 0.657915 0.784845 1.03904 0.818483 0.800271 0.853885 0 0.323764 0.80085 0.566711 0.208775 0.501491 0.464144 0.268605 0.545893 0.464632 1.0895 0.339783 0.85332 0.733208 0.592185 0.564938 0.759749 1.04699 0.739825 0.835563 1.06926 0.966523 0.812511 0.952783 0.906546 0.895905 0.630032 0.695863 0.648203 0.194396 0.244164 0.525856 0.762557 0.822321 0.575341 0.821076 0.239154 0.46043 0.827045 0.561499 0.682456 0.359002 0.280859 0.55015 0.787608 0.8205 0.760248 0.920257 0.604187 0.879395 0.681867 0.618179 1.01809 0.685854 0.709342 0.759441 0.711379 0.906598 0.658979 0.898899 0.845374 0.879261 0.642825 0.779733 0.570219 0.782742 0.992992 0.638122 1.0358 0.574351 0.795791 0.365008 0.834183 0.834297 0.391459 0.548154 0.211567 0.78092 0.464994 0.812931 0.549635 0.929398 0.289435 0.840029 1.00753 1.1295 0.650222 0.196284 0.449926 0.72428 0.129479 0.215668 0.494171 0.684868 0.829707 0.646186 0.430153 0.80928 0.558164 0.863385 0.76789 0.4495 0.736951 0.539219 1.14359 0.863839 0.545163 0.451806 0.938994 0.381573 0.497971 0.656147 0.360951 0.784313 0.69565 0.228226 0.384468 0.39233 1.02172 0.478006 0.764342 0.439655 0.834575 0.477488 0.918682 0.910937 0.593917 0.338878 0.496897 0.871761 0.594225 0.881269 0.53991 1.03875 0.970524 0.710036 0.455295 0.812588 0.919755 0.910787 0.731247 0.567169 0.806824 0.511505 0.69867 0.457657 0.36646 0.642214 0.78124 0.850799 0.327724 0.647374 1.08332 0.302616 0.820145 0.911743 0.767643 0.449496 0.764895 0.538527 0.163173 0.346903 0.814467 0.882291 1.00593 0.795258 0.287209 0.501019 0.804429 1.26147 0.886586 0.55335 0.881831 0.654711 0.305028 0.753392 0.920836 0.973088 0.677369 0.68679 0.582631 0.850827 0.942911 0.850699 0.561447 0.583251 
0.480178 0.469355 0.734783 1.10617 0.593188 0.510265 0.615303 0.350931 0.698912 0.885402 0.942586 0.923522 0.573747 0.890943 0.323764 0 0.935026 0.665814 0.205738 0.561142 0.39051 0.497456 0.611088 0.540499 1.0418 0.605053 0.879584 0.53197 0.329923 0.262532 0.726317 0.941108 0.44457 0.766432 0.950281 0.903634 0.612129 0.930985 0.726888 0.804723 0.701716 0.873935 0.497751 0.213542 0.493562 0.559948 0.546929 0.674354 0.698994 0.748853 0.313369 0.196639 0.569836 0.66536 0.544726 0.18725 0.467615 0.422099 0.510035 0.912979 0.573107 0.950118 0.600069 0.71211 0.73478 0.380429 0.895849 0.884497 0.701087 0.765639 0.583291 0.761781 0.519245 0.891 0.903079 0.685207 0.666694 0.480627 0.620872 0.886521 1.0154 0.5802 0.809499 0.706019 0.956039 0.367297 0.541517 0.97906 0.506393 0.583219 0.457614 0.610543 0.276706 0.51905 0.466555 0.895393 0.488324 0.589719 0.860609 0.965334 0.619109 0.326662 0.42107 0.605227 0.381425 0.333667 0.412741 0.697844 0.886375 0.351077 0.674253 0.924698 0.618501 0.788415 0.957474 0.342701 0.440676 0.681661 1.00871 0.75378 0.594331 0.425885 0.841808 0.0948474 0.480168 0.748404 0.353815 0.607707 0.492686 0.363731 0.621573 0.360931 0.924923 0.552097 0.710452 0.367657 0.915498 0.457148 0.708113 0.836927 0.433151 0.586633 0.220955 0.831714 0.60732 0.994435 0.728088 0.969556 0.950362 0.557254 0.652763 0.79397 0.767996 0.842926 0.485323 0.627273 0.805774 0.70458 0.547941 0.207439 0.305995 0.678158 0.531722 0.735123 0.537448 0.435379 0.976016 0.169921 0.519802 0.959669 0.534992 0.419682 0.797008 0.453426 0.286615 0.621272 0.923426 0.832046 0.931558 0.976044 0.48227 0.634368 0.689682 1.11477 0.791596 0.766842 0.621982 0.610508 0.362875 0.76869 0.634537 0.952585 0.393884 0.644592 0.599768 0.533935 0.72318 0.778211 0.766017 0.343841 
0.891193 0.878265 0.914017 1.12932 0.84739 0.502951 0.421815 0.92567 0.805986 0.539308 0.867877 0.174398 0.954271 0.279792 0.80085 0.935026 0 0.275304 0.748756 0.912417 0.630807 0.985183 0.71637 0.693802 1.017 0.856638 0.572744 0.915325 0.998816 1.12387 0.859186 1.07263 1.16895 0.74112 0.778222 0.557907 1.30712 0.818338 0.939842 0.875844 0.272888 0.712912 0.692992 0.760324 0.990227 0.58378 0.857714 1.06217 0.359652 0.723995 0.845447 1.00581 1.31887 0.297458 0.730039 0.938733 0.529206 0.848287 1.07981 0.164267 0.883307 0.315062 0.824822 0.812567 0.616421 0.880096 0.835447 0.590583 0.434076 0.363739 0.686519 1.03226 0.672102 0.408471 0.295348 0.855778 0.342825 1.08768 0.828266 0.102629 0.361087 0.661464 1.01422 0.339563 0.598406 0.807473 1.09727 0.581328 1.14039 0.693213 0.816161 0.753231 0.928267 1.321 0.632107 0.564011 0.885661 1.01845 0.784797 0.902558 0.70694 0.786392 0.649812 1.10771 0.911804 0.701522 0.650191 0.401851 0.355331 1.00954 0.667997 0.757581 0.333317 0.84522 0.428149 1.01422 1.10369 0.417501 0.888207 0.726465 0.853989 0.59778 0.630454 0.947673 0.824477 0.546374 0.619251 1.24698 1.08191 0.603806 0.452785 0.847746 0.740871 0.699 0.723703 0.688813 0.185819 0.779638 0.953872 0.564983 0.75834 0.928062 0.983921 0.664215 0.74148 0.095956 0.381541 1.07277 0.488864 1.10896 0.416844 0.674762 1.08897 0.941231 1.04067 0.602547 0.797332 0.576015 0.799513 1.07238 1.05795 0.625914 1.1517 1.0713 0.519457 1.24251 0.962216 0.777608 1.11988 0.292954 1.07096 0.548582 0.421275 0.634027 0.80228 0.823373 0.178724 0.623044 0.633906 0.410468 0.514284 0.724864 0.64582 0.947332 0.99776 0.561571 1.11546 0.645238 0.693098 0.654399 1.15276 0.454391 1.14667 0.518173 0.397727 1.29425 0.976074 0.56626 0.351598 0.854639 
0.641097 0.659954 0.767521 1.06967 0.6967 0.28412 0.233906 0.688604 0.690438 0.546903 0.798586 0.317419 0.750095 0.299163 0.566711 0.665814 0.275304 0 0.481933 0.745334 0.361845 0.786512 0.509348 0.469679 0.963431 0.70274 0.558074 0.71214 0.754117 0.861654 0.738468 0.970602 0.923219 0.638267 0.708648 0.501128 1.08688 0.770839 0.781723 0.766474 0.0824287 0.682679 0.462178 0.506079 0.782538 0.354641 0.633536 0.890073 0.277848 0.615665 0.620835 0.749435 1.08285 0.148282 0.499721 0.688944 0.311826 0.589986 0.84941 0.260874 0.691554 0.382317 0.673323 0.655326 0.536382 0.639521 0.746956 0.590993 0.319361 0.253842 0.470258 0.883523 0.446643 0.402989 0.359365 0.663312 0.161812 0.841526 0.617569 0.22413 0.440079 0.499664 0.837731 0.262729 0.62983 0.594767 0.858849 0.627185 0.92747 0.546771 0.623756 0.557749 0.656039 1.0706 0.41857 0.537415 0.699387 0.807983 0.665183 0.800318 0.49372 0.562957 0.436216 0.919427 0.685776 0.445113 0.385861 0.229947 0.327312 0.755582 0.560626 0.73607 0.0878498 0.737912 0.509098 0.78613 0.842959 0.327875 0.819308 0.60659 0.701572 0.329951 0.530044 0.673559 0.580295 0.401529 0.344715 1.03646 0.865639 0.348998 0.301346 0.587841 0.679452 0.47766 0.607042 0.459185 0.303736 0.531071 0.778864 0.482441 0.536441 0.760857 0.727662 0.599535 0.599293 0.332683 0.325159 0.984636 0.500494 0.907725 0.303176 0.600043 0.933873 0.838781 0.784613 0.47769 0.714085 0.493659 0.610893 0.814794 0.820312 0.439571 0.928463 0.916441 0.344319 1.00009 0.886263 0.512936 0.873376 0.354593 0.856929 0.281814 0.312809 0.415587 0.569277 0.677647 0.321286 0.558716 0.592363 0.507696 0.295263 0.59977 0.473068 0.888633 0.869235 0.510383 0.87524 0.430607 0.472988 0.578679 0.91669 0.457585 0.899497 0.370565 0.194049 1.04179 0.79898 0.436707 0.323559 0.597974 
0.431715 0.359316 0.75275 1.10888 0.551345 0.391844 0.409876 0.435622 0.656563 0.767666 0.917947 0.756943 0.630514 0.734263 0.208775 0.205738 0.748756 0.481933 0 0.551135 0.272867 0.460136 0.465452 0.386686 1.02776 0.514848 0.784216 0.581966 0.453058 0.455372 0.711567 0.962128 0.60401 0.728086 0.90272 0.800714 0.761105 0.886044 0.754796 0.796991 0.525854 0.764225 0.448194 0.114327 0.440818 0.400252 0.555413 0.738871 0.541998 0.70829 0.289596 0.356987 0.740575 0.495295 0.482936 0.294224 0.281575 0.377515 0.622422 0.73344 0.605718 0.805786 0.58036 0.702615 0.646954 0.437671 0.871249 0.74688 0.585058 0.618875 0.513522 0.805211 0.46144 0.766878 0.758221 0.673106 0.515205 0.593937 0.501693 0.705876 0.869208 0.528609 0.83047 0.543639 0.828005 0.34949 0.643595 0.851594 0.542459 0.519629 0.371192 0.584384 0.301797 0.705368 0.403645 0.805685 0.436432 0.664405 0.816921 0.940374 0.502256 0.257092 0.350132 0.686548 0.315518 0.148962 0.303174 0.543323 0.716552 0.469394 0.54216 0.837227 0.449633 0.772751 0.795956 0.436106 0.551726 0.528642 0.980578 0.716796 0.568916 0.280379 0.760653 0.233531 0.38499 0.574062 0.189568 0.737391 0.603345 0.160603 0.422488 0.28277 0.873374 0.400159 0.669532 0.316467 0.753152 0.350533 0.742 0.745757 0.429997 0.521491 0.366132 0.767612 0.56135 0.8139 0.556686 0.980066 0.840102 0.654282 0.476538 0.730922 0.825566 0.8413 0.541561 0.534769 0.763541 0.569282 0.553006 0.388533 0.406264 0.527524 0.662611 0.786745 0.364552 0.606239 0.968781 0.136366 0.630409 0.796972 0.638407 0.282505 0.636123 0.39004 0.221175 0.518338 0.756558 0.760382 0.853185 0.814454 0.287291 0.551217 0.613653 1.07945 0.814082 0.622052 0.684314 0.491042 0.27517 0.696002 0.722317 0.827816 0.558243 0.550767 0.457375 0.707715 0.760156 0.674458 0.585419 0.380369 
0.977297 0.725262 0.669563 0.761238 0.0897359 0.573593 0.742177 0.522362 0.254441 0.566201 0.793101 0.834018 0.716067 0.976 0.501491 0.561142 0.912417 0.745334 0.551135 0 0.724293 0.457506 0.984631 0.903484 0.696682 0.39046 0.639813 0.605933 0.553147 0.619411 0.381237 0.678126 0.692645 0.602298 0.995529 1.04391 0.564498 0.620922 0.733429 0.597558 0.810771 0.43538 0.785511 0.437179 0.595819 0.890864 0.885878 0.492676 0.557631 0.606972 0.281987 0.493944 0.673531 0.637588 0.921879 0.395139 0.502016 0.910127 0.737444 0.980296 0.632482 0.956602 0.226133 0.819249 0.425079 0.639951 0.848242 0.524867 0.692577 0.913763 0.914016 0.592396 0.793887 0.91214 0.817324 0.9993 0.761454 0.848653 1.03449 0.914787 1.0728 0.480496 1.09665 0.574983 0.575913 0.220774 0.895902 0.612078 0.474399 0.277383 0.348407 0.846138 0.812985 0.755894 0.530476 0.816243 0.285757 0.777161 1.04741 1.11714 1.01854 0.314393 0.393129 0.35726 0.559875 0.650361 0.772821 0.902815 1.06593 0.711054 0.395183 0.463363 0.70695 0.558241 0.684416 0.294217 0.922769 0.499494 1.01942 0.732406 0.102157 0.753508 1.00827 0.650852 0.934414 1.03169 0.671084 0.494967 0.477258 0.559585 0.639473 0.829874 0.894936 0.917694 0.519076 0.420394 0.868823 0.898046 0.830491 0.943739 0.564058 0.391408 0.528731 0.664059 0.276708 0.983898 0.562356 0.624967 0.928309 0.399209 0.533255 0.562127 0.588778 0.539188 0.995412 0.357484 0.445882 0.400023 0.569933 0.505591 0.373312 1.02387 0.617 0.467846 0.467644 0.530749 0.797373 0.493454 0.918517 1.06112 0.598401 0.636826 1.02373 0.530711 0.355106 0.406663 0.825438 0.731589 0.949407 0.709416 0.545013 0.21775 0.945926 1.2215 0.512729 0.465384 1.09792 0.977002 0.311593 0.48435 1.05257 1.03966 0.619901 0.651647 0.664485 0.854819 0.875508 1.00419 0.620571 0.726991 
0.349841 0.563604 0.684117 1.10335 0.716674 0.28942 0.396558 0.460334 0.742659 0.762536 0.820508 0.643624 0.54682 0.528238 0.464144 0.39051 0.630807 0.361845 0.272867 0.724293 0 0.723813 0.400654 0.350397 1.01731 0.738057 0.723031 0.535995 0.499614 0.568569 0.751576 0.949714 0.641811 0.662933 0.705781 0.553423 0.884932 0.857861 0.66438 0.759925 0.36286 0.864372 0.222623 0.344889 0.699943 0.250992 0.358382 0.779749 0.520372 0.635598 0.51813 0.493177 0.834114 0.422396 0.228909 0.479391 0.37673 0.268827 0.585305 0.56401 0.536648 0.617459 0.668869 0.539354 0.661096 0.378663 0.734355 0.8205 0.441015 0.392467 0.24812 0.799699 0.22835 0.570457 0.624379 0.441747 0.335023 0.524118 0.470452 0.557525 0.65549 0.488963 0.62274 0.520075 0.868489 0.510424 0.549639 0.872453 0.812578 0.586807 0.605016 0.373413 0.317682 0.782243 0.330116 0.657043 0.673146 0.577451 0.578917 0.717844 0.318411 0.482876 0.379601 0.800449 0.575863 0.295925 0.0507053 0.314624 0.508707 0.445719 0.693136 0.902539 0.310897 0.745125 0.807505 0.622728 0.487949 0.544341 0.803344 0.585523 0.706434 0.078149 0.512719 0.361018 0.348216 0.443787 0.11274 0.859431 0.677796 0.277737 0.480616 0.329725 0.709441 0.35959 0.631552 0.344118 0.611282 0.294491 0.612025 0.517926 0.362159 0.762469 0.459826 0.680709 0.62586 0.669499 0.582638 0.994697 0.65495 0.759585 0.522511 0.68535 0.837333 0.845791 0.431105 0.572065 0.783403 0.666222 0.490154 0.559623 0.644296 0.37139 0.702627 0.83953 0.464858 0.767288 0.891297 0.280827 0.545416 0.587365 0.651476 0.129958 0.414999 0.317241 0.46288 0.731594 0.64885 0.637413 0.656507 0.813094 0.370139 0.680992 0.351128 0.855385 0.83397 0.713933 0.539875 0.262266 0.418779 0.683349 0.592391 0.597985 0.629346 0.415007 0.314017 0.728154 0.618908 0.409115 0.605662 0.273986 
0.830197 0.373826 1.01871 1.21173 0.452374 0.731581 0.646687 0.723567 0.676782 0.864346 1.16854 0.987956 0.9649 1.07954 0.268605 0.497456 0.985183 0.786512 0.460136 0.457506 0.723813 0 0.794189 0.716073 1.13958 0.214885 0.970194 0.880407 0.724957 0.672105 0.810683 1.11037 0.853945 0.962287 1.26705 1.20192 0.812373 1.03122 1.05411 0.995467 0.859215 0.676914 0.888251 0.402272 0.157899 0.790246 0.994288 0.879458 0.72028 0.955433 0.301121 0.574855 0.870295 0.748937 0.942366 0.462611 0.47609 0.805301 0.937802 1.03642 0.914819 1.12553 0.643574 1.07252 0.765953 0.803484 1.17925 0.704387 0.903156 0.999401 0.968216 0.987653 0.899994 1.10677 1.02056 1.11883 0.868712 0.962488 0.805856 0.987394 1.21283 0.782668 1.25988 0.722037 0.827983 0.440156 1.02232 0.880325 0.184983 0.62356 0.187498 1.00748 0.695616 0.887512 0.738048 1.10179 0.184892 1.00687 1.23718 1.34666 0.916616 0.299018 0.608465 0.727743 0.20583 0.482131 0.75718 0.93601 1.07286 0.821501 0.42629 0.810844 0.781955 0.958416 0.8406 0.467094 0.937378 0.663159 1.32563 1.03401 0.537319 0.71737 1.17449 0.575766 0.748357 0.902978 0.624837 0.78313 0.763527 0.4797 0.553182 0.637019 1.19896 0.728594 0.881372 0.610418 1.02079 0.735354 1.09517 1.13464 0.776297 0.152536 0.633051 1.00744 0.658931 1.07318 0.657524 1.07462 1.16512 0.733984 0.58722 0.924741 0.98636 0.971655 0.960164 0.662292 0.863429 0.554419 0.854838 0.538692 0.345978 0.902167 0.870692 0.886265 0.472566 0.655149 1.19508 0.512053 1.01075 1.14059 0.875034 0.692826 1.01829 0.729703 0.294195 0.248104 0.980494 1.04214 1.2051 0.875461 0.492285 0.507038 1.05335 1.47405 0.941616 0.587946 1.10895 0.923208 0.442138 0.847473 1.12938 1.19943 0.776336 0.87853 0.797698 0.971025 1.12608 1.10197 0.680974 0.80299 
