50
0 0.511945 0.457574 0.510812 0.354248 0.45953 0.681042 0.442077 0.667155 0.820946 0.708076 0.51921 0.926433 0.713537 0.23177 0.499623 0.715551 0.720625 1.10188 0.509614 0.931288 0.971912 0.241281 0.186085 0.711753 0.476034 1.12378 0.252142 0.601832 0.593671 0.615595 0.918226 0.524273 0.62396 0.674726 0.296141 0.694608 0.300964 0.989409 0.900191 0.367412 0.906515 0.444418 0.860278 0.634972 0.657365 0.857858 0.832349 0.572181 1.07029 
0.511945 0 0.107937 0.159938 0.588438 0.748836 0.90338 0.629942 0.568918 0.367085 1.02324 0.507781 0.745473 0.836257 0.642646 0.349133 0.741803 1.0229 0.864057 0.602586 0.705695 0.874094 0.511793 0.354782 0.577302 0.472233 1.05082 0.615316 0.953523 0.549354 0.684063 0.862864 0.497935 0.171661 0.821874 0.501777 0.705512 0.794483 0.736696 0.819039 0.7117 0.422899 0.571099 0.911329 0.420168 0.565065 0.945026 0.840813 0.610753 0.879241 
0.457574 0.107937 0 0.239949 0.515548 0.682823 0.803686 0.612738 0.494138 0.370013 0.949389 0.522797 0.732183 0.783027 0.596625 0.273524 0.722444 0.94378 0.864492 0.637123 0.654767 0.795143 0.499282 0.297564 0.494753 0.484887 0.975729 0.536009 0.863211 0.446792 0.620414 0.769773 0.457979 0.172876 0.716509 0.422722 0.603596 0.729594 0.695756 0.816264 0.626321 0.460119 0.588056 0.811528 0.33383 0.482325 0.847931 0.842997 0.622639 0.829618 
0.510812 0.159938 0.239949 0 0.590369 0.731046 0.961592 0.541845 0.629809 0.491151 1.01406 0.389799 0.722033 0.81047 0.600951 0.41212 0.673232 1.02506 0.839056 0.466194 0.77457 0.959417 0.436007 0.393072 0.669816 0.357308 1.12193 0.629869 0.979743 0.660472 0.685714 0.972296 0.472983 0.294896 0.908178 0.520256 0.839714 0.807577 0.798185 0.747383 0.733032 0.534709 0.446898 1.00451 0.568515 0.713758 1.02064 0.741537 0.491546 0.934446 
0.354248 0.588438 0.515548 0.590369 0 0.172311 0.438445 0.344668 0.412178 0.802134 0.436676 0.457441 0.659973 0.374903 0.282357 0.354146 0.455119 0.440125 0.848109 0.635867 0.68999 0.705737 0.406565 0.424291 0.50301 0.434186 0.824041 0.161322 0.403986 0.459316 0.272958 0.707865 0.281564 0.620172 0.48374 0.103412 0.66673 0.526842 0.749194 0.647068 0.187908 0.950937 0.514335 0.626178 0.615262 0.732597 0.586289 0.622533 0.487553 0.790276 
0.45953 0.748836 0.682823 0.731046 0.172311 0 0.445266 0.344875 0.523985 0.964893 0.285937 0.514398 0.704567 0.303485 0.303461 0.510927 0.434041 0.309385 0.892914 0.684736 0.789315 0.780083 0.477997 0.571098 0.628678 0.502619 0.863892 0.252039 0.339473 0.601681 0.296887 0.799773 0.372319 0.783183 0.55149 0.273404 0.800108 0.567255 0.845004 0.64275 0.219075 1.1171 0.557413 0.68768 0.780719 0.891211 0.618796 0.58956 0.509594 0.858171 
0.681042 0.90338 0.803686 0.961592 0.438445 0.445266 0 0.76616 0.501958 0.987348 0.425148 0.884275 0.86213 0.543739 0.655987 0.600052 0.76656 0.360776 1.03399 1.07055 0.723755 0.557249 0.82196 0.731028 0.523953 0.864763 0.633814 0.444922 0.25606 0.45622 0.458856 0.494261 0.624893 0.876371 0.189527 0.468031 0.560523 0.699018 0.798413 0.923801 0.34165 1.16079 0.950889 0.321724 0.702498 0.765868 0.259677 0.95555 0.908777 0.772855 
0.442077 0.629942 0.612738 0.541845 0.344668 0.344875 0.76616 0 0.642828 0.918698 0.593753 0.217569 0.67004 0.453473 0.27613 0.534163 0.345145 0.636225 0.838165 0.369497 0.873839 0.970985 0.280356 0.531239 0.757813 0.214892 1.07217 0.420615 0.672238 0.75572 0.454328 1.01668 0.339304 0.710352 0.82752 0.382751 0.975204 0.654026 0.909365 0.535048 0.484054 1.03332 0.238644 0.953232 0.845011 0.979021 0.90318 0.409391 0.190388 0.965683 
0.667155 0.568918 0.494138 0.629809 0.412178 0.523985 0.501958 0.642828 0 0.569123 0.688536 0.628545 0.453208 0.47065 0.677213 0.228946 0.540198 0.659486 0.608256 0.892844 0.282654 0.350635 0.719609 0.618199 0.140965 0.615323 0.501 0.524471 0.654781 0.285172 0.287954 0.419722 0.322567 0.479566 0.448714 0.393727 0.570495 0.871761 0.350231 0.614279 0.521687 0.762488 0.783005 0.440207 0.441117 0.658678 0.439009 0.72249 0.684276 0.406116 
0.820946 0.367085 0.370013 0.491151 0.802134 0.964893 0.987348 0.918698 0.569123 0 1.20179 0.789012 0.752625 0.97644 0.947475 0.456359 0.91369 1.18291 0.818793 0.951819 0.556787 0.751443 0.857834 0.656988 0.512496 0.76507 0.9308 0.853069 1.12061 0.547709 0.801506 0.748267 0.669063 0.216427 0.861103 0.721239 0.682203 1.0754 0.571135 0.931107 0.916664 0.200216 0.908645 0.86892 0.354152 0.554045 0.93269 1.03 0.88636 0.733764 
0.708076 1.02324 0.949389 1.01406 0.436676 0.285937 0.425148 0.593753 0.688536 1.20179 0 0.77575 0.851812 0.374281 0.546844 0.748133 0.598621 0.0748673 1.02926 0.942608 0.923891 0.840195 0.746591 0.832201 0.784663 0.771767 0.868826 0.478684 0.272825 0.766593 0.450084 0.864295 0.613246 1.03916 0.599902 0.532105 0.934122 0.72008 0.980317 0.784502 0.385286 1.36827 0.817073 0.708325 0.98792 1.08234 0.605756 0.740387 0.750551 0.945233 
0.51921 0.507781 0.522797 0.389799 0.457441 0.514398 0.884275 0.217569 0.628545 0.789012 0.77575 0 0.586058 0.550506 0.437954 0.487618 0.357823 0.808813 0.730278 0.317782 0.813503 0.971714 0.333274 0.536787 0.736402 0.0473319 1.08537 0.548273 0.839993 0.76305 0.513583 1.03367 0.317889 0.586363 0.909469 0.458896 0.998217 0.787197 0.83533 0.475401 0.627651 0.887024 0.21847 1.0098 0.798254 0.961903 0.976388 0.387383 0.103232 0.919803 
0.926433 0.745473 0.732183 0.722033 0.659973 0.704567 0.86213 0.67004 0.453208 0.752625 0.851812 0.586058 0 0.484788 0.859427 0.528441 0.384205 0.851391 0.189472 0.901683 0.430121 0.636962 0.854208 0.896866 0.561385 0.60629 0.680379 0.81628 0.951762 0.731458 0.440895 0.809739 0.405049 0.668614 0.87213 0.680139 1.01779 1.17338 0.408793 0.272824 0.826429 0.918555 0.801553 0.835061 0.816764 1.0621 0.793516 0.475248 0.603815 0.439264 
0.713537 0.836257 0.783027 0.81047 0.374903 0.303485 0.543739 0.453473 0.47065 0.97644 0.374281 0.550506 0.484788 0 0.566284 0.548083 0.26846 0.387432 0.659924 0.814649 0.659262 0.678468 0.679448 0.778743 0.603918 0.560697 0.711359 0.520049 0.536715 0.67384 0.190503 0.781193 0.344363 0.823669 0.649271 0.461272 0.927593 0.866491 0.696253 0.423079 0.482586 1.14985 0.683617 0.692739 0.861475 1.03512 0.601486 0.440439 0.529332 0.674149 
0.23177 0.642646 0.596625 0.600951 0.282357 0.303461 0.655987 0.27613 0.677213 0.947475 0.546844 0.437954 0.859427 0.566284 0 0.554077 0.571728 0.578945 1.04104 0.463304 0.948551 0.985388 0.219572 0.392718 0.760229 0.408636 1.10617 0.234017 0.522541 0.68514 0.526886 0.970759 0.465292 0.740197 0.710245 0.297273 0.837386 0.379149 1.00216 0.777015 0.317911 1.05519 0.36351 0.885088 0.782946 0.84811 0.848867 0.675126 0.450732 1.05832 
0.499623 0.349133 0.273524 0.41212 0.354146 0.510927 0.600052 0.534163 0.228946 0.456359 0.748133 0.487618 0.528441 0.548083 0.554077 0 0.540425 0.734464 0.685323 0.710789 0.442851 0.561968 0.541992 0.417993 0.274949 0.462262 0.726891 0.439197 0.693316 0.297717 0.369033 0.578167 0.260946 0.299572 0.536322 0.290498 0.557964 0.749461 0.495523 0.638571 0.488761 0.623195 0.616504 0.600499 0.348998 0.559938 0.614333 0.700569 0.566675 0.599173 
0.715551 0.741803 0.722444 0.673232 0.455119 0.434041 0.76656 0.345145 0.540198 0.91369 0.598621 0.357823 0.384205 0.26846 0.571728 0.540425 0 0.628139 0.545255 0.648995 0.69441 0.814434 0.600129 0.758972 0.679489 0.385897 0.869424 0.604963 0.748165 0.766466 0.326609 0.93172 0.282525 0.747517 0.836287 0.513961 1.03848 0.931556 0.711062 0.216666 0.619727 1.06368 0.530674 0.884875 0.888554 1.085 0.816138 0.195623 0.322258 0.733055 
0.720625 1.0229 0.94378 1.02506 0.440125 0.309385 0.360776 0.636225 0.659486 1.18291 0.0748673 0.808813 0.851391 0.387432 0.578945 0.734464 0.628139 0 1.02815 0.985013 0.890702 0.787592 0.777972 0.834734 0.747246 0.802837 0.81435 0.480122 0.234569 0.727171 0.441774 0.804867 0.620519 1.02932 0.540963 0.529904 0.887274 0.72956 0.949842 0.807678 0.376114 1.35344 0.858465 0.643268 0.957169 1.04883 0.539055 0.781551 0.791218 0.909558 
1.10188 0.864057 0.864492 0.839056 0.848109 0.892914 1.03399 0.838165 0.608256 0.818793 1.02926 0.730278 0.189472 0.659924 1.04104 0.685323 0.545255 1.02815 0 1.03667 0.503884 0.734106 1.01923 1.05908 0.695042 0.754263 0.754515 1.00304 1.136 0.880231 0.627531 0.924524 0.586824 0.772499 1.03493 0.863635 1.16017 1.35728 0.454007 0.377377 1.0148 0.970892 0.948655 0.972932 0.940226 1.19435 0.937572 0.589502 0.746106 0.478557 
0.509614 0.602586 0.637123 0.466194 0.635867 0.684736 1.07055 0.369497 0.892844 0.951819 0.942608 0.317782 0.901683 0.814649 0.463304 0.710789 0.648995 0.985013 1.03667 0 1.09776 1.24248 0.275953 0.550889 0.980735 0.302831 1.37173 0.652126 0.974761 0.954453 0.784868 1.26688 0.603687 0.743159 1.09314 0.620894 1.13305 0.735906 1.12478 0.774215 0.754271 0.99724 0.132234 1.23397 0.950725 1.05114 1.20957 0.637774 0.332815 1.22092 
0.931288 0.705695 0.654767 0.77457 0.68999 0.789315 0.723755 0.873839 0.282654 0.556787 0.923891 0.813503 0.430121 0.659262 0.948551 0.442851 0.69441 0.890702 0.503884 1.09776 0 0.291067 0.964602 0.854304 0.269427 0.808748 0.411703 0.806537 0.911088 0.472994 0.513399 0.446423 0.534729 0.563977 0.650782 0.671259 0.716202 1.1479 0.0800743 0.680561 0.802209 0.752955 0.997763 0.549771 0.550824 0.792133 0.567423 0.849134 0.869544 0.184247 
0.971912 0.874094 0.795143 0.959417 0.705737 0.780083 0.557249 0.970985 0.350635 0.751443 0.840195 0.971714 0.636962 0.678468 0.985388 0.561968 0.814434 0.787592 0.734106 1.24248 0.291067 0 1.05795 0.922445 0.300944 0.962033 0.198707 0.796471 0.78986 0.439843 0.543144 0.223611 0.658184 0.749921 0.480654 0.700043 0.62327 1.1221 0.35134 0.848074 0.754127 0.947882 1.12992 0.308772 0.607032 0.788501 0.333574 0.994826 1.01854 0.294164 
0.241281 0.511793 0.499282 0.436007 0.406565 0.477997 0.82196 0.280356 0.719609 0.857834 0.746591 0.333274 0.854208 0.679448 0.219572 0.541992 0.600129 0.777972 1.01923 0.275953 0.964602 1.05795 0 0.327347 0.796263 0.294342 1.19578 0.386766 0.726875 0.73318 0.619171 1.05122 0.475302 0.64264 0.840581 0.380626 0.891164 0.48595 1.00847 0.773369 0.496107 0.934295 0.205505 1.00149 0.762788 0.839108 0.981774 0.669037 0.373744 1.09414 
0.186085 0.354782 0.297564 0.393072 0.424291 0.571098 0.731028 0.531239 0.618199 0.656988 0.832201 0.536787 0.896866 0.778743 0.392718 0.417993 0.758972 0.834734 1.05908 0.550889 0.854304 0.922445 0.327347 0 0.637389 0.490076 1.09348 0.359144 0.713358 0.516968 0.645374 0.861385 0.521825 0.469964 0.678201 0.332631 0.610516 0.441652 0.90953 0.914746 0.470406 0.728726 0.501601 0.841899 0.491265 0.519481 0.862824 0.880303 0.615573 1.01273 
0.711753 0.577302 0.494753 0.669816 0.50301 0.628678 0.523953 0.757813 0.140965 0.512496 0.784663 0.736402 0.561385 0.603918 0.760229 0.274949 0.679489 0.747246 0.695042 0.980735 0.269427 0.300944 0.796263 0.637389 0 0.717997 0.486285 0.585049 0.709072 0.205535 0.420266 0.320015 0.446623 0.465968 0.420752 0.464571 0.470289 0.903135 0.346153 0.746288 0.582824 0.70748 0.878836 0.388749 0.348346 0.565161 0.428064 0.859312 0.801795 0.415829 
0.476034 0.472233 0.484887 0.357308 0.434186 0.502619 0.864763 0.214892 0.615323 0.76507 0.771767 0.0473319 0.60629 0.560697 0.408636 0.462262 0.385897 0.802837 0.754263 0.302831 0.808748 0.962033 0.294342 0.490076 0.717997 0 1.08233 0.516419 0.821014 0.734085 0.511346 1.01439 0.312011 0.558278 0.88437 0.427778 0.962476 0.748861 0.833918 0.511354 0.601305 0.861132 0.201235 0.990931 0.764395 0.921398 0.961676 0.42993 0.141532 0.922098 
1.12378 1.05082 0.975729 1.12193 0.824041 0.863892 0.633814 1.07217 0.501 0.9308 0.868826 1.08537 0.680379 0.711359 1.10617 0.726891 0.869424 0.81435 0.754515 1.37173 0.411703 0.198707 1.19578 1.09348 0.486285 1.08233 0 0.925873 0.858814 0.62652 0.621821 0.377622 0.771318 0.928396 0.602414 0.838786 0.80147 1.26058 0.445871 0.88185 0.867372 1.12802 1.2528 0.409822 0.805219 0.982802 0.390517 1.0403 1.11764 0.314126 
0.252142 0.615316 0.536009 0.629869 0.161322 0.252039 0.444922 0.420615 0.524471 0.853069 0.478684 0.548273 0.81628 0.520049 0.234017 0.439197 0.604963 0.480122 1.00304 0.652126 0.806537 0.796471 0.386766 0.359144 0.585049 0.516419 0.925873 0 0.368072 0.483666 0.42691 0.754975 0.427753 0.670607 0.478742 0.154187 0.625414 0.370435 0.871388 0.802253 0.119662 0.984663 0.546123 0.662711 0.623703 0.682981 0.637362 0.759068 0.582572 0.918018 
0.601832 0.953523 0.863211 0.979743 0.403986 0.339473 0.25606 0.672238 0.654781 1.12061 0.272825 0.839993 0.951762 0.536715 0.522541 0.693316 0.748165 0.234569 1.136 0.974761 0.911088 0.78986 0.726875 0.713358 0.709072 0.821014 0.858814 0.368072 0 0.626022 0.51197 0.742639 0.653804 0.97034 0.411531 0.460698 0.724048 0.556216 0.981249 0.940635 0.251413 1.27866 0.858262 0.57714 0.846307 0.887127 0.508002 0.913887 0.845143 0.965455 
0.593671 0.549354 0.446792 0.660472 0.459316 0.601681 0.45622 0.75572 0.285172 0.547709 0.766593 0.76305 0.731458 0.67384 0.68514 0.297717 0.766466 0.727171 0.880231 0.954453 0.472994 0.439843 0.73318 0.516968 0.205535 0.734085 0.62652 0.483666 0.626022 0 0.488961 0.346546 0.506718 0.477828 0.313993 0.397333 0.287986 0.748994 0.548749 0.875905 0.487586 0.717016 0.859068 0.373915 0.253344 0.399945 0.436651 0.949222 0.833809 0.616232 
0.615595 0.684063 0.620414 0.685714 0.272958 0.296887 0.458856 0.454328 0.287954 0.801506 0.450084 0.513583 0.440895 0.190503 0.526886 0.369033 0.326609 0.441774 0.627531 0.784868 0.513399 0.543144 0.619171 0.645374 0.420266 0.511346 0.621821 0.42691 0.51197 0.488961 0 0.626782 0.225954 0.656157 0.515483 0.33035 0.7536 0.795969 0.562017 0.469305 0.403441 0.979318 0.656908 0.561502 0.67228 0.853352 0.495911 0.522169 0.529244 0.568045 
0.918226 0.862864 0.769773 0.972296 0.707865 0.799773 0.494261 1.01668 0.419722 0.748267 0.864295 1.03367 0.809739 0.781193 0.970759 0.578167 0.93172 0.804867 0.924524 1.26688 0.446423 0.223611 1.05122 0.861385 0.320015 1.01439 0.377622 0.754975 0.742639 0.346546 0.626782 0 0.730624 0.751108 0.357154 0.683502 0.436043 1.03073 0.517486 1.00247 0.711923 0.930573 1.15998 0.191316 0.516741 0.636914 0.296735 1.12163 1.0902 0.505472 
0.524273 0.497935 0.457979 0.472983 0.281564 0.372319 0.624893 0.339304 0.322567 0.669063 0.613246 0.317889 0.405049 0.344363 0.465292 0.260946 0.282525 0.620519 0.586824 0.603687 0.534729 0.658184 0.475302 0.521825 0.446623 0.312011 0.771318 0.427753 0.653804 0.506718 0.225954 0.730624 0 0.494461 0.639872 0.291681 0.776114 0.771723 0.571328 0.41593 0.466268 0.825247 0.48613 0.706974 0.609089 0.804357 0.672086 0.447946 0.362888 0.635862 
0.62396 0.171661 0.172876 0.294896 0.620172 0.783183 0.876371 0.710352 0.479566 0.216427 1.03916 0.586363 0.668614 0.823669 0.740197 0.299572 0.747517 1.02932 0.772499 0.743159 0.563977 0.749921 0.64264 0.469964 0.465968 0.558278 0.928396 0.670607 0.97034 0.477828 0.656157 0.751108 0.494461 0 0.777439 0.538018 0.65415 0.896603 0.590998 0.797159 0.74715 0.336843 0.695135 0.827878 0.333121 0.536457 0.870867 0.862604 0.686081 0.742643 
0.674726 0.821874 0.716509 0.908178 0.48374 0.55149 0.189527 0.82752 0.448714 0.861103 0.599902 0.909469 0.87213 0.649271 0.710245 0.536322 0.836287 0.540963 1.03493 1.09314 0.650782 0.480654 0.840581 0.678201 0.420752 0.88437 0.602414 0.478742 0.411531 0.313993 0.515483 0.357154 0.639872 0.777439 0 0.473183 0.379681 0.717866 0.730166 0.977362 0.409905 1.03005 0.982358 0.219787 0.552125 0.602203 0.244167 1.02988 0.953688 0.727883 
0.296141 0.501777 0.422722 0.520256 0.103412 0.273404 0.468031 0.382751 0.393727 0.721239 0.532105 0.458896 0.680139 0.461272 0.297273 0.290498 0.513961 0.529904 0.863635 0.620894 0.671259 0.700043 0.380626 0.332631 0.464571 0.427778 0.838786 0.154187 0.460698 0.397333 0.33035 0.683502 0.291681 0.538018 0.473183 0 0.596604 0.50116 0.732257 0.692087 0.221629 0.863166 0.509689 0.62184 0.526654 0.63881 0.60302 0.6774 0.508809 0.791921 
0.694608 0.705512 0.603596 0.839714 0.66673 0.800108 0.560523 0.975204 0.570495 0.682203 0.934122 0.998217 1.01779 0.927593 0.837386 0.557964 1.03848 0.887274 1.16017 1.13305 0.716202 0.62327 0.891164 0.610516 0.470289 0.962476 0.80147 0.625414 0.724048 0.287986 0.7536 0.436043 0.776114 0.65415 0.379681 0.596604 0 0.764129 0.790119 1.16081 0.625128 0.806663 1.05264 0.462646 0.333568 0.260668 0.5634 1.22024 1.07274 0.851422 
0.300964 0.794483 0.729594 0.807577 0.526842 0.567255 0.699018 0.654026 0.871761 1.0754 0.72008 0.787197 1.17338 0.866491 0.379149 0.749461 0.931556 0.72956 1.35728 0.735906 1.1479 1.1221 0.48595 0.441652 0.903135 0.748861 1.26058 0.370435 0.556216 0.748994 0.795969 1.03073 0.771723 0.896603 0.717866 0.50116 0.764129 0 1.21507 1.13592 0.421987 1.1589 0.681039 0.933584 0.825523 0.770776 0.927097 1.05173 0.818 1.27288 
0.989409 0.736696 0.695756 0.798185 0.749194 0.845004 0.798413 0.909365 0.350231 0.571135 0.980317 0.83533 0.408793 0.696253 1.00216 0.495523 0.711062 0.949842 0.454007 1.12478 0.0800743 0.35134 1.00847 0.90953 0.346153 0.833918 0.445871 0.871388 0.981249 0.548749 0.562017 0.517486 0.571328 0.590998 0.730166 0.732257 0.790119 1.21507 0 0.672427 0.870216 0.761138 1.02788 0.624705 0.608592 0.854624 0.638988 0.853125 0.889636 0.168213 
0.900191 0.819039 0.816264 0.747383 0.647068 0.64275 0.923801 0.535048 0.614279 0.931107 0.784502 0.475401 0.272824 0.423079 0.777015 0.638571 0.216666 0.807678 0.377377 0.774215 0.680561 0.848074 0.773369 0.914746 0.746288 0.511354 0.88185 0.802253 0.940635 0.875905 0.469305 1.00247 0.41593 0.797159 0.977362 0.692087 1.16081 1.13592 0.672427 0 0.817824 1.07794 0.674559 0.985657 0.974641 1.19845 0.921651 0.217073 0.447267 0.691288 
0.367412 0.7117 0.626321 0.733032 0.187908 0.219075 0.34165 0.484054 0.521687 0.916664 0.385286 0.627651 0.826429 0.482586 0.317911 0.488761 0.619727 0.376114 1.0148 0.754271 0.802209 0.754127 0.496107 0.470406 0.582824 0.601305 0.867372 0.119662 0.251413 0.487586 0.403441 0.711923 0.466268 0.74715 0.409905 0.221629 0.625128 0.421987 0.870216 0.817824 0 1.06165 0.641579 0.594954 0.667607 0.726597 0.555616 0.784861 0.651463 0.895623 
0.906515 0.422899 0.460119 0.534709 0.950937 1.1171 1.16079 1.03332 0.762488 0.200216 1.36827 0.887024 0.918555 1.14985 1.05519 0.623195 1.06368 1.35344 0.970892 0.99724 0.752955 0.947882 0.934295 0.728726 0.70748 0.861132 1.12802 0.984663 1.27866 0.717016 0.979318 0.930573 0.825247 0.336843 1.03005 0.863166 0.806663 1.1589 0.761138 1.07794 1.06165 0 0.979664 1.05244 0.491008 0.624801 1.1215 1.1606 0.98792 0.926218 
0.444418 0.571099 0.588056 0.446898 0.514335 0.557413 0.950889 0.238644 0.783005 0.908645 0.817073 0.21847 0.801553 0.683617 0.36351 0.616504 0.530674 0.858465 0.948655 0.132234 0.997763 1.12992 0.205505 0.501601 0.878836 0.201235 1.2528 0.546123 0.858262 0.859068 0.656908 1.15998 0.48613 0.695135 0.982358 0.509689 1.05264 0.681039 1.02788 0.674559 0.641579 0.979664 0 1.11922 0.883035 0.996826 1.08849 0.541928 0.230428 1.11389 
0.860278 0.911329 0.811528 1.00451 0.626178 0.68768 0.321724 0.953232 0.440207 0.86892 0.708325 1.0098 0.835061 0.692739 0.885088 0.600499 0.884875 0.643268 0.972932 1.23397 0.549771 0.308772 1.00149 0.841899 0.388749 0.990931 0.409822 0.662711 0.57714 0.373915 0.561502 0.191316 0.706974 0.827878 0.219787 0.62184 0.462646 0.933584 0.624705 0.985657 0.594954 1.05244 1.11922 0 0.601839 0.694772 0.127953 1.07985 1.05375 0.58994 
0.634972 0.420168 0.33383 0.568515 0.615262 0.780719 0.702498 0.845011 0.441117 0.354152 0.98792 0.798254 0.816764 0.861475 0.782946 0.348998 0.888554 0.957169 0.940226 0.950725 0.550824 0.607032 0.762788 0.491265 0.348346 0.764395 0.805219 0.623703 0.846307 0.253344 0.67228 0.516741 0.609089 0.333121 0.552125 0.526654 0.333568 0.825523 0.608592 0.974641 0.667607 0.491008 0.883035 0.601839 0 0.258027 0.680945 1.04836 0.888339 0.72589 
0.657365 0.565065 0.482325 0.713758 0.732597 0.891211 0.765868 0.979021 0.658678 0.554045 1.08234 0.961903 1.0621 1.03512 0.84811 0.559938 1.085 1.04883 1.19435 1.05114 0.792133 0.788501 0.839108 0.519481 0.565161 0.921398 0.982802 0.682981 0.887127 0.399945 0.853352 0.636914 0.804357 0.536457 0.602203 0.63881 0.260668 0.770776 0.854624 1.19845 0.726597 0.624801 0.996826 0.694772 0.258027 0 0.787743 1.24607 1.05072 0.957725 
0.857858 0.945026 0.847931 1.02064 0.586289 0.618796 0.259677 0.90318 0.439009 0.93269 0.605756 0.976388 0.793516 0.601486 0.848867 0.614333 0.816138 0.539055 0.937572 1.20957 0.567423 0.333574 0.981774 0.862824 0.428064 0.961676 0.390517 0.637362 0.508002 0.436651 0.495911 0.296735 0.672086 0.870867 0.244167 0.60302 0.5634 0.927097 0.638988 0.921651 0.555616 1.1215 1.08849 0.127953 0.680945 0.787743 0 1.00975 1.00883 0.583821 
0.832349 0.840813 0.842997 0.741537 0.622533 0.58956 0.95555 0.409391 0.72249 1.03 0.740387 0.387383 0.475248 0.440439 0.675126 0.700569 0.195623 0.781551 0.589502 0.637774 0.849134 0.994826 0.669037 0.880303 0.859312 0.42993 1.0403 0.759068 0.913887 0.949222 0.522169 1.12163 0.447946 0.862604 1.02988 0.6774 1.22024 1.05173 0.853125 0.217073 0.784861 1.1606 0.541928 1.07985 1.04836 1.24607 1.00975 0 0.317355 0.87951 
0.572181 0.610753 0.622639 0.491546 0.487553 0.509594 0.908777 0.190388 0.684276 0.88636 0.750551 0.103232 0.603815 0.529332 0.450732 0.566675 0.322258 0.791218 0.746106 0.332815 0.869544 1.01854 0.373744 0.615573 0.801795 0.141532 1.11764 0.582572 0.845143 0.833809 0.529244 1.0902 0.362888 0.686081 0.953688 0.508809 1.07274 0.818 0.889636 0.447267 0.651463 0.98792 0.230428 1.05375 0.888339 1.05072 1.00883 0.317355 0 0.960085 
1.07029 0.879241 0.829618 0.934446 0.790276 0.858171 0.772855 0.965683 0.406116 0.733764 0.945233 0.919803 0.439264 0.674149 1.05832 0.599173 0.733055 0.909558 0.478557 1.22092 0.184247 0.294164 1.09414 1.01273 0.415829 0.922098 0.314126 0.918018 0.965455 0.616232 0.568045 0.505472 0.635862 0.742643 0.727883 0.791921 0.851422 1.27288 0.168213 0.691288 0.895623 0.926218 1.11389 0.58994 0.72589 0.957725 0.583821 0.87951 0.960085 0 
5
0.763423 0.472284 0.406864 0.61383 0.693753 0.852774 0.766744 0.908407 0.421454 0.277098 1.05107 0.838508 0.753828 0.878947 0.887989 0.379207 0.895285 1.01815 0.852879 1.0254 0.444606 0.540339 0.861875 0.621738 0.31331 0.811207 0.73496 0.733008 0.935597 0.315659 0.689968 0.487505 0.630254 0.333077 0.618088 0.616383 0.435819 0.970825 0.491906 0.947233 0.768453 0.44563 0.955213 0.612583 0.160615 0.391893 0.693093 1.05131 0.927623 0.621017 
0.654521 0.698253 0.697123 0.597378 0.482404 0.472388 0.864879 0.23512 0.646651 0.930645 0.677442 0.222987 0.513367 0.415632 0.506076 0.580595 0.184556 0.718287 0.659248 0.481725 0.818826 0.956832 0.487283 0.705988 0.77756 0.260841 1.03276 0.605319 0.810495 0.835247 0.453626 1.0517 0.334489 0.743134 0.927769 0.527269 1.09211 0.88285 0.835817 0.322196 0.648797 1.05432 0.372843 1.00711 0.923318 1.10253 0.94813 0.182251 0.152705 0.883332 
0.208574 0.594117 0.513313 0.616633 0.215342 0.316588 0.474406 0.456192 0.549944 0.838083 0.537321 0.571409 0.857392 0.582103 0.24867 0.44686 0.656934 0.536732 1.04211 0.652761 0.82962 0.821036 0.380278 0.3126 0.597988 0.535814 0.959385 0.0650088 0.404836 0.47847 0.479995 0.765164 0.464987 0.65696 0.488487 0.179534 0.597178 0.326992 0.895481 0.850765 0.165385 0.961176 0.555689 0.680032 0.599882 0.639993 0.665756 0.807731 0.612895 0.949918 
0.73393 0.615556 0.55109 0.664535 0.461329 0.555499 0.5501 0.661628 0.0868584 0.598067 0.706303 0.63798 0.380304 0.451674 0.725989 0.287135 0.512055 0.679199 0.5306 0.920272 0.233987 0.337803 0.76548 0.689196 0.196417 0.630954 0.465473 0.587929 0.701895 0.367663 0.286193 0.452204 0.330551 0.51878 0.512479 0.455526 0.649866 0.94375 0.292872 0.56085 0.581296 0.793641 0.808983 0.478243 0.51155 0.738188 0.465097 0.689579 0.687132 0.337623 
0.613642 0.256575 0.255186 0.290285 0.530086 0.675073 0.822034 0.585652 0.388148 0.350707 0.927925 0.452659 0.49639 0.670982 0.671246 0.225086 0.572418 0.92399 0.613496 0.673009 0.486675 0.695752 0.587817 0.502688 0.426829 0.434173 0.852784 0.619465 0.904129 0.490203 0.518773 0.743097 0.339728 0.184953 0.757158 0.470984 0.726981 0.898527 0.507919 0.612227 0.687627 0.492626 0.605069 0.798892 0.4386 0.66458 0.816194 0.685707 0.544531 0.647356 
